Spec,RunConfig,UniqueIdentifier,TIMEOUT,ActionType,Result,CONFIG_TXT,INITIAL_BDD_TIME,HEURISTICS_TIME,SECOND_STEP_TIME,PARALLEL_OVERHEAD_TIME,WORK_TIME,TOTAL_TIME,PRE_ROYBDD_ORDER,POST_HEURISTICS_ORDER,POST_SECOND_STEP_ORDER,POST_WORK_ORDER,PRE_ROYBDD_NODE_SIZE,POST_HEURISTICS_NODE_SIZE,POST_SECOND_STEP_NODE_SIZE,POST_WORK_NODE_SIZE,AVERAGE_AUX_SIZE,AVERAGE_SYS_DOM_IN_CONSTRAINT,AVERAGE_ENV_DOM_IN_CONSTRAINT,AVERAGE_SYS_DOM_SIZE,AVERAGE_ENV_DOM_SIZE,AVERAGE_CONSTRAINT_COMPLEXITY,INTERCONNECTNESS_INDEX,TOTAL_REORDER_TIME,REORDER_CALL_AMOUNT,AVERAGE_REORDER_TIME,AVERAGE_REORDER_GAIN,Z_FIXPOINTS,Y_FIXPOINTS,X_FIXPOINTS,W_FIXPOINTS,REAL_CASES,UNREAL_CASES,REAL_TIME,UNREAL_TIME,GRAPH_DATA,CLUSTER_INC_DATA,CLUSTER_VAR_DATA,DOMAIN_GRAPH_DATA,CONSTRAINT_GRAPH_DATA,JUST_STRING_COUNT,JUST_STRING_ENV_COUNT,TRANS_STRING_SYS_COUNT,TRANS_STRING_ENV_COUNT,INI_STRING_ENV_COUNT,INI_STRING_SYS_COUNT,TOTAL_VARS,SYS_VARS,ENV_VARS,AUX_VARS,UNUSED_CONS_VARS,ARRAYS_INSTANCES,TOTAL_DOMS,SYS_DOMS,ENV_DOMS,AUX_DOMS,DOMS_NOT_QUANTIFIED,INI_SYS_CONSTRAINTS,INI_ENV_CONSTRAINTS,TRANS_ENV_CONSTRAINTS,TRANS_SYS_CONSTRAINTS,JUSTICE_SYS_AMOUNT,JUSTICE_ENV_AMOUNT,Z_SAT_COUNT,Z_SAT_COUNT_START_S0,TRANS_ENV_SAT,TRANS_SYS_SAT,JUSTS_SYS_SAT,JUSTS_ENV_SAT,INI_ENV_SAT,INI_SYS_SAT,FACTORY_TYPE,BDDPACKAGE,IMPORT,UNIQUE_PATTERNS,PATTERN_INSTANCES,TRIGGER_INSTANCES,MONITORS_INSTANCES,COUNTERS_INSTANCES,REDUCED_PATTERN,REDUCED_TRIGGER,SWAPPED_TO_ORIGINAL,ADDITIONAL
1670057023,NOTHING,1670057023.spectra,0,REALIZABILITY,SYS_REAL,"TEMP: false, SORT_AFTERWARDS: false, GROUP_OPTION: NO_GROUPING, INCREMENTAL_ADDITION: NO_INCREMENTAL, USE_RABIN: false, GROUP_AUX: NO_GROUPING, STATIC_ORDER: NO_STATIC_ORDERING, ROY_SIFT_MARKER: false, MAKE_LAST: false, MEMORYLESS: true, REORDER_METHOD: SIFT, NEW_PATTERN: false, INCREMENTAL_JUSTICES: NO_INCREMENTAL, REDUCED_ALGORITHM: FALSE, PARALLEL: false, ORIGINAL: false, BUCHI_INTERSECTION: false, NEW_TRIGGER: false, PARTITIONED: SINGLE_FUNC, VERIFICATION: true, CREATE_GRAPH: false",2485,16,476,-1,97003,99980,"[0, 1, 2, 3, 4, 5, 6, 7, 8, 9, 10, 11, 12, 13, 14, 15, 16, 17, 18, 19, 20, 21, 22, 23, 24, 25, 26, 27, 28, 29, 30, 31, 32, 33, 34, 35, 36, 37, 38, 39, 40, 41, 42, 43, 44, 45, 46, 47, 48, 49, 50, 51, 52, 53, 54, 55, 56, 57, 58, 59, 60, 61, 62, 63, 64, 65, 66, 67, 68, 69, 70, 71]","[0, 1, 2, 3, 4, 5, 6, 7, 8, 9, 10, 11, 12, 13, 14, 15, 16, 17, 18, 19, 20, 21, 22, 23, 24, 25, 26, 27, 28, 29, 30, 31, 32, 33, 34, 35, 36, 37, 38, 39, 40, 41, 42, 43, 44, 45, 46, 47, 48, 49, 50, 51, 52, 53, 54, 55, 56, 57, 58, 59, 60, 61, 62, 63, 64, 65, 66, 67, 68, 69, 70, 71]","[57, 5, 56, 55, 2, 3, 0, 1, 4, 15, 12, 17, 14, 16, 13, 29, 54, 26, 27, 24, 28, 25, 53, 52, 64, 65, 63, 11, 61, 8, 6, 9, 36, 7, 10, 35, 20, 18, 38, 21, 23, 22, 19, 40, 37, 39, 62, 34, 66, 67, 68, 69, 70, 71, 59, 41, 58, 60, 33, 30, 31, 32, 51, 44, 50, 49, 48, 43, 42, 46, 47, 45]","[57, 5, 4, 1, 2, 0, 3, 16, 13, 8, 11, 7, 10, 6, 9, 14, 17, 12, 15, 20, 23, 19, 22, 21, 18, 28, 56, 29, 55, 27, 61, 38, 36, 62, 26, 25, 24, 40, 54, 53, 52, 39, 41, 34, 33, 35, 64, 59, 31, 58, 37, 30, 32, 65, 60, 42, 45, 43, 46, 51, 50, 48, 49, 44, 47, 63, 66, 67, 68, 69, 70, 71]",576,576,15020,406422,NOT_IMPLEMENTED,NOT_IMPLEMENTED,NOT_IMPLEMENTED,NOT_IMPLEMENTED,NOT_IMPLEMENTED,NOT_IMPLEMENTED,NOT_IMPLEMENTED,42709,16,2669.3125,-18502,2,80,1202,0,1,0,96987,0,,,,,,,,,,,,72,,,NOT_IMPLEMENTED,,FALSE,32,"$TRIGGER:0.VAR',$TRIGGER:0.VAR,$PATTERN:0.SYS_CONSTRAINT.0.S_responds_to_P_globally.state,$PATTERN:0.SYS_CONSTRAINT.0.S_responds_to_P_globally.state',robotY,robotY',robotX,robotX'","targetAY,targetAY',targetCY,targetCY',targetBX,targetBX',isCBlocked,isCBlocked',isBBlocked,isBBlocked',isABlocked,isABlocked',$PATTERN:1.ENV_CONSTRAINT.1.S_responds_to_P_globally.state,$PATTERN:1.ENV_CONSTRAINT.1.S_responds_to_P_globally.state',targetBY,targetBY',targetAX,targetAX',MObstacleX,MObstacleX',$PATTERN:2.ENV_CONSTRAINT.2.S_responds_to_P_globally.state,$PATTERN:2.ENV_CONSTRAINT.2.S_responds_to_P_globally.state',targetCX,targetCX'",0,,,,,,7,5,4.67092E+21,7.2967E+19,1.83297E+13,5.32813E+18,3.18552E+21,1.12525E+22,3.0146E+18,4.50444E+18,CUDD,"Using BDD Package: CUDDFactory, Version: CUDD 3.0","import ""DwyerPatternsNew.spectra""",S_responds_to_P_globally,3,1,FALSE,FALSE,[],[],,null
1670057023,REDUCED,1670057023.spectra,0,REALIZABILITY,SYS_REAL,"TEMP: false, SORT_AFTERWARDS: false, GROUP_OPTION: NO_GROUPING, INCREMENTAL_ADDITION: NO_INCREMENTAL, USE_RABIN: false, GROUP_AUX: NO_GROUPING, STATIC_ORDER: NO_STATIC_ORDERING, ROY_SIFT_MARKER: false, MAKE_LAST: false, MEMORYLESS: true, REORDER_METHOD: SIFT, NEW_PATTERN: false, INCREMENTAL_JUSTICES: NO_INCREMENTAL, REDUCED_ALGORITHM: FALSE, PARALLEL: false, ORIGINAL: false, BUCHI_INTERSECTION: false, NEW_TRIGGER: true, PARTITIONED: SINGLE_FUNC, VERIFICATION: true, CREATE_GRAPH: false",2255,9,712,-1,84168,87144,"[0, 1, 2, 3, 4, 5, 6, 7, 8, 9, 10, 11, 12, 13, 14, 15, 16, 17, 18, 19, 20, 21, 22, 23, 24, 25, 26, 27, 28, 29, 30, 31, 32, 33, 34, 35, 36, 37, 38, 39, 40, 41, 42, 43, 44, 45, 46, 47, 48, 49, 50, 51, 52, 53, 54, 55, 56, 57, 58, 59, 60, 61, 62, 63, 64, 65, 66, 67, 68, 69]","[0, 1, 2, 3, 4, 5, 6, 7, 8, 9, 10, 11, 12, 13, 14, 15, 16, 17, 18, 19, 20, 21, 22, 23, 24, 25, 26, 27, 28, 29, 30, 31, 32, 33, 34, 35, 36, 37, 38, 39, 40, 41, 42, 43, 44, 45, 46, 47, 48, 49, 50, 51, 52, 53, 54, 55, 56, 57, 58, 59, 60, 61, 62, 63, 64, 65, 66, 67, 68, 69]","[57, 55, 36, 2, 5, 3, 0, 56, 1, 4, 11, 9, 8, 6, 10, 7, 15, 12, 17, 14, 16, 13, 64, 52, 24, 53, 25, 54, 26, 62, 61, 28, 27, 37, 29, 20, 18, 38, 21, 19, 40, 39, 23, 22, 33, 34, 35, 41, 66, 68, 69, 67, 63, 59, 58, 31, 30, 32, 65, 60, 51, 44, 50, 49, 48, 43, 42, 46, 45, 47]","[1, 5, 57, 4, 2, 0, 3, 8, 56, 55, 11, 7, 10, 9, 6, 12, 15, 14, 38, 36, 17, 13, 16, 20, 29, 23, 19, 22, 18, 21, 26, 28, 63, 62, 61, 25, 40, 54, 24, 53, 27, 52, 59, 58, 39, 37, 31, 30, 60, 41, 34, 32, 33, 35, 45, 46, 42, 43, 50, 51, 48, 49, 47, 64, 44, 65, 66, 67, 69, 68]",489,489,14227,361530,NOT_IMPLEMENTED,NOT_IMPLEMENTED,NOT_IMPLEMENTED,NOT_IMPLEMENTED,NOT_IMPLEMENTED,NOT_IMPLEMENTED,NOT_IMPLEMENTED,31385,16,1961.5625,-10794.625,2,78,1133,0,1,0,84152,0,,,,,,,,,,,,70,,,NOT_IMPLEMENTED,,FALSE,32,"$PATTERN:0.SYS_CONSTRAINT.0.S_responds_to_P_globally.state,$PATTERN:0.SYS_CONSTRAINT.0.S_responds_to_P_globally.state',$TRIGGER:0.VAR,robotY,robotY',$TRIGGER:0.VAR',robotX,robotX'","targetCX,targetCX',targetAX,targetAX',targetBY,targetBY',$PATTERN:1.ENV_CONSTRAINT.1.S_responds_to_P_globally.state,$PATTERN:1.ENV_CONSTRAINT.1.S_responds_to_P_globally.state',MObstacleX,MObstacleX',targetBX,targetBX',targetCY,targetCY',targetAY,targetAY',isCBlocked,isCBlocked',isBBlocked,isBBlocked',$PATTERN:2.ENV_CONSTRAINT.2.S_responds_to_P_globally.state,$PATTERN:2.ENV_CONSTRAINT.2.S_responds_to_P_globally.state',isABlocked,isABlocked'",0,,,,,,7,5,1.16563E+21,3.64801E+19,4.58242E+12,1.14481E+18,9.43954E+20,2.81313E+21,7.53649E+17,2.25222E+18,CUDD,"Using BDD Package: CUDDFactory, Version: CUDD 3.0","import ""DwyerPatternsNew.spectra""",S_responds_to_P_globally,3,1,FALSE,FALSE,[],[REMOVED_HOLE],,null
1670057023,REDUCED_GROUPAUX,1670057023.spectra,0,REALIZABILITY,SYS_REAL,"TEMP: false, SORT_AFTERWARDS: false, GROUP_OPTION: NO_GROUPING, INCREMENTAL_ADDITION: NO_INCREMENTAL, USE_RABIN: false, GROUP_AUX: GROUP_PAIR, STATIC_ORDER: NO_STATIC_ORDERING, ROY_SIFT_MARKER: false, MAKE_LAST: false, MEMORYLESS: true, REORDER_METHOD: SIFT, NEW_PATTERN: false, INCREMENTAL_JUSTICES: NO_INCREMENTAL, REDUCED_ALGORITHM: FALSE, PARALLEL: false, ORIGINAL: false, BUCHI_INTERSECTION: false, NEW_TRIGGER: true, PARTITIONED: SINGLE_FUNC, VERIFICATION: true, CREATE_GRAPH: false",2607,31,510,-1,111929,115077,"[0, 1, 2, 3, 4, 5, 6, 7, 8, 9, 10, 11, 12, 13, 14, 15, 16, 17, 18, 19, 20, 21, 22, 23, 24, 25, 26, 27, 28, 29, 30, 31, 32, 33, 34, 35, 36, 37, 38, 39, 40, 41, 42, 43, 44, 45, 46, 47, 48, 49, 50, 51, 52, 53, 54, 55, 56, 57, 58, 59, 60, 61, 62, 63, 64, 65, 66, 67, 68, 69]","[0, 1, 2, 3, 4, 5, 6, 7, 8, 9, 10, 11, 12, 13, 14, 15, 16, 17, 18, 19, 20, 21, 22, 23, 24, 25, 26, 27, 28, 29, 30, 31, 32, 33, 34, 35, 36, 37, 38, 39, 40, 41, 42, 43, 44, 45, 46, 47, 48, 49, 50, 51, 52, 53, 54, 55, 56, 57, 58, 59, 60, 61, 62, 63, 64, 65, 66, 67, 68, 69]","[57, 5, 36, 2, 3, 55, 56, 0, 4, 1, 54, 9, 6, 11, 8, 10, 7, 15, 12, 17, 14, 16, 13, 28, 53, 52, 27, 24, 25, 26, 29, 63, 35, 20, 23, 19, 38, 18, 40, 37, 39, 62, 22, 21, 61, 34, 59, 41, 58, 60, 66, 67, 69, 68, 33, 65, 64, 31, 30, 32, 44, 50, 51, 49, 48, 43, 42, 46, 47, 45]","[2, 5, 57, 4, 1, 0, 3, 8, 11, 7, 10, 6, 9, 14, 17, 16, 13, 12, 15, 20, 23, 19, 22, 18, 21, 56, 29, 55, 61, 38, 36, 62, 26, 25, 24, 40, 54, 53, 52, 28, 27, 60, 34, 33, 35, 46, 59, 41, 39, 37, 63, 45, 64, 65, 31, 58, 30, 32, 42, 43, 47, 50, 51, 44, 48, 49, 66, 67, 68, 69]",490,493,13738,359894,NOT_IMPLEMENTED,NOT_IMPLEMENTED,NOT_IMPLEMENTED,NOT_IMPLEMENTED,NOT_IMPLEMENTED,NOT_IMPLEMENTED,NOT_IMPLEMENTED,55854,16,3490.875,-13660.25,2,78,1133,0,1,0,111920,0,,,,,,,,,,,,70,,,NOT_IMPLEMENTED,,FALSE,32,"robotY,robotY',$TRIGGER:0.VAR',robotX,robotX',$PATTERN:0.SYS_CONSTRAINT.0.S_responds_to_P_globally.state,$PATTERN:0.SYS_CONSTRAINT.0.S_responds_to_P_globally.state',$TRIGGER:0.VAR","targetAX,targetAX',isCBlocked,isCBlocked',targetCX,targetCX',isABlocked,isABlocked',MObstacleX,MObstacleX',isBBlocked,isBBlocked',targetBY,targetBY',targetCY,targetCY',targetBX,targetBX',$PATTERN:1.ENV_CONSTRAINT.1.S_responds_to_P_globally.state,$PATTERN:1.ENV_CONSTRAINT.1.S_responds_to_P_globally.state',targetAY,targetAY',$PATTERN:2.ENV_CONSTRAINT.2.S_responds_to_P_globally.state,$PATTERN:2.ENV_CONSTRAINT.2.S_responds_to_P_globally.state'",0,,,,,,7,5,1.16563E+21,3.64801E+19,4.58242E+12,1.14481E+18,9.43954E+20,2.81313E+21,7.53649E+17,2.25222E+18,CUDD,"Using BDD Package: CUDDFactory, Version: CUDD 3.0","import ""DwyerPatternsNew.spectra""",S_responds_to_P_globally,3,1,FALSE,FALSE,[],[REMOVED_HOLE],,null
1670057023,NOTHING,1670057023.spectra,0,REALIZABILITY,SYS_REAL,"TEMP: false, SORT_AFTERWARDS: false, GROUP_OPTION: NO_GROUPING, INCREMENTAL_ADDITION: NO_INCREMENTAL, USE_RABIN: false, GROUP_AUX: NO_GROUPING, STATIC_ORDER: NO_STATIC_ORDERING, ROY_SIFT_MARKER: false, MAKE_LAST: false, MEMORYLESS: true, REORDER_METHOD: SIFT, NEW_PATTERN: false, INCREMENTAL_JUSTICES: NO_INCREMENTAL, REDUCED_ALGORITHM: FALSE, PARALLEL: false, ORIGINAL: false, BUCHI_INTERSECTION: false, NEW_TRIGGER: false, PARTITIONED: SINGLE_FUNC, VERIFICATION: true, CREATE_GRAPH: false",2220,8,625,-1,136166,139019,"[0, 1, 2, 3, 4, 5, 6, 7, 8, 9, 10, 11, 12, 13, 14, 15, 16, 17, 18, 19, 20, 21, 22, 23, 24, 25, 26, 27, 28, 29, 30, 31, 32, 33, 34, 35, 36, 37, 38, 39, 40, 41, 42, 43, 44, 45, 46, 47, 48, 49, 50, 51, 52, 53, 54, 55, 56, 57, 58, 59, 60, 61, 62, 63, 64, 65, 66, 67, 68, 69, 70, 71]","[0, 1, 2, 3, 4, 5, 6, 7, 8, 9, 10, 11, 12, 13, 14, 15, 16, 17, 18, 19, 20, 21, 22, 23, 24, 25, 26, 27, 28, 29, 30, 31, 32, 33, 34, 35, 36, 37, 38, 39, 40, 41, 42, 43, 44, 45, 46, 47, 48, 49, 50, 51, 52, 53, 54, 55, 56, 57, 58, 59, 60, 61, 62, 63, 64, 65, 66, 67, 68, 69, 70, 71]","[57, 55, 5, 36, 2, 3, 56, 0, 4, 1, 11, 8, 7, 15, 12, 17, 14, 16, 13, 10, 27, 54, 53, 52, 28, 24, 25, 26, 29, 65, 64, 62, 9, 61, 6, 20, 18, 38, 21, 19, 40, 22, 23, 37, 39, 63, 34, 59, 41, 58, 60, 33, 35, 30, 31, 32, 51, 66, 67, 68, 69, 70, 71, 44, 50, 49, 48, 43, 42, 46, 47, 45]","[64, 1, 2, 5, 57, 4, 56, 55, 0, 3, 8, 11, 7, 10, 6, 9, 12, 15, 14, 17, 13, 16, 38, 36, 20, 23, 19, 22, 21, 18, 26, 29, 28, 61, 62, 25, 54, 24, 40, 53, 27, 39, 37, 31, 30, 32, 52, 59, 58, 65, 60, 34, 41, 33, 35, 63, 46, 45, 43, 42, 47, 51, 50, 48, 49, 44, 66, 67, 68, 69, 70, 71]",580,580,15284,356040,NOT_IMPLEMENTED,NOT_IMPLEMENTED,NOT_IMPLEMENTED,NOT_IMPLEMENTED,NOT_IMPLEMENTED,NOT_IMPLEMENTED,NOT_IMPLEMENTED,75872,16,4742,-13512.75,2,80,1202,0,1,0,136152,0,,,,,,,,,,,,72,,,NOT_IMPLEMENTED,,FALSE,32,"robotX,robotX',robotY,robotY',$TRIGGER:0.VAR',$PATTERN:0.SYS_CONSTRAINT.0.S_responds_to_P_globally.state,$PATTERN:0.SYS_CONSTRAINT.0.S_responds_to_P_globally.state',$TRIGGER:0.VAR","$PATTERN:1.ENV_CONSTRAINT.1.S_responds_to_P_globally.state,$PATTERN:1.ENV_CONSTRAINT.1.S_responds_to_P_globally.state',targetCY,targetCY',targetBX,targetBX',$PATTERN:2.ENV_CONSTRAINT.2.S_responds_to_P_globally.state,$PATTERN:2.ENV_CONSTRAINT.2.S_responds_to_P_globally.state',targetAY,targetAY',isABlocked,isABlocked',targetCX,targetCX',isCBlocked,isCBlocked',targetAX,targetAX',isBBlocked,isBBlocked',MObstacleX,MObstacleX',targetBY,targetBY'",0,,,,,,7,5,4.67092E+21,7.2967E+19,1.83297E+13,5.32813E+18,3.18552E+21,1.12525E+22,3.0146E+18,4.50444E+18,CUDD,"Using BDD Package: CUDDFactory, Version: CUDD 3.0","import ""DwyerPatternsNew.spectra""",S_responds_to_P_globally,3,1,FALSE,FALSE,[],[],,null
1670057023,REDUCED,1670057023.spectra,0,REALIZABILITY,SYS_REAL,"TEMP: false, SORT_AFTERWARDS: false, GROUP_OPTION: NO_GROUPING, INCREMENTAL_ADDITION: NO_INCREMENTAL, USE_RABIN: false, GROUP_AUX: NO_GROUPING, STATIC_ORDER: NO_STATIC_ORDERING, ROY_SIFT_MARKER: false, MAKE_LAST: false, MEMORYLESS: true, REORDER_METHOD: SIFT, NEW_PATTERN: false, INCREMENTAL_JUSTICES: NO_INCREMENTAL, REDUCED_ALGORITHM: FALSE, PARALLEL: false, ORIGINAL: false, BUCHI_INTERSECTION: false, NEW_TRIGGER: true, PARTITIONED: SINGLE_FUNC, VERIFICATION: true, CREATE_GRAPH: false",2366,16,552,-1,130194,133128,"[0, 1, 2, 3, 4, 5, 6, 7, 8, 9, 10, 11, 12, 13, 14, 15, 16, 17, 18, 19, 20, 21, 22, 23, 24, 25, 26, 27, 28, 29, 30, 31, 32, 33, 34, 35, 36, 37, 38, 39, 40, 41, 42, 43, 44, 45, 46, 47, 48, 49, 50, 51, 52, 53, 54, 55, 56, 57, 58, 59, 60, 61, 62, 63, 64, 65, 66, 67, 68, 69]","[0, 1, 2, 3, 4, 5, 6, 7, 8, 9, 10, 11, 12, 13, 14, 15, 16, 17, 18, 19, 20, 21, 22, 23, 24, 25, 26, 27, 28, 29, 30, 31, 32, 33, 34, 35, 36, 37, 38, 39, 40, 41, 42, 43, 44, 45, 46, 47, 48, 49, 50, 51, 52, 53, 54, 55, 56, 57, 58, 59, 60, 61, 62, 63, 64, 65, 66, 67, 68, 69]","[57, 5, 36, 2, 3, 55, 56, 0, 4, 1, 54, 9, 6, 11, 8, 10, 7, 15, 12, 17, 14, 16, 13, 28, 53, 25, 52, 68, 69, 24, 27, 29, 26, 64, 65, 61, 20, 18, 38, 21, 62, 19, 40, 34, 66, 67, 59, 37, 39, 41, 58, 60, 22, 23, 33, 35, 63, 31, 30, 32, 51, 44, 50, 49, 48, 43, 42, 46, 47, 45]","[68, 69, 64, 66, 67, 1, 2, 0, 57, 55, 3, 5, 56, 4, 8, 11, 7, 10, 6, 9, 63, 54, 53, 61, 60, 59, 58, 36, 40, 38, 52, 26, 14, 25, 13, 24, 65, 27, 29, 28, 17, 12, 62, 15, 34, 33, 41, 35, 37, 16, 22, 21, 39, 19, 23, 18, 20, 45, 31, 30, 32, 42, 43, 46, 47, 51, 50, 44, 49, 48]",488,488,17911,394095,NOT_IMPLEMENTED,NOT_IMPLEMENTED,NOT_IMPLEMENTED,NOT_IMPLEMENTED,NOT_IMPLEMENTED,NOT_IMPLEMENTED,NOT_IMPLEMENTED,73020,17,4295.294118,-13501.41176,2,78,1133,0,1,0,130183,0,,,,,,,,,,,,70,,,NOT_IMPLEMENTED,,FALSE,32,"$PATTERN:0.SYS_CONSTRAINT.0.S_responds_to_P_globally.state,$PATTERN:0.SYS_CONSTRAINT.0.S_responds_to_P_globally.state',$TRIGGER:0.VAR,robotY,robotY',$TRIGGER:0.VAR',robotX,robotX'","targetCX,targetCX',targetAX,targetAX',targetBY,targetBY',$PATTERN:1.ENV_CONSTRAINT.1.S_responds_to_P_globally.state,$PATTERN:1.ENV_CONSTRAINT.1.S_responds_to_P_globally.state',MObstacleX,MObstacleX',targetBX,targetBX',targetCY,targetCY',targetAY,targetAY',isCBlocked,isCBlocked',isBBlocked,isBBlocked',$PATTERN:2.ENV_CONSTRAINT.2.S_responds_to_P_globally.state,$PATTERN:2.ENV_CONSTRAINT.2.S_responds_to_P_globally.state',isABlocked,isABlocked'",0,,,,,,7,5,1.16563E+21,3.64801E+19,4.58242E+12,1.14481E+18,9.43954E+20,2.81313E+21,7.53649E+17,2.25222E+18,CUDD,"Using BDD Package: CUDDFactory, Version: CUDD 3.0","import ""DwyerPatternsNew.spectra""",S_responds_to_P_globally,3,1,FALSE,FALSE,[],[REMOVED_HOLE],,null
1670057023,REDUCED_GROUPAUX,1670057023.spectra,0,REALIZABILITY,SYS_REAL,"TEMP: false, SORT_AFTERWARDS: false, GROUP_OPTION: NO_GROUPING, INCREMENTAL_ADDITION: NO_INCREMENTAL, USE_RABIN: false, GROUP_AUX: GROUP_PAIR, STATIC_ORDER: NO_STATIC_ORDERING, ROY_SIFT_MARKER: false, MAKE_LAST: false, MEMORYLESS: true, REORDER_METHOD: SIFT, NEW_PATTERN: false, INCREMENTAL_JUSTICES: NO_INCREMENTAL, REDUCED_ALGORITHM: FALSE, PARALLEL: false, ORIGINAL: false, BUCHI_INTERSECTION: false, NEW_TRIGGER: true, PARTITIONED: SINGLE_FUNC, VERIFICATION: true, CREATE_GRAPH: false",2688,13,572,-1,109664,112937,"[0, 1, 2, 3, 4, 5, 6, 7, 8, 9, 10, 11, 12, 13, 14, 15, 16, 17, 18, 19, 20, 21, 22, 23, 24, 25, 26, 27, 28, 29, 30, 31, 32, 33, 34, 35, 36, 37, 38, 39, 40, 41, 42, 43, 44, 45, 46, 47, 48, 49, 50, 51, 52, 53, 54, 55, 56, 57, 58, 59, 60, 61, 62, 63, 64, 65, 66, 67, 68, 69]","[0, 1, 2, 3, 4, 5, 6, 7, 8, 9, 10, 11, 12, 13, 14, 15, 16, 17, 18, 19, 20, 21, 22, 23, 24, 25, 26, 27, 28, 29, 30, 31, 32, 33, 34, 35, 36, 37, 38, 39, 40, 41, 42, 43, 44, 45, 46, 47, 48, 49, 50, 51, 52, 53, 54, 55, 56, 57, 58, 59, 60, 61, 62, 63, 64, 65, 66, 67, 68, 69]","[57, 5, 36, 2, 3, 55, 56, 0, 4, 1, 54, 9, 6, 11, 8, 10, 7, 15, 12, 17, 14, 16, 13, 29, 26, 28, 25, 53, 52, 24, 27, 18, 61, 21, 62, 22, 34, 38, 59, 58, 37, 41, 39, 60, 66, 67, 69, 68, 23, 19, 20, 40, 33, 35, 63, 65, 64, 31, 30, 32, 44, 50, 51, 49, 48, 43, 42, 46, 47, 45]","[68, 69, 67, 66, 53, 54, 2, 57, 56, 5, 1, 4, 0, 55, 3, 8, 63, 11, 7, 6, 61, 62, 10, 9, 60, 59, 58, 36, 40, 38, 52, 14, 17, 25, 28, 16, 13, 24, 27, 15, 12, 34, 22, 39, 21, 33, 19, 18, 23, 20, 29, 41, 35, 37, 64, 65, 31, 30, 26, 32, 45, 46, 47, 42, 43, 50, 51, 48, 49, 44]",488,491,14328,453575,NOT_IMPLEMENTED,NOT_IMPLEMENTED,NOT_IMPLEMENTED,NOT_IMPLEMENTED,NOT_IMPLEMENTED,NOT_IMPLEMENTED,NOT_IMPLEMENTED,57235,16,3577.1875,-12395.6875,2,78,1133,0,1,0,109650,0,,,,,,,,,,,,70,,,NOT_IMPLEMENTED,,FALSE,32,"robotY,robotY',$TRIGGER:0.VAR',robotX,robotX',$PATTERN:0.SYS_CONSTRAINT.0.S_responds_to_P_globally.state,$PATTERN:0.SYS_CONSTRAINT.0.S_responds_to_P_globally.state',$TRIGGER:0.VAR","targetAX,targetAX',isCBlocked,isCBlocked',targetCX,targetCX',isABlocked,isABlocked',MObstacleX,MObstacleX',isBBlocked,isBBlocked',targetBY,targetBY',targetCY,targetCY',targetBX,targetBX',$PATTERN:1.ENV_CONSTRAINT.1.S_responds_to_P_globally.state,$PATTERN:1.ENV_CONSTRAINT.1.S_responds_to_P_globally.state',targetAY,targetAY',$PATTERN:2.ENV_CONSTRAINT.2.S_responds_to_P_globally.state,$PATTERN:2.ENV_CONSTRAINT.2.S_responds_to_P_globally.state'",0,,,,,,7,5,1.16563E+21,3.64801E+19,4.58242E+12,1.14481E+18,9.43954E+20,2.81313E+21,7.53649E+17,2.25222E+18,CUDD,"Using BDD Package: CUDDFactory, Version: CUDD 3.0","import ""DwyerPatternsNew.spectra""",S_responds_to_P_globally,3,1,FALSE,FALSE,[],[REMOVED_HOLE],,null
1670057023,NOTHING,1670057023.spectra,0,REALIZABILITY,SYS_REAL,"TEMP: false, SORT_AFTERWARDS: false, GROUP_OPTION: NO_GROUPING, INCREMENTAL_ADDITION: NO_INCREMENTAL, USE_RABIN: false, GROUP_AUX: NO_GROUPING, STATIC_ORDER: NO_STATIC_ORDERING, ROY_SIFT_MARKER: false, MAKE_LAST: false, MEMORYLESS: true, REORDER_METHOD: SIFT, NEW_PATTERN: false, INCREMENTAL_JUSTICES: NO_INCREMENTAL, REDUCED_ALGORITHM: FALSE, PARALLEL: false, ORIGINAL: false, BUCHI_INTERSECTION: false, NEW_TRIGGER: false, PARTITIONED: SINGLE_FUNC, VERIFICATION: true, CREATE_GRAPH: false",2406,15,603,-1,135107,138131,"[0, 1, 2, 3, 4, 5, 6, 7, 8, 9, 10, 11, 12, 13, 14, 15, 16, 17, 18, 19, 20, 21, 22, 23, 24, 25, 26, 27, 28, 29, 30, 31, 32, 33, 34, 35, 36, 37, 38, 39, 40, 41, 42, 43, 44, 45, 46, 47, 48, 49, 50, 51, 52, 53, 54, 55, 56, 57, 58, 59, 60, 61, 62, 63, 64, 65, 66, 67, 68, 69, 70, 71]","[0, 1, 2, 3, 4, 5, 6, 7, 8, 9, 10, 11, 12, 13, 14, 15, 16, 17, 18, 19, 20, 21, 22, 23, 24, 25, 26, 27, 28, 29, 30, 31, 32, 33, 34, 35, 36, 37, 38, 39, 40, 41, 42, 43, 44, 45, 46, 47, 48, 49, 50, 51, 52, 53, 54, 55, 56, 57, 58, 59, 60, 61, 62, 63, 64, 65, 66, 67, 68, 69, 70, 71]","[57, 56, 36, 2, 1, 4, 5, 55, 3, 0, 11, 8, 9, 6, 15, 12, 17, 14, 16, 13, 27, 24, 29, 52, 53, 28, 54, 25, 65, 64, 10, 7, 26, 20, 63, 23, 61, 18, 38, 21, 22, 19, 40, 37, 39, 62, 34, 59, 41, 58, 60, 33, 35, 30, 31, 32, 51, 66, 67, 68, 69, 70, 71, 44, 50, 49, 48, 43, 42, 46, 47, 45]","[5, 57, 4, 64, 1, 2, 0, 3, 8, 11, 7, 10, 6, 9, 16, 13, 14, 17, 12, 38, 36, 15, 20, 23, 19, 22, 21, 18, 56, 29, 28, 55, 61, 62, 26, 25, 54, 24, 40, 53, 27, 39, 37, 31, 30, 32, 52, 59, 58, 65, 60, 34, 41, 33, 35, 63, 46, 45, 43, 42, 47, 51, 50, 48, 49, 44, 66, 67, 68, 69, 70, 71]",575,575,15960,357521,NOT_IMPLEMENTED,NOT_IMPLEMENTED,NOT_IMPLEMENTED,NOT_IMPLEMENTED,NOT_IMPLEMENTED,NOT_IMPLEMENTED,NOT_IMPLEMENTED,75332,16,4708.25,-13108.25,2,80,1202,0,1,0,135095,0,,,,,,,,,,,,72,,,NOT_IMPLEMENTED,,FALSE,32,"robotX,robotX',robotY,robotY',$TRIGGER:0.VAR',$PATTERN:0.SYS_CONSTRAINT.0.S_responds_to_P_globally.state,$PATTERN:0.SYS_CONSTRAINT.0.S_responds_to_P_globally.state',$TRIGGER:0.VAR","$PATTERN:1.ENV_CONSTRAINT.1.S_responds_to_P_globally.state,$PATTERN:1.ENV_CONSTRAINT.1.S_responds_to_P_globally.state',targetCY,targetCY',targetBX,targetBX',$PATTERN:2.ENV_CONSTRAINT.2.S_responds_to_P_globally.state,$PATTERN:2.ENV_CONSTRAINT.2.S_responds_to_P_globally.state',targetAY,targetAY',isABlocked,isABlocked',targetCX,targetCX',isCBlocked,isCBlocked',targetAX,targetAX',isBBlocked,isBBlocked',MObstacleX,MObstacleX',targetBY,targetBY'",0,,,,,,7,5,4.67092E+21,7.2967E+19,1.83297E+13,5.32813E+18,3.18552E+21,1.12525E+22,3.0146E+18,4.50444E+18,CUDD,"Using BDD Package: CUDDFactory, Version: CUDD 3.0","import ""DwyerPatternsNew.spectra""",S_responds_to_P_globally,3,1,FALSE,FALSE,[],[],,null
1670057023,REDUCED,1670057023.spectra,0,REALIZABILITY,SYS_REAL,"TEMP: false, SORT_AFTERWARDS: false, GROUP_OPTION: NO_GROUPING, INCREMENTAL_ADDITION: NO_INCREMENTAL, USE_RABIN: false, GROUP_AUX: NO_GROUPING, STATIC_ORDER: NO_STATIC_ORDERING, ROY_SIFT_MARKER: false, MAKE_LAST: false, MEMORYLESS: true, REORDER_METHOD: SIFT, NEW_PATTERN: false, INCREMENTAL_JUSTICES: NO_INCREMENTAL, REDUCED_ALGORITHM: FALSE, PARALLEL: false, ORIGINAL: false, BUCHI_INTERSECTION: false, NEW_TRIGGER: true, PARTITIONED: SINGLE_FUNC, VERIFICATION: true, CREATE_GRAPH: false",2663,31,743,-1,107547,110984,"[0, 1, 2, 3, 4, 5, 6, 7, 8, 9, 10, 11, 12, 13, 14, 15, 16, 17, 18, 19, 20, 21, 22, 23, 24, 25, 26, 27, 28, 29, 30, 31, 32, 33, 34, 35, 36, 37, 38, 39, 40, 41, 42, 43, 44, 45, 46, 47, 48, 49, 50, 51, 52, 53, 54, 55, 56, 57, 58, 59, 60, 61, 62, 63, 64, 65, 66, 67, 68, 69]","[0, 1, 2, 3, 4, 5, 6, 7, 8, 9, 10, 11, 12, 13, 14, 15, 16, 17, 18, 19, 20, 21, 22, 23, 24, 25, 26, 27, 28, 29, 30, 31, 32, 33, 34, 35, 36, 37, 38, 39, 40, 41, 42, 43, 44, 45, 46, 47, 48, 49, 50, 51, 52, 53, 54, 55, 56, 57, 58, 59, 60, 61, 62, 63, 64, 65, 66, 67, 68, 69]","[57, 55, 36, 2, 5, 3, 0, 56, 1, 4, 11, 9, 8, 6, 10, 7, 15, 12, 17, 14, 16, 13, 54, 64, 26, 24, 52, 53, 25, 62, 28, 27, 29, 20, 61, 37, 18, 38, 21, 19, 40, 39, 22, 23, 33, 34, 41, 35, 65, 66, 68, 69, 67, 63, 59, 58, 31, 32, 30, 60, 51, 44, 50, 49, 48, 43, 42, 46, 45, 47]","[1, 2, 5, 0, 57, 3, 55, 4, 8, 56, 11, 7, 10, 9, 6, 12, 63, 62, 61, 15, 14, 17, 13, 29, 16, 20, 23, 19, 22, 18, 21, 26, 27, 24, 25, 54, 40, 38, 36, 53, 28, 39, 37, 33, 31, 30, 41, 34, 35, 32, 52, 59, 58, 60, 45, 46, 42, 43, 50, 51, 47, 64, 48, 49, 44, 65, 66, 67, 69, 68]",489,489,14089,357311,NOT_IMPLEMENTED,NOT_IMPLEMENTED,NOT_IMPLEMENTED,NOT_IMPLEMENTED,NOT_IMPLEMENTED,NOT_IMPLEMENTED,NOT_IMPLEMENTED,37292,16,2330.75,-10513.9375,2,78,1133,0,1,0,107532,0,,,,,,,,,,,,70,,,NOT_IMPLEMENTED,,FALSE,32,"robotY,robotY',$TRIGGER:0.VAR',robotX,robotX',$PATTERN:0.SYS_CONSTRAINT.0.S_responds_to_P_globally.state,$PATTERN:0.SYS_CONSTRAINT.0.S_responds_to_P_globally.state',$TRIGGER:0.VAR","targetAX,targetAX',isCBlocked,isCBlocked',targetCX,targetCX',isABlocked,isABlocked',MObstacleX,MObstacleX',isBBlocked,isBBlocked',targetBY,targetBY',targetCY,targetCY',targetBX,targetBX',$PATTERN:1.ENV_CONSTRAINT.1.S_responds_to_P_globally.state,$PATTERN:1.ENV_CONSTRAINT.1.S_responds_to_P_globally.state',targetAY,targetAY',$PATTERN:2.ENV_CONSTRAINT.2.S_responds_to_P_globally.state,$PATTERN:2.ENV_CONSTRAINT.2.S_responds_to_P_globally.state'",0,,,,,,7,5,1.16563E+21,3.64801E+19,4.58242E+12,1.14481E+18,9.43954E+20,2.81313E+21,7.53649E+17,2.25222E+18,CUDD,"Using BDD Package: CUDDFactory, Version: CUDD 3.0","import ""DwyerPatternsNew.spectra""",S_responds_to_P_globally,3,1,FALSE,FALSE,[],[REMOVED_HOLE],,null
1670057023,REDUCED_GROUPAUX,1670057023.spectra,0,REALIZABILITY,SYS_REAL,"TEMP: false, SORT_AFTERWARDS: false, GROUP_OPTION: NO_GROUPING, INCREMENTAL_ADDITION: NO_INCREMENTAL, USE_RABIN: false, GROUP_AUX: GROUP_PAIR, STATIC_ORDER: NO_STATIC_ORDERING, ROY_SIFT_MARKER: false, MAKE_LAST: false, MEMORYLESS: true, REORDER_METHOD: SIFT, NEW_PATTERN: false, INCREMENTAL_JUSTICES: NO_INCREMENTAL, REDUCED_ALGORITHM: FALSE, PARALLEL: false, ORIGINAL: false, BUCHI_INTERSECTION: false, NEW_TRIGGER: true, PARTITIONED: SINGLE_FUNC, VERIFICATION: true, CREATE_GRAPH: false",2505,42,562,-1,110627,113751,"[0, 1, 2, 3, 4, 5, 6, 7, 8, 9, 10, 11, 12, 13, 14, 15, 16, 17, 18, 19, 20, 21, 22, 23, 24, 25, 26, 27, 28, 29, 30, 31, 32, 33, 34, 35, 36, 37, 38, 39, 40, 41, 42, 43, 44, 45, 46, 47, 48, 49, 50, 51, 52, 53, 54, 55, 56, 57, 58, 59, 60, 61, 62, 63, 64, 65, 66, 67, 68, 69]","[0, 1, 2, 3, 4, 5, 6, 7, 8, 9, 10, 11, 12, 13, 14, 15, 16, 17, 18, 19, 20, 21, 22, 23, 24, 25, 26, 27, 28, 29, 30, 31, 32, 33, 34, 35, 36, 37, 38, 39, 40, 41, 42, 43, 44, 45, 46, 47, 48, 49, 50, 51, 52, 53, 54, 55, 56, 57, 58, 59, 60, 61, 62, 63, 64, 65, 66, 67, 68, 69]","[57, 5, 36, 2, 3, 55, 56, 0, 4, 1, 54, 9, 6, 11, 8, 10, 7, 15, 12, 17, 14, 16, 13, 29, 26, 28, 25, 53, 52, 24, 27, 18, 61, 21, 62, 22, 34, 38, 59, 58, 37, 41, 39, 60, 66, 67, 69, 68, 23, 19, 20, 40, 33, 35, 63, 65, 64, 31, 30, 32, 44, 50, 51, 49, 48, 43, 42, 46, 47, 45]","[68, 69, 67, 66, 53, 54, 2, 57, 56, 5, 1, 4, 0, 55, 3, 8, 63, 11, 7, 6, 61, 62, 10, 9, 60, 59, 58, 36, 40, 38, 52, 14, 17, 25, 28, 16, 13, 24, 27, 15, 12, 34, 22, 39, 21, 33, 19, 18, 23, 20, 29, 41, 35, 37, 64, 65, 31, 30, 26, 32, 45, 46, 47, 42, 43, 50, 51, 48, 49, 44]",488,491,14328,453575,NOT_IMPLEMENTED,NOT_IMPLEMENTED,NOT_IMPLEMENTED,NOT_IMPLEMENTED,NOT_IMPLEMENTED,NOT_IMPLEMENTED,NOT_IMPLEMENTED,57909,16,3619.3125,-12395.6875,2,78,1133,0,1,0,110627,0,,,,,,,,,,,,70,,,NOT_IMPLEMENTED,,FALSE,32,"robotY,robotY',$TRIGGER:0.VAR',robotX,robotX',$PATTERN:0.SYS_CONSTRAINT.0.S_responds_to_P_globally.state,$PATTERN:0.SYS_CONSTRAINT.0.S_responds_to_P_globally.state',$TRIGGER:0.VAR","targetAX,targetAX',isCBlocked,isCBlocked',targetCX,targetCX',isABlocked,isABlocked',MObstacleX,MObstacleX',isBBlocked,isBBlocked',targetBY,targetBY',targetCY,targetCY',targetBX,targetBX',$PATTERN:1.ENV_CONSTRAINT.1.S_responds_to_P_globally.state,$PATTERN:1.ENV_CONSTRAINT.1.S_responds_to_P_globally.state',targetAY,targetAY',$PATTERN:2.ENV_CONSTRAINT.2.S_responds_to_P_globally.state,$PATTERN:2.ENV_CONSTRAINT.2.S_responds_to_P_globally.state'",0,,,,,,7,5,1.16563E+21,3.64801E+19,4.58242E+12,1.14481E+18,9.43954E+20,2.81313E+21,7.53649E+17,2.25222E+18,CUDD,"Using BDD Package: CUDDFactory, Version: CUDD 3.0","import ""DwyerPatternsNew.spectra""",S_responds_to_P_globally,3,1,FALSE,FALSE,[],[REMOVED_HOLE],,null
1669645171,NOTHING,1669645171.spectra,0,REALIZABILITY,SYS_UNREAL,"TEMP: false, SORT_AFTERWARDS: false, GROUP_OPTION: NO_GROUPING, INCREMENTAL_ADDITION: NO_INCREMENTAL, USE_RABIN: false, GROUP_AUX: NO_GROUPING, STATIC_ORDER: NO_STATIC_ORDERING, ROY_SIFT_MARKER: false, MAKE_LAST: false, MEMORYLESS: true, REORDER_METHOD: SIFT, NEW_PATTERN: false, INCREMENTAL_JUSTICES: NO_INCREMENTAL, REDUCED_ALGORITHM: FALSE, PARALLEL: false, ORIGINAL: false, BUCHI_INTERSECTION: false, NEW_TRIGGER: false, PARTITIONED: SINGLE_FUNC, VERIFICATION: true, CREATE_GRAPH: false",2359,16,500,-1,60141,63016,"[0, 1, 2, 3, 4, 5, 6, 7, 8, 9, 10, 11, 12, 13, 14, 15, 16, 17, 18, 19, 20, 21, 22, 23, 24, 25, 26, 27, 28, 29, 30, 31, 32, 33, 34, 35, 36, 37, 38, 39, 40, 41, 42, 43, 44, 45, 46, 47, 48, 49, 50, 51, 52, 53, 54, 55, 56, 57, 58, 59, 60, 61, 62, 63, 64, 65, 66, 67, 68, 69, 70, 71, 72, 73, 74, 75]","[0, 1, 2, 3, 4, 5, 6, 7, 8, 9, 10, 11, 12, 13, 14, 15, 16, 17, 18, 19, 20, 21, 22, 23, 24, 25, 26, 27, 28, 29, 30, 31, 32, 33, 34, 35, 36, 37, 38, 39, 40, 41, 42, 43, 44, 45, 46, 47, 48, 49, 50, 51, 52, 53, 54, 55, 56, 57, 58, 59, 60, 61, 62, 63, 64, 65, 66, 67, 68, 69, 70, 71, 72, 73, 74, 75]","[36, 2, 63, 5, 62, 4, 61, 1, 40, 0, 3, 11, 38, 8, 9, 6, 10, 7, 15, 12, 17, 14, 16, 13, 27, 24, 60, 59, 58, 28, 25, 29, 67, 68, 69, 23, 20, 21, 18, 22, 19, 65, 37, 39, 31, 41, 64, 66, 70, 71, 72, 73, 74, 75, 26, 32, 30, 33, 34, 35, 57, 55, 56, 54, 44, 43, 42, 46, 45, 47, 50, 49, 48, 53, 52, 51]","[63, 5, 4, 38, 36, 1, 2, 62, 61, 0, 3, 8, 11, 7, 10, 6, 9, 14, 17, 12, 15, 13, 16, 19, 22, 18, 21, 20, 26, 29, 28, 25, 24, 27, 68, 67, 30, 40, 31, 32, 59, 60, 58, 69, 23, 66, 65, 39, 64, 33, 34, 35, 41, 37, 46, 45, 47, 56, 43, 57, 54, 44, 72, 71, 70, 73, 74, 75, 42, 55, 50, 48, 49, 51, 52, 53]",612,612,11412,233265,NOT_IMPLEMENTED,NOT_IMPLEMENTED,NOT_IMPLEMENTED,NOT_IMPLEMENTED,NOT_IMPLEMENTED,NOT_IMPLEMENTED,NOT_IMPLEMENTED,19983,16,1248.9375,-18628.4375,2,61,2240,0,0,0,0,0,,,,,,,,,,,,76,,,NOT_IMPLEMENTED,,FALSE,32,"$TRIGGER:0.VAR,robotY,robotY',$TRIGGER:0.VAR',robotX,robotX'","$PATTERN:1.ENV_CONSTRAINT.1.S_responds_to_P_globally.state,$PATTERN:1.ENV_CONSTRAINT.1.S_responds_to_P_globally.state',MObstacleX,MObstacleX',isCBlocked,isCBlocked',targetBY,targetBY',targetCY,targetCY',isABlocked,isABlocked',isBBlocked,isBBlocked',targetBX,targetBX',targetAY,targetAY',MObstacleY,MObstacleY',targetAX,targetAX',targetCX,targetCX',$PATTERN:0.ENV_CONSTRAINT.0.S_responds_to_P_globally.state,$PATTERN:0.ENV_CONSTRAINT.0.S_responds_to_P_globally.state'",0,,,,,,6,10,0,0,2.47667E+13,1.80134E+20,1.31894E+22,3.12266E+23,8.18248E+17,1.4189E+20,CUDD,"Using BDD Package: CUDDFactory, Version: CUDD 3.0","import ""DwyerPatternsNew.spectra""",S_responds_to_P_globally,2,1,FALSE,FALSE,[],[],,null
1669645171,REDUCED,1669645171.spectra,0,REALIZABILITY,SYS_UNREAL,"TEMP: false, SORT_AFTERWARDS: false, GROUP_OPTION: NO_GROUPING, INCREMENTAL_ADDITION: NO_INCREMENTAL, USE_RABIN: false, GROUP_AUX: NO_GROUPING, STATIC_ORDER: NO_STATIC_ORDERING, ROY_SIFT_MARKER: false, MAKE_LAST: false, MEMORYLESS: true, REORDER_METHOD: SIFT, NEW_PATTERN: false, INCREMENTAL_JUSTICES: NO_INCREMENTAL, REDUCED_ALGORITHM: FALSE, PARALLEL: false, ORIGINAL: false, BUCHI_INTERSECTION: false, NEW_TRIGGER: true, PARTITIONED: SINGLE_FUNC, VERIFICATION: true, CREATE_GRAPH: false",2468,16,453,-1,79705,82642,"[0, 1, 2, 3, 4, 5, 6, 7, 8, 9, 10, 11, 12, 13, 14, 15, 16, 17, 18, 19, 20, 21, 22, 23, 24, 25, 26, 27, 28, 29, 30, 31, 32, 33, 34, 35, 36, 37, 38, 39, 40, 41, 42, 43, 44, 45, 46, 47, 48, 49, 50, 51, 52, 53, 54, 55, 56, 57, 58, 59, 60, 61, 62, 63, 64, 65, 66, 67, 68, 69, 70, 71, 72, 73]","[0, 1, 2, 3, 4, 5, 6, 7, 8, 9, 10, 11, 12, 13, 14, 15, 16, 17, 18, 19, 20, 21, 22, 23, 24, 25, 26, 27, 28, 29, 30, 31, 32, 33, 34, 35, 36, 37, 38, 39, 40, 41, 42, 43, 44, 45, 46, 47, 48, 49, 50, 51, 52, 53, 54, 55, 56, 57, 58, 59, 60, 61, 62, 63, 64, 65, 66, 67, 68, 69, 70, 71, 72, 73]","[63, 36, 2, 5, 62, 4, 61, 1, 40, 0, 3, 38, 12, 15, 17, 14, 16, 13, 24, 27, 25, 28, 29, 26, 59, 58, 60, 72, 73, 71, 70, 8, 11, 67, 9, 6, 10, 68, 7, 18, 64, 30, 66, 65, 37, 41, 39, 31, 69, 22, 21, 23, 32, 19, 20, 33, 34, 35, 57, 55, 54, 56, 44, 43, 42, 46, 45, 47, 50, 48, 49, 53, 51, 52]","[40, 38, 36, 63, 5, 4, 1, 2, 62, 72, 73, 0, 61, 3, 13, 16, 14, 17, 12, 15, 26, 29, 25, 28, 24, 27, 71, 70, 60, 59, 58, 66, 65, 69, 64, 68, 67, 21, 18, 19, 22, 39, 23, 6, 37, 30, 10, 34, 41, 20, 32, 31, 8, 7, 33, 35, 9, 11, 57, 55, 54, 56, 45, 42, 43, 44, 46, 47, 50, 48, 49, 53, 51, 52]",521,521,9061,630280,NOT_IMPLEMENTED,NOT_IMPLEMENTED,NOT_IMPLEMENTED,NOT_IMPLEMENTED,NOT_IMPLEMENTED,NOT_IMPLEMENTED,NOT_IMPLEMENTED,48191,18,2677.277778,-7675,1,29,1322,0,0,0,0,0,,,,,,,,,,,,74,,,NOT_IMPLEMENTED,,FALSE,32,"$TRIGGER:0.VAR,$TRIGGER:0.VAR',robotY,robotY',robotX,robotX'","targetCY,targetCY',targetBX,targetBX',targetAX,targetAX',$PATTERN:1.ENV_CONSTRAINT.1.S_responds_to_P_globally.state,$PATTERN:1.ENV_CONSTRAINT.1.S_responds_to_P_globally.state',targetBY,targetBY',MObstacleX,MObstacleX',$PATTERN:0.ENV_CONSTRAINT.0.S_responds_to_P_globally.state,$PATTERN:0.ENV_CONSTRAINT.0.S_responds_to_P_globally.state',targetCX,targetCX',isABlocked,isABlocked',isBBlocked,isBBlocked',MObstacleY,MObstacleY',isCBlocked,isCBlocked',targetAY,targetAY'",0,,,,,,6,10,0,0,6.19168E+12,3.93523E+19,5.65854E+21,7.80666E+22,2.04562E+17,7.0945E+19,CUDD,"Using BDD Package: CUDDFactory, Version: CUDD 3.0","import ""DwyerPatternsNew.spectra""",S_responds_to_P_globally,2,1,FALSE,FALSE,[],[REMOVED_HOLE],,null
1669645171,REDUCED_GROUPAUX,1669645171.spectra,0,REALIZABILITY,SYS_UNREAL,"TEMP: false, SORT_AFTERWARDS: false, GROUP_OPTION: NO_GROUPING, INCREMENTAL_ADDITION: NO_INCREMENTAL, USE_RABIN: false, GROUP_AUX: GROUP_PAIR, STATIC_ORDER: NO_STATIC_ORDERING, ROY_SIFT_MARKER: false, MAKE_LAST: false, MEMORYLESS: true, REORDER_METHOD: SIFT, NEW_PATTERN: false, INCREMENTAL_JUSTICES: NO_INCREMENTAL, REDUCED_ALGORITHM: FALSE, PARALLEL: false, ORIGINAL: false, BUCHI_INTERSECTION: false, NEW_TRIGGER: true, PARTITIONED: SINGLE_FUNC, VERIFICATION: true, CREATE_GRAPH: false",2312,16,437,-1,54313,57078,"[0, 1, 2, 3, 4, 5, 6, 7, 8, 9, 10, 11, 12, 13, 14, 15, 16, 17, 18, 19, 20, 21, 22, 23, 24, 25, 26, 27, 28, 29, 30, 31, 32, 33, 34, 35, 36, 37, 38, 39, 40, 41, 42, 43, 44, 45, 46, 47, 48, 49, 50, 51, 52, 53, 54, 55, 56, 57, 58, 59, 60, 61, 62, 63, 64, 65, 66, 67, 68, 69, 70, 71, 72, 73]","[0, 1, 2, 3, 4, 5, 6, 7, 8, 9, 10, 11, 12, 13, 14, 15, 16, 17, 18, 19, 20, 21, 22, 23, 24, 25, 26, 27, 28, 29, 30, 31, 32, 33, 34, 35, 36, 37, 38, 39, 40, 41, 42, 43, 44, 45, 46, 47, 48, 49, 50, 51, 52, 53, 54, 55, 56, 57, 58, 59, 60, 61, 62, 63, 64, 65, 66, 67, 68, 69, 70, 71, 72, 73]","[36, 2, 63, 5, 61, 3, 62, 0, 40, 1, 4, 11, 38, 8, 10, 7, 12, 15, 17, 14, 16, 13, 26, 24, 60, 59, 58, 28, 25, 27, 29, 69, 68, 67, 9, 6, 18, 64, 30, 21, 22, 65, 66, 70, 71, 73, 72, 37, 39, 41, 23, 19, 20, 32, 31, 33, 34, 35, 57, 56, 55, 54, 44, 43, 42, 46, 45, 47, 50, 49, 48, 52, 51, 53]","[40, 38, 36, 72, 73, 71, 70, 59, 60, 63, 62, 58, 61, 66, 2, 5, 4, 1, 0, 3, 8, 69, 68, 67, 11, 7, 10, 6, 9, 65, 64, 37, 14, 17, 28, 25, 13, 16, 29, 15, 24, 12, 27, 41, 21, 39, 22, 34, 18, 30, 20, 19, 26, 23, 33, 35, 32, 31, 55, 54, 57, 56, 42, 43, 45, 44, 46, 47, 50, 48, 49, 53, 51, 52]",521,523,10944,515521,NOT_IMPLEMENTED,NOT_IMPLEMENTED,NOT_IMPLEMENTED,NOT_IMPLEMENTED,NOT_IMPLEMENTED,NOT_IMPLEMENTED,NOT_IMPLEMENTED,29632,16,1852,-6675.125,1,29,1322,0,0,0,0,0,,,,,,,,,,,,74,,,NOT_IMPLEMENTED,,FALSE,32,"$TRIGGER:0.VAR,$TRIGGER:0.VAR',robotY,robotY',robotX,robotX'","targetCY,targetCY',targetBX,targetBX',targetAX,targetAX',$PATTERN:1.ENV_CONSTRAINT.1.S_responds_to_P_globally.state,$PATTERN:1.ENV_CONSTRAINT.1.S_responds_to_P_globally.state',targetBY,targetBY',MObstacleX,MObstacleX',$PATTERN:0.ENV_CONSTRAINT.0.S_responds_to_P_globally.state,$PATTERN:0.ENV_CONSTRAINT.0.S_responds_to_P_globally.state',targetCX,targetCX',isABlocked,isABlocked',isBBlocked,isBBlocked',MObstacleY,MObstacleY',isCBlocked,isCBlocked',targetAY,targetAY'",0,,,,,,6,10,0,0,6.19168E+12,3.93523E+19,5.65854E+21,7.80666E+22,2.04562E+17,7.0945E+19,CUDD,"Using BDD Package: CUDDFactory, Version: CUDD 3.0","import ""DwyerPatternsNew.spectra""",S_responds_to_P_globally,2,1,FALSE,FALSE,[],[REMOVED_HOLE],,null
1669645171,NOTHING,1669645171.spectra,0,REALIZABILITY,SYS_UNREAL,"TEMP: false, SORT_AFTERWARDS: false, GROUP_OPTION: NO_GROUPING, INCREMENTAL_ADDITION: NO_INCREMENTAL, USE_RABIN: false, GROUP_AUX: NO_GROUPING, STATIC_ORDER: NO_STATIC_ORDERING, ROY_SIFT_MARKER: false, MAKE_LAST: false, MEMORYLESS: true, REORDER_METHOD: SIFT, NEW_PATTERN: false, INCREMENTAL_JUSTICES: NO_INCREMENTAL, REDUCED_ALGORITHM: FALSE, PARALLEL: false, ORIGINAL: false, BUCHI_INTERSECTION: false, NEW_TRIGGER: false, PARTITIONED: SINGLE_FUNC, VERIFICATION: true, CREATE_GRAPH: false",2234,0,422,-1,76016,78672,"[0, 1, 2, 3, 4, 5, 6, 7, 8, 9, 10, 11, 12, 13, 14, 15, 16, 17, 18, 19, 20, 21, 22, 23, 24, 25, 26, 27, 28, 29, 30, 31, 32, 33, 34, 35, 36, 37, 38, 39, 40, 41, 42, 43, 44, 45, 46, 47, 48, 49, 50, 51, 52, 53, 54, 55, 56, 57, 58, 59, 60, 61, 62, 63, 64, 65, 66, 67, 68, 69, 70, 71, 72, 73, 74, 75]","[0, 1, 2, 3, 4, 5, 6, 7, 8, 9, 10, 11, 12, 13, 14, 15, 16, 17, 18, 19, 20, 21, 22, 23, 24, 25, 26, 27, 28, 29, 30, 31, 32, 33, 34, 35, 36, 37, 38, 39, 40, 41, 42, 43, 44, 45, 46, 47, 48, 49, 50, 51, 52, 53, 54, 55, 56, 57, 58, 59, 60, 61, 62, 63, 64, 65, 66, 67, 68, 69, 70, 71, 72, 73, 74, 75]","[36, 2, 63, 5, 61, 3, 62, 0, 40, 1, 4, 15, 38, 12, 17, 14, 16, 13, 27, 24, 28, 25, 59, 58, 26, 60, 29, 69, 67, 11, 8, 7, 10, 9, 6, 18, 68, 64, 30, 21, 19, 65, 22, 37, 41, 39, 66, 23, 20, 32, 31, 33, 34, 35, 57, 55, 70, 71, 72, 73, 75, 74, 56, 54, 44, 43, 42, 46, 45, 47, 50, 49, 48, 52, 51, 53]","[1, 2, 5, 0, 63, 4, 3, 12, 15, 17, 14, 11, 10, 7, 9, 6, 8, 13, 16, 22, 68, 19, 18, 20, 26, 29, 28, 25, 24, 27, 30, 31, 32, 40, 38, 36, 61, 65, 60, 59, 58, 66, 37, 39, 64, 21, 23, 34, 41, 33, 35, 62, 67, 51, 52, 53, 69, 47, 45, 46, 56, 43, 42, 57, 54, 55, 44, 50, 70, 71, 72, 73, 74, 75, 48, 49]",608,608,9201,273506,NOT_IMPLEMENTED,NOT_IMPLEMENTED,NOT_IMPLEMENTED,NOT_IMPLEMENTED,NOT_IMPLEMENTED,NOT_IMPLEMENTED,NOT_IMPLEMENTED,14338,16,896.125,-12559.5625,2,61,2240,0,0,0,0,0,,,,,,,,,,,,76,,,NOT_IMPLEMENTED,,FALSE,32,"$TRIGGER:0.VAR,robotY,robotY',$TRIGGER:0.VAR',robotX,robotX'","$PATTERN:1.ENV_CONSTRAINT.1.S_responds_to_P_globally.state,$PATTERN:1.ENV_CONSTRAINT.1.S_responds_to_P_globally.state',MObstacleX,MObstacleX',isCBlocked,isCBlocked',targetBY,targetBY',targetCY,targetCY',isABlocked,isABlocked',isBBlocked,isBBlocked',targetBX,targetBX',targetAY,targetAY',MObstacleY,MObstacleY',targetAX,targetAX',targetCX,targetCX',$PATTERN:0.ENV_CONSTRAINT.0.S_responds_to_P_globally.state,$PATTERN:0.ENV_CONSTRAINT.0.S_responds_to_P_globally.state'",0,,,,,,6,10,0,0,2.47667E+13,1.80134E+20,1.31894E+22,3.12266E+23,8.18248E+17,1.4189E+20,CUDD,"Using BDD Package: CUDDFactory, Version: CUDD 3.0","import ""DwyerPatternsNew.spectra""",S_responds_to_P_globally,2,1,FALSE,FALSE,[],[],,null
