Spec,RunConfig,UniqueIdentifier,TIMEOUT,ActionType,Result,CONFIG_TXT,INITIAL_BDD_TIME,HEURISTICS_TIME,SECOND_STEP_TIME,PARALLEL_OVERHEAD_TIME,WORK_TIME,TOTAL_TIME,PRE_ROYBDD_ORDER,POST_HEURISTICS_ORDER,POST_SECOND_STEP_ORDER,POST_WORK_ORDER,PRE_ROYBDD_NODE_SIZE,POST_HEURISTICS_NODE_SIZE,POST_SECOND_STEP_NODE_SIZE,POST_WORK_NODE_SIZE,AVERAGE_AUX_SIZE,AVERAGE_SYS_DOM_IN_CONSTRAINT,AVERAGE_ENV_DOM_IN_CONSTRAINT,AVERAGE_SYS_DOM_SIZE,AVERAGE_ENV_DOM_SIZE,AVERAGE_CONSTRAINT_COMPLEXITY,INTERCONNECTNESS_INDEX,TOTAL_REORDER_TIME,REORDER_CALL_AMOUNT,AVERAGE_REORDER_TIME,AVERAGE_REORDER_GAIN,Z_FIXPOINTS,Y_FIXPOINTS,X_FIXPOINTS,W_FIXPOINTS,REAL_CASES,UNREAL_CASES,REAL_TIME,UNREAL_TIME,GRAPH_DATA,CLUSTER_INC_DATA,CLUSTER_VAR_DATA,DOMAIN_GRAPH_DATA,CONSTRAINT_GRAPH_DATA,JUST_STRING_COUNT,JUST_STRING_ENV_COUNT,TRANS_STRING_SYS_COUNT,TRANS_STRING_ENV_COUNT,INI_STRING_ENV_COUNT,INI_STRING_SYS_COUNT,TOTAL_VARS,SYS_VARS,ENV_VARS,AUX_VARS,UNUSED_CONS_VARS,ARRAYS_INSTANCES,TOTAL_DOMS,SYS_DOMS,ENV_DOMS,AUX_DOMS,DOMS_NOT_QUANTIFIED,INI_SYS_CONSTRAINTS,INI_ENV_CONSTRAINTS,TRANS_ENV_CONSTRAINTS,TRANS_SYS_CONSTRAINTS,JUSTICE_SYS_AMOUNT,JUSTICE_ENV_AMOUNT,Z_SAT_COUNT,Z_SAT_COUNT_START_S0,TRANS_ENV_SAT,TRANS_SYS_SAT,JUSTS_SYS_SAT,JUSTS_ENV_SAT,INI_ENV_SAT,INI_SYS_SAT,FACTORY_TYPE,BDDPACKAGE,IMPORT,UNIQUE_PATTERNS,PATTERN_INSTANCES,TRIGGER_INSTANCES,MONITORS_INSTANCES,COUNTERS_INSTANCES,REDUCED_PATTERN,REDUCED_TRIGGER,SWAPPED_TO_ORIGINAL,ADDITIONAL
amba_ahb_4,NOTHING,amba_ahb_4.spectra,0,REALIZABILITY,SYS_REAL,"TEMP: false, SORT_AFTERWARDS: false, GROUP_OPTION: NO_GROUPING, INCREMENTAL_ADDITION: NO_INCREMENTAL, USE_RABIN: false, GROUP_AUX: NO_GROUPING, STATIC_ORDER: NO_STATIC_ORDERING, ROY_SIFT_MARKER: false, MAKE_LAST: false, MEMORYLESS: true, REORDER_METHOD: SIFT, NEW_PATTERN: false, INCREMENTAL_JUSTICES: NO_INCREMENTAL, REDUCED_ALGORITHM: FALSE, PARALLEL: false, ORIGINAL: false, BUCHI_INTERSECTION: false, NEW_TRIGGER: false, PARTITIONED: SINGLE_FUNC, VERIFICATION: true, CREATE_GRAPH: false",3101,16,143,-1,4603,7863,"[0, 1, 2, 3, 4, 5, 6, 7, 8, 9, 10, 11, 12, 13, 14, 15, 16, 17, 18, 19, 20, 21, 22, 23, 24, 25, 26, 27, 28, 29, 30, 31, 32, 33, 34, 35, 36, 37, 38, 39, 40, 41, 42, 43, 44, 45, 46, 47, 48, 49, 50, 51, 52, 53, 54, 55, 56, 57, 58, 59, 60, 61, 62, 63, 64, 65, 66, 67, 68, 69, 70, 71, 72, 73, 74, 75, 76, 77, 78, 79, 80, 81, 82, 83, 84, 85, 86, 87]","[0, 1, 2, 3, 4, 5, 6, 7, 8, 9, 10, 11, 12, 13, 14, 15, 16, 17, 18, 19, 20, 21, 22, 23, 24, 25, 26, 27, 28, 29, 30, 31, 32, 33, 34, 35, 36, 37, 38, 39, 40, 41, 42, 43, 44, 45, 46, 47, 48, 49, 50, 51, 52, 53, 54, 55, 56, 57, 58, 59, 60, 61, 62, 63, 64, 65, 66, 67, 68, 69, 70, 71, 72, 73, 74, 75, 76, 77, 78, 79, 80, 81, 82, 83, 84, 85, 86, 87]","[47, 21, 10, 11, 1, 13, 3, 15, 5, 46, 31, 49, 12, 33, 14, 30, 18, 37, 16, 36, 35, 20, 17, 22, 23, 48, 34, 32, 40, 45, 24, 25, 38, 26, 27, 39, 41, 7, 43, 28, 19, 29, 42, 44, 8, 9, 53, 50, 52, 51, 54, 55, 57, 59, 0, 56, 58, 61, 63, 60, 2, 62, 65, 67, 64, 4, 66, 69, 68, 71, 6, 70, 73, 72, 74, 75, 77, 76, 79, 78, 81, 80, 82, 83, 85, 84, 86, 87]","[20, 11, 10, 45, 46, 21, 30, 47, 31, 32, 39, 41, 38, 33, 14, 12, 49, 37, 18, 48, 16, 35, 43, 40, 1, 13, 22, 23, 42, 9, 8, 44, 58, 3, 15, 24, 25, 34, 5, 17, 26, 27, 56, 0, 19, 57, 59, 53, 52, 50, 51, 54, 55, 2, 63, 60, 7, 28, 29, 36, 61, 62, 65, 67, 64, 4, 66, 6, 71, 68, 69, 70, 73, 72, 74, 75, 77, 76, 78, 79, 81, 80, 82, 83, 85, 84, 87, 86]",221,221,7627,13249,NOT_IMPLEMENTED,NOT_IMPLEMENTED,NOT_IMPLEMENTED,NOT_IMPLEMENTED,NOT_IMPLEMENTED,NOT_IMPLEMENTED,NOT_IMPLEMENTED,1337.0,9,148.55555555555554,-5497.444444444444,3,36,360,0,1,0,4582,0,,,,,,,,,,,,88,,,NOT_IMPLEMENTED,,true,64,"$PATTERN:5.SYS_CONSTRAINT.5.P_becomes_true_between_Q_and_R.state,$PATTERN:5.SYS_CONSTRAINT.5.P_becomes_true_between_Q_and_R.state',hgrant[1],hgrant[1]',hready_counter,hready_counter',$PATTERN:2.SYS_CONSTRAINT.2.P_becomes_true_between_Q_and_R.state,$PATTERN:2.SYS_CONSTRAINT.2.P_becomes_true_between_Q_and_R.state',$PATTERN:4.SYS_CONSTRAINT.4.P_becomes_true_between_Q_and_R.state,$PATTERN:4.SYS_CONSTRAINT.4.P_becomes_true_between_Q_and_R.state',hgrant[0],hgrant[0]',hgrant[3],hgrant[3]',decide,decide',$PATTERN:3.SYS_CONSTRAINT.3.P_becomes_true_between_Q_and_R.state,$PATTERN:3.SYS_CONSTRAINT.3.P_becomes_true_between_Q_and_R.state',hmastlock,hmastlock',$PATTERN:7.SYS_CONSTRAINT.7.P_becomes_true_between_Q_and_R.state,$PATTERN:7.SYS_CONSTRAINT.7.P_becomes_true_between_Q_and_R.state',$PATTERN:0.SYS_CONSTRAINT.0.P_becomes_true_between_Q_and_R.state,$PATTERN:0.SYS_CONSTRAINT.0.P_becomes_true_between_Q_and_R.state',$PATTERN:6.SYS_CONSTRAINT.6.P_becomes_true_between_Q_and_R.state,$PATTERN:6.SYS_CONSTRAINT.6.P_becomes_true_between_Q_and_R.state',hgrant[2],hgrant[2]',start,start',locked,locked',hmaster,hmaster',$PATTERN:1.SYS_CONSTRAINT.1.P_becomes_true_between_Q_and_R.state,$PATTERN:1.SYS_CONSTRAINT.1.P_becomes_true_between_Q_and_R.state'","$PATTERN:10.ENV_CONSTRAINT.10.S_responds_to_P_globally.state,$PATTERN:10.ENV_CONSTRAINT.10.S_responds_to_P_globally.state',hlock[2],hlock[2]',hbusreq[3],hbusreq[3]',hbusreq[0],hbusreq[0]',hlock[3],hlock[3]',hbusreq[2],hbusreq[2]',hlock[0],hlock[0]',hready,hready',hburst,hburst',$PATTERN:9.ENV_CONSTRAINT.9.S_responds_to_P_globally.state,$PATTERN:9.ENV_CONSTRAINT.9.S_responds_to_P_globally.state',hbusreq[1],hbusreq[1]',$PATTERN:11.ENV_CONSTRAINT.11.S_responds_to_P_globally.state,$PATTERN:11.ENV_CONSTRAINT.11.S_responds_to_P_globally.state',$PATTERN:8.ENV_CONSTRAINT.8.S_responds_to_P_globally.state,$PATTERN:8.ENV_CONSTRAINT.8.S_responds_to_P_globally.state',hlock[1],hlock[1]'",0,,,,,,8,5,77411724918078760598634496,128854037051069169664,3442605166011971360784384,247317215890636800,1237940039285380274899124224,773712524553362671811952640,28334198897217871282176,72057594037927936,CUDD,"Using BDD Package: CUDDFactory, Version: CUDD 3.0","import ""DwyerPatternsNew.spectra""","P_becomes_true_between_Q_and_R,S_responds_to_P_globally",12,0,false,false,[],[],,null
amba_ahb_4,REDUCED,amba_ahb_4.spectra,0,REALIZABILITY,SYS_REAL,"TEMP: false, SORT_AFTERWARDS: false, GROUP_OPTION: NO_GROUPING, INCREMENTAL_ADDITION: NO_INCREMENTAL, USE_RABIN: false, GROUP_AUX: NO_GROUPING, STATIC_ORDER: NO_STATIC_ORDERING, ROY_SIFT_MARKER: false, MAKE_LAST: false, MEMORYLESS: true, REORDER_METHOD: SIFT, NEW_PATTERN: true, INCREMENTAL_JUSTICES: NO_INCREMENTAL, REDUCED_ALGORITHM: FALSE, PARALLEL: false, ORIGINAL: false, BUCHI_INTERSECTION: false, NEW_TRIGGER: false, PARTITIONED: SINGLE_FUNC, VERIFICATION: true, CREATE_GRAPH: false",3807,16,94,-1,383,4300,"[0, 1, 2, 3, 4, 5, 6, 7, 8, 9, 10, 11, 12, 13, 14, 15, 16, 17, 18, 19, 20, 21, 22, 23, 24, 25, 26, 27, 28, 29, 30, 31, 32, 33, 34, 35, 36, 37, 38, 39, 40, 41, 42, 43, 44, 45, 46, 47, 48, 49, 50, 51, 52, 53, 54, 55, 56, 57, 58, 59, 60, 61, 62, 63, 64, 65, 66, 67, 68, 69, 70, 71]","[0, 1, 2, 3, 4, 5, 6, 7, 8, 9, 10, 11, 12, 13, 14, 15, 16, 17, 18, 19, 20, 21, 22, 23, 24, 25, 26, 27, 28, 29, 30, 31, 32, 33, 34, 35, 36, 37, 38, 39, 40, 41, 42, 43, 44, 45, 46, 47, 48, 49, 50, 51, 52, 53, 54, 55, 56, 57, 58, 59, 60, 61, 62, 63, 64, 65, 66, 67, 68, 69, 70, 71]","[71, 70, 21, 47, 32, 66, 67, 2, 10, 11, 1, 13, 3, 15, 22, 23, 5, 17, 45, 6, 62, 63, 58, 59, 46, 31, 49, 12, 33, 14, 20, 35, 16, 18, 30, 48, 37, 36, 69, 68, 4, 34, 24, 25, 26, 27, 40, 60, 61, 38, 39, 7, 19, 28, 41, 43, 29, 42, 44, 8, 9, 0, 56, 57, 64, 65, 52, 50, 51, 53, 54, 55]","[36, 70, 32, 66, 20, 10, 11, 45, 21, 38, 40, 33, 46, 30, 39, 41, 67, 47, 3, 15, 2, 58, 59, 6, 62, 7, 63, 71, 31, 1, 13, 22, 23, 14, 12, 37, 18, 19, 49, 48, 24, 25, 16, 43, 35, 42, 34, 68, 5, 17, 26, 27, 4, 69, 60, 61, 9, 28, 29, 8, 44, 0, 56, 57, 64, 65, 52, 50, 51, 53, 55, 54]",109,109,2791,3583,NOT_IMPLEMENTED,NOT_IMPLEMENTED,NOT_IMPLEMENTED,NOT_IMPLEMENTED,NOT_IMPLEMENTED,NOT_IMPLEMENTED,NOT_IMPLEMENTED,349.0,10,34.9,-2303.3,4,8,70,0,1,0,374,0,,,,,,,,,,,,72,,,NOT_IMPLEMENTED,,true,64,"$PATTERN:3.SYS_CONSTRAINT.3.P_becomes_true_between_Q_and_R.state,$PATTERN:3.SYS_CONSTRAINT.3.P_becomes_true_between_Q_and_R.state',hready_counter,hready_counter',hgrant[1],hgrant[1]',start,start',$PATTERN:6.SYS_CONSTRAINT.6.P_becomes_true_between_Q_and_R.state,$PATTERN:6.SYS_CONSTRAINT.6.P_becomes_true_between_Q_and_R.state',$PATTERN:4.SYS_CONSTRAINT.4.P_becomes_true_between_Q_and_R.state,$PATTERN:4.SYS_CONSTRAINT.4.P_becomes_true_between_Q_and_R.state',decide,decide',hmaster,hmaster',$PATTERN:0.SYS_CONSTRAINT.0.P_becomes_true_between_Q_and_R.state,$PATTERN:0.SYS_CONSTRAINT.0.P_becomes_true_between_Q_and_R.state',locked,locked',$PATTERN:5.SYS_CONSTRAINT.5.P_becomes_true_between_Q_and_R.state,$PATTERN:5.SYS_CONSTRAINT.5.P_becomes_true_between_Q_and_R.state',$PATTERN:1.SYS_CONSTRAINT.1.P_becomes_true_between_Q_and_R.state,$PATTERN:1.SYS_CONSTRAINT.1.P_becomes_true_between_Q_and_R.state',hgrant[0],hgrant[0]',hgrant[3],hgrant[3]',hgrant[2],hgrant[2]',$PATTERN:7.SYS_CONSTRAINT.7.P_becomes_true_between_Q_and_R.state,$PATTERN:7.SYS_CONSTRAINT.7.P_becomes_true_between_Q_and_R.state',hmastlock,hmastlock',$PATTERN:2.SYS_CONSTRAINT.2.P_becomes_true_between_Q_and_R.state,$PATTERN:2.SYS_CONSTRAINT.2.P_becomes_true_between_Q_and_R.state'","hbusreq[0],hbusreq[0]',$PATTERN:10.ENV_CONSTRAINT.10.S_responds_to_P_globally.state,$PATTERN:10.ENV_CONSTRAINT.10.S_responds_to_P_globally.state',hready,hready',hlock[0],hlock[0]',hlock[3],hlock[3]',$PATTERN:9.ENV_CONSTRAINT.9.S_responds_to_P_globally.state,$PATTERN:9.ENV_CONSTRAINT.9.S_responds_to_P_globally.state',hbusreq[3],hbusreq[3]',hlock[2],hlock[2]',$PATTERN:11.ENV_CONSTRAINT.11.S_responds_to_P_globally.state,$PATTERN:11.ENV_CONSTRAINT.11.S_responds_to_P_globally.state',$PATTERN:8.ENV_CONSTRAINT.8.S_responds_to_P_globally.state,$PATTERN:8.ENV_CONSTRAINT.8.S_responds_to_P_globally.state',hbusreq[2],hbusreq[2]',hburst,hburst',hlock[1],hlock[1]',hbusreq[1],hbusreq[1]'",0,,,,,,1,5,1338687178305276215296,503336082230738944,52529986053649465344,3361295092940800,4722366482869645213696,11805916207174113034240,432345564227567616,281474976710656,CUDD,"Using BDD Package: CUDDFactory, Version: CUDD 3.0","import ""DwyerPatternsNewReduced.spectra""","P_becomes_true_between_Q_and_R,S_responds_to_P_globally",12,0,false,false,"[REMOVED_HOLE, REMOVED_HOLE, REMOVED_HOLE, REMOVED_HOLE, REMOVED_HOLE, REMOVED_HOLE, REMOVED_HOLE, REMOVED_HOLE, REMOVED_JUSTICE, REMOVED_JUSTICE, REMOVED_JUSTICE, REMOVED_JUSTICE, REMOVED_JUSTICE, REMOVED_JUSTICE, REMOVED_JUSTICE, REMOVED_JUSTICE, REMOVED_VAR, REMOVED_VAR, REMOVED_VAR, REMOVED_VAR, REMOVED_VAR, REMOVED_VAR, REMOVED_VAR, REMOVED_VAR]",[],,null
amba_ahb_4,REDUCED_GROUPAUX,amba_ahb_4.spectra,0,REALIZABILITY,SYS_REAL,"TEMP: false, SORT_AFTERWARDS: false, GROUP_OPTION: NO_GROUPING, INCREMENTAL_ADDITION: NO_INCREMENTAL, USE_RABIN: false, GROUP_AUX: GROUP_PAIR, STATIC_ORDER: NO_STATIC_ORDERING, ROY_SIFT_MARKER: false, MAKE_LAST: false, MEMORYLESS: true, REORDER_METHOD: SIFT, NEW_PATTERN: true, INCREMENTAL_JUSTICES: NO_INCREMENTAL, REDUCED_ALGORITHM: FALSE, PARALLEL: false, ORIGINAL: false, BUCHI_INTERSECTION: false, NEW_TRIGGER: false, PARTITIONED: SINGLE_FUNC, VERIFICATION: true, CREATE_GRAPH: false",3589,47,95,-1,463,4194,"[0, 1, 2, 3, 4, 5, 6, 7, 8, 9, 10, 11, 12, 13, 14, 15, 16, 17, 18, 19, 20, 21, 22, 23, 24, 25, 26, 27, 28, 29, 30, 31, 32, 33, 34, 35, 36, 37, 38, 39, 40, 41, 42, 43, 44, 45, 46, 47, 48, 49, 50, 51, 52, 53, 54, 55, 56, 57, 58, 59, 60, 61, 62, 63, 64, 65, 66, 67, 68, 69, 70, 71]","[0, 1, 2, 3, 4, 5, 6, 7, 8, 9, 10, 11, 12, 13, 14, 15, 16, 17, 18, 19, 20, 21, 22, 23, 24, 25, 26, 27, 28, 29, 30, 31, 32, 33, 34, 35, 36, 37, 38, 39, 40, 41, 42, 43, 44, 45, 46, 47, 48, 49, 50, 51, 52, 53, 54, 55, 56, 57, 58, 59, 60, 61, 62, 63, 64, 65, 66, 67, 68, 69, 70, 71]","[47, 21, 34, 69, 68, 4, 32, 67, 66, 2, 10, 11, 1, 22, 23, 13, 3, 45, 6, 62, 63, 58, 59, 60, 61, 40, 15, 24, 25, 38, 41, 39, 5, 17, 20, 46, 36, 30, 31, 12, 26, 27, 7, 19, 28, 29, 49, 14, 33, 16, 35, 18, 37, 48, 0, 56, 57, 43, 44, 8, 9, 42, 64, 65, 71, 70, 52, 50, 51, 53, 54, 55]","[34, 69, 68, 32, 67, 66, 20, 11, 10, 4, 45, 60, 61, 46, 38, 33, 30, 21, 47, 3, 25, 24, 2, 58, 59, 40, 15, 39, 5, 41, 31, 14, 17, 26, 27, 12, 35, 16, 49, 48, 43, 42, 1, 13, 22, 23, 7, 19, 28, 29, 18, 37, 6, 62, 63, 36, 70, 71, 0, 56, 57, 9, 8, 44, 64, 65, 52, 50, 51, 53, 54, 55]",109,121,2933,3494,NOT_IMPLEMENTED,NOT_IMPLEMENTED,NOT_IMPLEMENTED,NOT_IMPLEMENTED,NOT_IMPLEMENTED,NOT_IMPLEMENTED,NOT_IMPLEMENTED,378.0,9,42.0,-2185.1111111111113,4,8,70,0,1,0,436,0,,,,,,,,,,,,72,,,NOT_IMPLEMENTED,,true,64,"$PATTERN:7.SYS_CONSTRAINT.7.P_becomes_true_between_Q_and_R.state,$PATTERN:7.SYS_CONSTRAINT.7.P_becomes_true_between_Q_and_R.state',$PATTERN:0.SYS_CONSTRAINT.0.P_becomes_true_between_Q_and_R.state,$PATTERN:0.SYS_CONSTRAINT.0.P_becomes_true_between_Q_and_R.state',hgrant[1],hgrant[1]',locked,locked',hmaster,hmaster',$PATTERN:3.SYS_CONSTRAINT.3.P_becomes_true_between_Q_and_R.state,$PATTERN:3.SYS_CONSTRAINT.3.P_becomes_true_between_Q_and_R.state',$PATTERN:1.SYS_CONSTRAINT.1.P_becomes_true_between_Q_and_R.state,$PATTERN:1.SYS_CONSTRAINT.1.P_becomes_true_between_Q_and_R.state',$PATTERN:6.SYS_CONSTRAINT.6.P_becomes_true_between_Q_and_R.state,$PATTERN:6.SYS_CONSTRAINT.6.P_becomes_true_between_Q_and_R.state',hgrant[2],hgrant[2]',start,start',$PATTERN:2.SYS_CONSTRAINT.2.P_becomes_true_between_Q_and_R.state,$PATTERN:2.SYS_CONSTRAINT.2.P_becomes_true_between_Q_and_R.state',hgrant[3],hgrant[3]',$PATTERN:5.SYS_CONSTRAINT.5.P_becomes_true_between_Q_and_R.state,$PATTERN:5.SYS_CONSTRAINT.5.P_becomes_true_between_Q_and_R.state',decide,decide',hmastlock,hmastlock',hready_counter,hready_counter',$PATTERN:4.SYS_CONSTRAINT.4.P_becomes_true_between_Q_and_R.state,$PATTERN:4.SYS_CONSTRAINT.4.P_becomes_true_between_Q_and_R.state',hgrant[0],hgrant[0]'","hbusreq[2],hbusreq[2]',hlock[2],hlock[2]',$PATTERN:10.ENV_CONSTRAINT.10.S_responds_to_P_globally.state,$PATTERN:10.ENV_CONSTRAINT.10.S_responds_to_P_globally.state',hready,hready',hbusreq[1],hbusreq[1]',$PATTERN:8.ENV_CONSTRAINT.8.S_responds_to_P_globally.state,$PATTERN:8.ENV_CONSTRAINT.8.S_responds_to_P_globally.state',hlock[0],hlock[0]',$PATTERN:11.ENV_CONSTRAINT.11.S_responds_to_P_globally.state,$PATTERN:11.ENV_CONSTRAINT.11.S_responds_to_P_globally.state',hburst,hburst',hlock[3],hlock[3]',hlock[1],hlock[1]',hbusreq[3],hbusreq[3]',$PATTERN:9.ENV_CONSTRAINT.9.S_responds_to_P_globally.state,$PATTERN:9.ENV_CONSTRAINT.9.S_responds_to_P_globally.state',hbusreq[0],hbusreq[0]'",0,,,,,,1,5,1338687178305276215296,503336082230738944,52529986053649465344,3361295092940800,4722366482869645213696,11805916207174113034240,432345564227567616,281474976710656,CUDD,"Using BDD Package: CUDDFactory, Version: CUDD 3.0","import ""DwyerPatternsNewReduced.spectra""","P_becomes_true_between_Q_and_R,S_responds_to_P_globally",12,0,false,false,"[REMOVED_HOLE, REMOVED_HOLE, REMOVED_HOLE, REMOVED_HOLE, REMOVED_HOLE, REMOVED_HOLE, REMOVED_HOLE, REMOVED_HOLE, REMOVED_JUSTICE, REMOVED_JUSTICE, REMOVED_JUSTICE, REMOVED_JUSTICE, REMOVED_JUSTICE, REMOVED_JUSTICE, REMOVED_JUSTICE, REMOVED_JUSTICE, REMOVED_VAR, REMOVED_VAR, REMOVED_VAR, REMOVED_VAR, REMOVED_VAR, REMOVED_VAR, REMOVED_VAR, REMOVED_VAR]",[],,null
amba_ahb_4,NOTHING,amba_ahb_4.spectra,0,REALIZABILITY,SYS_REAL,"TEMP: false, SORT_AFTERWARDS: false, GROUP_OPTION: NO_GROUPING, INCREMENTAL_ADDITION: NO_INCREMENTAL, USE_RABIN: false, GROUP_AUX: NO_GROUPING, STATIC_ORDER: NO_STATIC_ORDERING, ROY_SIFT_MARKER: false, MAKE_LAST: false, MEMORYLESS: true, REORDER_METHOD: SIFT, NEW_PATTERN: false, INCREMENTAL_JUSTICES: NO_INCREMENTAL, REDUCED_ALGORITHM: FALSE, PARALLEL: false, ORIGINAL: false, BUCHI_INTERSECTION: false, NEW_TRIGGER: false, PARTITIONED: SINGLE_FUNC, VERIFICATION: true, CREATE_GRAPH: false",2645,24,168,-1,3918,6755,"[0, 1, 2, 3, 4, 5, 6, 7, 8, 9, 10, 11, 12, 13, 14, 15, 16, 17, 18, 19, 20, 21, 22, 23, 24, 25, 26, 27, 28, 29, 30, 31, 32, 33, 34, 35, 36, 37, 38, 39, 40, 41, 42, 43, 44, 45, 46, 47, 48, 49, 50, 51, 52, 53, 54, 55, 56, 57, 58, 59, 60, 61, 62, 63, 64, 65, 66, 67, 68, 69, 70, 71, 72, 73, 74, 75, 76, 77, 78, 79, 80, 81, 82, 83, 84, 85, 86, 87]","[0, 1, 2, 3, 4, 5, 6, 7, 8, 9, 10, 11, 12, 13, 14, 15, 16, 17, 18, 19, 20, 21, 22, 23, 24, 25, 26, 27, 28, 29, 30, 31, 32, 33, 34, 35, 36, 37, 38, 39, 40, 41, 42, 43, 44, 45, 46, 47, 48, 49, 50, 51, 52, 53, 54, 55, 56, 57, 58, 59, 60, 61, 62, 63, 64, 65, 66, 67, 68, 69, 70, 71, 72, 73, 74, 75, 76, 77, 78, 79, 80, 81, 82, 83, 84, 85, 86, 87]","[47, 21, 10, 11, 1, 13, 3, 15, 5, 46, 31, 49, 12, 33, 14, 30, 18, 37, 16, 36, 35, 20, 17, 22, 23, 48, 34, 32, 40, 45, 24, 25, 38, 26, 27, 39, 41, 7, 43, 28, 19, 29, 42, 44, 8, 9, 53, 50, 52, 51, 54, 55, 57, 59, 0, 56, 58, 61, 63, 60, 2, 62, 65, 67, 64, 4, 66, 69, 68, 71, 6, 70, 73, 72, 74, 75, 77, 76, 79, 78, 81, 80, 82, 83, 85, 84, 86, 87]","[20, 11, 10, 45, 46, 21, 30, 47, 31, 32, 39, 41, 38, 33, 14, 12, 49, 37, 18, 48, 16, 35, 43, 40, 1, 13, 22, 23, 42, 9, 8, 44, 58, 3, 15, 24, 25, 34, 5, 17, 26, 27, 56, 0, 19, 57, 59, 53, 52, 50, 51, 54, 55, 2, 63, 60, 7, 28, 29, 36, 61, 62, 65, 67, 64, 4, 66, 6, 71, 68, 69, 70, 73, 72, 74, 75, 77, 76, 78, 79, 81, 80, 82, 83, 85, 84, 87, 86]",221,221,7627,13249,NOT_IMPLEMENTED,NOT_IMPLEMENTED,NOT_IMPLEMENTED,NOT_IMPLEMENTED,NOT_IMPLEMENTED,NOT_IMPLEMENTED,NOT_IMPLEMENTED,1200.0,9,133.33333333333331,-5497.444444444444,3,36,360,0,1,0,3886,0,,,,,,,,,,,,88,,,NOT_IMPLEMENTED,,true,64,"$PATTERN:5.SYS_CONSTRAINT.5.P_becomes_true_between_Q_and_R.state,$PATTERN:5.SYS_CONSTRAINT.5.P_becomes_true_between_Q_and_R.state',hgrant[1],hgrant[1]',hready_counter,hready_counter',$PATTERN:2.SYS_CONSTRAINT.2.P_becomes_true_between_Q_and_R.state,$PATTERN:2.SYS_CONSTRAINT.2.P_becomes_true_between_Q_and_R.state',$PATTERN:4.SYS_CONSTRAINT.4.P_becomes_true_between_Q_and_R.state,$PATTERN:4.SYS_CONSTRAINT.4.P_becomes_true_between_Q_and_R.state',hgrant[0],hgrant[0]',hgrant[3],hgrant[3]',decide,decide',$PATTERN:3.SYS_CONSTRAINT.3.P_becomes_true_between_Q_and_R.state,$PATTERN:3.SYS_CONSTRAINT.3.P_becomes_true_between_Q_and_R.state',hmastlock,hmastlock',$PATTERN:7.SYS_CONSTRAINT.7.P_becomes_true_between_Q_and_R.state,$PATTERN:7.SYS_CONSTRAINT.7.P_becomes_true_between_Q_and_R.state',$PATTERN:0.SYS_CONSTRAINT.0.P_becomes_true_between_Q_and_R.state,$PATTERN:0.SYS_CONSTRAINT.0.P_becomes_true_between_Q_and_R.state',$PATTERN:6.SYS_CONSTRAINT.6.P_becomes_true_between_Q_and_R.state,$PATTERN:6.SYS_CONSTRAINT.6.P_becomes_true_between_Q_and_R.state',hgrant[2],hgrant[2]',start,start',locked,locked',hmaster,hmaster',$PATTERN:1.SYS_CONSTRAINT.1.P_becomes_true_between_Q_and_R.state,$PATTERN:1.SYS_CONSTRAINT.1.P_becomes_true_between_Q_and_R.state'","$PATTERN:10.ENV_CONSTRAINT.10.S_responds_to_P_globally.state,$PATTERN:10.ENV_CONSTRAINT.10.S_responds_to_P_globally.state',hlock[2],hlock[2]',hbusreq[3],hbusreq[3]',hbusreq[0],hbusreq[0]',hlock[3],hlock[3]',hbusreq[2],hbusreq[2]',hlock[0],hlock[0]',hready,hready',hburst,hburst',$PATTERN:9.ENV_CONSTRAINT.9.S_responds_to_P_globally.state,$PATTERN:9.ENV_CONSTRAINT.9.S_responds_to_P_globally.state',hbusreq[1],hbusreq[1]',$PATTERN:11.ENV_CONSTRAINT.11.S_responds_to_P_globally.state,$PATTERN:11.ENV_CONSTRAINT.11.S_responds_to_P_globally.state',$PATTERN:8.ENV_CONSTRAINT.8.S_responds_to_P_globally.state,$PATTERN:8.ENV_CONSTRAINT.8.S_responds_to_P_globally.state',hlock[1],hlock[1]'",0,,,,,,8,5,77411724918078760598634496,128854037051069169664,3442605166011971360784384,247317215890636800,1237940039285380274899124224,773712524553362671811952640,28334198897217871282176,72057594037927936,CUDD,"Using BDD Package: CUDDFactory, Version: CUDD 3.0","import ""DwyerPatternsNew.spectra""","P_becomes_true_between_Q_and_R,S_responds_to_P_globally",12,0,false,false,[],[],,null
amba_ahb_4,REDUCED,amba_ahb_4.spectra,0,REALIZABILITY,SYS_REAL,"TEMP: false, SORT_AFTERWARDS: false, GROUP_OPTION: NO_GROUPING, INCREMENTAL_ADDITION: NO_INCREMENTAL, USE_RABIN: false, GROUP_AUX: NO_GROUPING, STATIC_ORDER: NO_STATIC_ORDERING, ROY_SIFT_MARKER: false, MAKE_LAST: false, MEMORYLESS: true, REORDER_METHOD: SIFT, NEW_PATTERN: true, INCREMENTAL_JUSTICES: NO_INCREMENTAL, REDUCED_ALGORITHM: FALSE, PARALLEL: false, ORIGINAL: false, BUCHI_INTERSECTION: false, NEW_TRIGGER: false, PARTITIONED: SINGLE_FUNC, VERIFICATION: true, CREATE_GRAPH: false",3113,8,117,-1,504,3742,"[0, 1, 2, 3, 4, 5, 6, 7, 8, 9, 10, 11, 12, 13, 14, 15, 16, 17, 18, 19, 20, 21, 22, 23, 24, 25, 26, 27, 28, 29, 30, 31, 32, 33, 34, 35, 36, 37, 38, 39, 40, 41, 42, 43, 44, 45, 46, 47, 48, 49, 50, 51, 52, 53, 54, 55, 56, 57, 58, 59, 60, 61, 62, 63, 64, 65, 66, 67, 68, 69, 70, 71]","[0, 1, 2, 3, 4, 5, 6, 7, 8, 9, 10, 11, 12, 13, 14, 15, 16, 17, 18, 19, 20, 21, 22, 23, 24, 25, 26, 27, 28, 29, 30, 31, 32, 33, 34, 35, 36, 37, 38, 39, 40, 41, 42, 43, 44, 45, 46, 47, 48, 49, 50, 51, 52, 53, 54, 55, 56, 57, 58, 59, 60, 61, 62, 63, 64, 65, 66, 67, 68, 69, 70, 71]","[71, 70, 21, 47, 32, 66, 67, 2, 10, 11, 1, 13, 3, 15, 22, 23, 5, 17, 45, 6, 62, 63, 58, 59, 46, 31, 49, 12, 33, 14, 20, 35, 16, 18, 30, 48, 37, 36, 69, 68, 4, 34, 24, 25, 26, 27, 40, 60, 61, 38, 39, 7, 19, 28, 41, 43, 29, 42, 44, 8, 9, 0, 56, 57, 64, 65, 52, 50, 51, 53, 54, 55]","[36, 70, 32, 66, 20, 10, 11, 45, 21, 38, 40, 33, 46, 30, 39, 41, 67, 47, 3, 15, 2, 58, 59, 6, 62, 7, 63, 71, 31, 1, 13, 22, 23, 14, 12, 37, 18, 19, 49, 48, 24, 25, 16, 43, 35, 42, 34, 68, 9, 8, 44, 28, 5, 17, 26, 27, 4, 69, 60, 61, 29, 0, 56, 57, 64, 65, 52, 50, 51, 53, 55, 54]",109,109,2791,3574,NOT_IMPLEMENTED,NOT_IMPLEMENTED,NOT_IMPLEMENTED,NOT_IMPLEMENTED,NOT_IMPLEMENTED,NOT_IMPLEMENTED,NOT_IMPLEMENTED,468.0,10,46.8,-2321.5,4,8,70,0,1,0,494,0,,,,,,,,,,,,72,,,NOT_IMPLEMENTED,,true,64,"$PATTERN:3.SYS_CONSTRAINT.3.P_becomes_true_between_Q_and_R.state,$PATTERN:3.SYS_CONSTRAINT.3.P_becomes_true_between_Q_and_R.state',hready_counter,hready_counter',hgrant[1],hgrant[1]',start,start',$PATTERN:6.SYS_CONSTRAINT.6.P_becomes_true_between_Q_and_R.state,$PATTERN:6.SYS_CONSTRAINT.6.P_becomes_true_between_Q_and_R.state',$PATTERN:4.SYS_CONSTRAINT.4.P_becomes_true_between_Q_and_R.state,$PATTERN:4.SYS_CONSTRAINT.4.P_becomes_true_between_Q_and_R.state',decide,decide',hmaster,hmaster',$PATTERN:0.SYS_CONSTRAINT.0.P_becomes_true_between_Q_and_R.state,$PATTERN:0.SYS_CONSTRAINT.0.P_becomes_true_between_Q_and_R.state',locked,locked',$PATTERN:5.SYS_CONSTRAINT.5.P_becomes_true_between_Q_and_R.state,$PATTERN:5.SYS_CONSTRAINT.5.P_becomes_true_between_Q_and_R.state',$PATTERN:1.SYS_CONSTRAINT.1.P_becomes_true_between_Q_and_R.state,$PATTERN:1.SYS_CONSTRAINT.1.P_becomes_true_between_Q_and_R.state',hgrant[0],hgrant[0]',hgrant[3],hgrant[3]',hgrant[2],hgrant[2]',$PATTERN:7.SYS_CONSTRAINT.7.P_becomes_true_between_Q_and_R.state,$PATTERN:7.SYS_CONSTRAINT.7.P_becomes_true_between_Q_and_R.state',hmastlock,hmastlock',$PATTERN:2.SYS_CONSTRAINT.2.P_becomes_true_between_Q_and_R.state,$PATTERN:2.SYS_CONSTRAINT.2.P_becomes_true_between_Q_and_R.state'","hbusreq[0],hbusreq[0]',$PATTERN:10.ENV_CONSTRAINT.10.S_responds_to_P_globally.state,$PATTERN:10.ENV_CONSTRAINT.10.S_responds_to_P_globally.state',hready,hready',hlock[0],hlock[0]',hlock[3],hlock[3]',$PATTERN:9.ENV_CONSTRAINT.9.S_responds_to_P_globally.state,$PATTERN:9.ENV_CONSTRAINT.9.S_responds_to_P_globally.state',hbusreq[3],hbusreq[3]',hlock[2],hlock[2]',$PATTERN:11.ENV_CONSTRAINT.11.S_responds_to_P_globally.state,$PATTERN:11.ENV_CONSTRAINT.11.S_responds_to_P_globally.state',$PATTERN:8.ENV_CONSTRAINT.8.S_responds_to_P_globally.state,$PATTERN:8.ENV_CONSTRAINT.8.S_responds_to_P_globally.state',hbusreq[2],hbusreq[2]',hburst,hburst',hlock[1],hlock[1]',hbusreq[1],hbusreq[1]'",0,,,,,,1,5,1338687178305276215296,503336082230738944,52529986053649465344,3361295092940800,4722366482869645213696,11805916207174113034240,432345564227567616,281474976710656,CUDD,"Using BDD Package: CUDDFactory, Version: CUDD 3.0","import ""DwyerPatternsNewReduced.spectra""","P_becomes_true_between_Q_and_R,S_responds_to_P_globally",12,0,false,false,"[REMOVED_HOLE, REMOVED_HOLE, REMOVED_HOLE, REMOVED_HOLE, REMOVED_HOLE, REMOVED_HOLE, REMOVED_HOLE, REMOVED_HOLE, REMOVED_JUSTICE, REMOVED_JUSTICE, REMOVED_JUSTICE, REMOVED_JUSTICE, REMOVED_JUSTICE, REMOVED_JUSTICE, REMOVED_JUSTICE, REMOVED_JUSTICE, REMOVED_VAR, REMOVED_VAR, REMOVED_VAR, REMOVED_VAR, REMOVED_VAR, REMOVED_VAR, REMOVED_VAR, REMOVED_VAR]",[],,null
amba_ahb_4,REDUCED_GROUPAUX,amba_ahb_4.spectra,0,REALIZABILITY,SYS_REAL,"TEMP: false, SORT_AFTERWARDS: false, GROUP_OPTION: NO_GROUPING, INCREMENTAL_ADDITION: NO_INCREMENTAL, USE_RABIN: false, GROUP_AUX: GROUP_PAIR, STATIC_ORDER: NO_STATIC_ORDERING, ROY_SIFT_MARKER: false, MAKE_LAST: false, MEMORYLESS: true, REORDER_METHOD: SIFT, NEW_PATTERN: true, INCREMENTAL_JUSTICES: NO_INCREMENTAL, REDUCED_ALGORITHM: FALSE, PARALLEL: false, ORIGINAL: false, BUCHI_INTERSECTION: false, NEW_TRIGGER: false, PARTITIONED: SINGLE_FUNC, VERIFICATION: true, CREATE_GRAPH: false",3065,32,113,-1,346,3556,"[0, 1, 2, 3, 4, 5, 6, 7, 8, 9, 10, 11, 12, 13, 14, 15, 16, 17, 18, 19, 20, 21, 22, 23, 24, 25, 26, 27, 28, 29, 30, 31, 32, 33, 34, 35, 36, 37, 38, 39, 40, 41, 42, 43, 44, 45, 46, 47, 48, 49, 50, 51, 52, 53, 54, 55, 56, 57, 58, 59, 60, 61, 62, 63, 64, 65, 66, 67, 68, 69, 70, 71]","[0, 1, 2, 3, 4, 5, 6, 7, 8, 9, 10, 11, 12, 13, 14, 15, 16, 17, 18, 19, 20, 21, 22, 23, 24, 25, 26, 27, 28, 29, 30, 31, 32, 33, 34, 35, 36, 37, 38, 39, 40, 41, 42, 43, 44, 45, 46, 47, 48, 49, 50, 51, 52, 53, 54, 55, 56, 57, 58, 59, 60, 61, 62, 63, 64, 65, 66, 67, 68, 69, 70, 71]","[47, 21, 34, 69, 68, 4, 32, 67, 66, 2, 10, 11, 1, 22, 23, 13, 3, 45, 6, 62, 63, 58, 59, 60, 61, 40, 15, 24, 25, 38, 41, 39, 5, 17, 20, 46, 36, 30, 31, 12, 26, 27, 7, 19, 28, 29, 49, 14, 33, 16, 35, 18, 37, 48, 0, 56, 57, 43, 44, 8, 9, 42, 64, 65, 71, 70, 52, 50, 51, 53, 54, 55]","[34, 69, 68, 32, 67, 66, 20, 11, 10, 4, 45, 60, 61, 46, 38, 33, 30, 21, 47, 3, 25, 24, 2, 58, 59, 40, 15, 39, 5, 41, 31, 14, 17, 26, 27, 12, 35, 16, 49, 48, 43, 42, 1, 13, 22, 23, 7, 19, 28, 29, 18, 37, 6, 62, 63, 36, 70, 71, 0, 56, 57, 9, 8, 44, 64, 65, 52, 50, 51, 53, 54, 55]",109,121,2933,3494,NOT_IMPLEMENTED,NOT_IMPLEMENTED,NOT_IMPLEMENTED,NOT_IMPLEMENTED,NOT_IMPLEMENTED,NOT_IMPLEMENTED,NOT_IMPLEMENTED,295.0,9,32.77777777777778,-2185.1111111111113,4,8,70,0,1,0,315,0,,,,,,,,,,,,72,,,NOT_IMPLEMENTED,,true,64,"$PATTERN:3.SYS_CONSTRAINT.3.P_becomes_true_between_Q_and_R.state,$PATTERN:3.SYS_CONSTRAINT.3.P_becomes_true_between_Q_and_R.state',hready_counter,hready_counter',hgrant[1],hgrant[1]',start,start',$PATTERN:6.SYS_CONSTRAINT.6.P_becomes_true_between_Q_and_R.state,$PATTERN:6.SYS_CONSTRAINT.6.P_becomes_true_between_Q_and_R.state',$PATTERN:4.SYS_CONSTRAINT.4.P_becomes_true_between_Q_and_R.state,$PATTERN:4.SYS_CONSTRAINT.4.P_becomes_true_between_Q_and_R.state',decide,decide',hmaster,hmaster',$PATTERN:0.SYS_CONSTRAINT.0.P_becomes_true_between_Q_and_R.state,$PATTERN:0.SYS_CONSTRAINT.0.P_becomes_true_between_Q_and_R.state',locked,locked',$PATTERN:5.SYS_CONSTRAINT.5.P_becomes_true_between_Q_and_R.state,$PATTERN:5.SYS_CONSTRAINT.5.P_becomes_true_between_Q_and_R.state',$PATTERN:1.SYS_CONSTRAINT.1.P_becomes_true_between_Q_and_R.state,$PATTERN:1.SYS_CONSTRAINT.1.P_becomes_true_between_Q_and_R.state',hgrant[0],hgrant[0]',hgrant[3],hgrant[3]',hgrant[2],hgrant[2]',$PATTERN:7.SYS_CONSTRAINT.7.P_becomes_true_between_Q_and_R.state,$PATTERN:7.SYS_CONSTRAINT.7.P_becomes_true_between_Q_and_R.state',hmastlock,hmastlock',$PATTERN:2.SYS_CONSTRAINT.2.P_becomes_true_between_Q_and_R.state,$PATTERN:2.SYS_CONSTRAINT.2.P_becomes_true_between_Q_and_R.state'","hbusreq[0],hbusreq[0]',$PATTERN:10.ENV_CONSTRAINT.10.S_responds_to_P_globally.state,$PATTERN:10.ENV_CONSTRAINT.10.S_responds_to_P_globally.state',hready,hready',hlock[0],hlock[0]',hlock[3],hlock[3]',$PATTERN:9.ENV_CONSTRAINT.9.S_responds_to_P_globally.state,$PATTERN:9.ENV_CONSTRAINT.9.S_responds_to_P_globally.state',hbusreq[3],hbusreq[3]',hlock[2],hlock[2]',$PATTERN:11.ENV_CONSTRAINT.11.S_responds_to_P_globally.state,$PATTERN:11.ENV_CONSTRAINT.11.S_responds_to_P_globally.state',$PATTERN:8.ENV_CONSTRAINT.8.S_responds_to_P_globally.state,$PATTERN:8.ENV_CONSTRAINT.8.S_responds_to_P_globally.state',hbusreq[2],hbusreq[2]',hburst,hburst',hlock[1],hlock[1]',hbusreq[1],hbusreq[1]'",0,,,,,,1,5,1338687178305276215296,503336082230738944,52529986053649465344,3361295092940800,4722366482869645213696,11805916207174113034240,432345564227567616,281474976710656,CUDD,"Using BDD Package: CUDDFactory, Version: CUDD 3.0","import ""DwyerPatternsNewReduced.spectra""","P_becomes_true_between_Q_and_R,S_responds_to_P_globally",12,0,false,false,"[REMOVED_HOLE, REMOVED_HOLE, REMOVED_HOLE, REMOVED_HOLE, REMOVED_HOLE, REMOVED_HOLE, REMOVED_HOLE, REMOVED_HOLE, REMOVED_JUSTICE, REMOVED_JUSTICE, REMOVED_JUSTICE, REMOVED_JUSTICE, REMOVED_JUSTICE, REMOVED_JUSTICE, REMOVED_JUSTICE, REMOVED_JUSTICE, REMOVED_VAR, REMOVED_VAR, REMOVED_VAR, REMOVED_VAR, REMOVED_VAR, REMOVED_VAR, REMOVED_VAR, REMOVED_VAR]",[],,null
amba_ahb_4,NOTHING,amba_ahb_4.spectra,0,REALIZABILITY,SYS_REAL,"TEMP: false, SORT_AFTERWARDS: false, GROUP_OPTION: NO_GROUPING, INCREMENTAL_ADDITION: NO_INCREMENTAL, USE_RABIN: false, GROUP_AUX: NO_GROUPING, STATIC_ORDER: NO_STATIC_ORDERING, ROY_SIFT_MARKER: false, MAKE_LAST: false, MEMORYLESS: true, REORDER_METHOD: SIFT, NEW_PATTERN: false, INCREMENTAL_JUSTICES: NO_INCREMENTAL, REDUCED_ALGORITHM: FALSE, PARALLEL: false, ORIGINAL: false, BUCHI_INTERSECTION: false, NEW_TRIGGER: false, PARTITIONED: SINGLE_FUNC, VERIFICATION: true, CREATE_GRAPH: false",3352,31,128,-1,3748,7259,"[0, 1, 2, 3, 4, 5, 6, 7, 8, 9, 10, 11, 12, 13, 14, 15, 16, 17, 18, 19, 20, 21, 22, 23, 24, 25, 26, 27, 28, 29, 30, 31, 32, 33, 34, 35, 36, 37, 38, 39, 40, 41, 42, 43, 44, 45, 46, 47, 48, 49, 50, 51, 52, 53, 54, 55, 56, 57, 58, 59, 60, 61, 62, 63, 64, 65, 66, 67, 68, 69, 70, 71, 72, 73, 74, 75, 76, 77, 78, 79, 80, 81, 82, 83, 84, 85, 86, 87]","[0, 1, 2, 3, 4, 5, 6, 7, 8, 9, 10, 11, 12, 13, 14, 15, 16, 17, 18, 19, 20, 21, 22, 23, 24, 25, 26, 27, 28, 29, 30, 31, 32, 33, 34, 35, 36, 37, 38, 39, 40, 41, 42, 43, 44, 45, 46, 47, 48, 49, 50, 51, 52, 53, 54, 55, 56, 57, 58, 59, 60, 61, 62, 63, 64, 65, 66, 67, 68, 69, 70, 71, 72, 73, 74, 75, 76, 77, 78, 79, 80, 81, 82, 83, 84, 85, 86, 87]","[47, 21, 10, 11, 1, 13, 3, 15, 5, 46, 31, 49, 12, 33, 14, 30, 18, 37, 16, 36, 35, 20, 17, 22, 23, 48, 34, 32, 40, 45, 24, 25, 38, 26, 27, 39, 41, 7, 43, 28, 19, 29, 42, 44, 8, 9, 53, 50, 52, 51, 54, 55, 57, 59, 0, 56, 58, 61, 63, 60, 2, 62, 65, 67, 64, 4, 66, 69, 68, 71, 6, 70, 73, 72, 74, 75, 77, 76, 79, 78, 81, 80, 82, 83, 85, 84, 86, 87]","[20, 11, 10, 45, 46, 21, 30, 47, 31, 32, 39, 41, 38, 33, 14, 12, 49, 37, 18, 48, 16, 35, 43, 40, 1, 13, 22, 23, 42, 9, 8, 44, 58, 3, 15, 24, 25, 34, 5, 17, 26, 27, 56, 0, 19, 57, 59, 53, 52, 50, 51, 54, 55, 2, 63, 60, 7, 28, 29, 36, 61, 62, 65, 67, 64, 4, 66, 6, 71, 68, 69, 70, 73, 72, 74, 75, 77, 76, 78, 79, 81, 80, 82, 83, 85, 84, 87, 86]",221,221,7627,13756,NOT_IMPLEMENTED,NOT_IMPLEMENTED,NOT_IMPLEMENTED,NOT_IMPLEMENTED,NOT_IMPLEMENTED,NOT_IMPLEMENTED,NOT_IMPLEMENTED,1088.0,9,120.88888888888889,-5497.444444444444,3,36,360,0,1,0,3713,0,,,,,,,,,,,,88,,,NOT_IMPLEMENTED,,true,64,"hready_counter,hready_counter',hgrant[1],hgrant[1]',$PATTERN:2.SYS_CONSTRAINT.2.P_becomes_true_between_Q_and_R.state,$PATTERN:2.SYS_CONSTRAINT.2.P_becomes_true_between_Q_and_R.state',$PATTERN:5.SYS_CONSTRAINT.5.P_becomes_true_between_Q_and_R.state,$PATTERN:5.SYS_CONSTRAINT.5.P_becomes_true_between_Q_and_R.state',$PATTERN:6.SYS_CONSTRAINT.6.P_becomes_true_between_Q_and_R.state,$PATTERN:6.SYS_CONSTRAINT.6.P_becomes_true_between_Q_and_R.state',hmastlock,hmastlock',$PATTERN:1.SYS_CONSTRAINT.1.P_becomes_true_between_Q_and_R.state,$PATTERN:1.SYS_CONSTRAINT.1.P_becomes_true_between_Q_and_R.state',start,start',hgrant[3],hgrant[3]',hgrant[0],hgrant[0]',$PATTERN:0.SYS_CONSTRAINT.0.P_becomes_true_between_Q_and_R.state,$PATTERN:0.SYS_CONSTRAINT.0.P_becomes_true_between_Q_and_R.state',$PATTERN:7.SYS_CONSTRAINT.7.P_becomes_true_between_Q_and_R.state,$PATTERN:7.SYS_CONSTRAINT.7.P_becomes_true_between_Q_and_R.state',$PATTERN:3.SYS_CONSTRAINT.3.P_becomes_true_between_Q_and_R.state,$PATTERN:3.SYS_CONSTRAINT.3.P_becomes_true_between_Q_and_R.state',locked,locked',hmaster,hmaster',decide,decide',hgrant[2],hgrant[2]',$PATTERN:4.SYS_CONSTRAINT.4.P_becomes_true_between_Q_and_R.state,$PATTERN:4.SYS_CONSTRAINT.4.P_becomes_true_between_Q_and_R.state'","hlock[0],hlock[0]',hbusreq[2],hbusreq[2]',$PATTERN:8.ENV_CONSTRAINT.8.S_responds_to_P_globally.state,$PATTERN:8.ENV_CONSTRAINT.8.S_responds_to_P_globally.state',hlock[3],hlock[3]',hburst,hburst',$PATTERN:11.ENV_CONSTRAINT.11.S_responds_to_P_globally.state,$PATTERN:11.ENV_CONSTRAINT.11.S_responds_to_P_globally.state',hbusreq[1],hbusreq[1]',$PATTERN:9.ENV_CONSTRAINT.9.S_responds_to_P_globally.state,$PATTERN:9.ENV_CONSTRAINT.9.S_responds_to_P_globally.state',hlock[2],hlock[2]',hready,hready',hbusreq[3],hbusreq[3]',hbusreq[0],hbusreq[0]',$PATTERN:10.ENV_CONSTRAINT.10.S_responds_to_P_globally.state,$PATTERN:10.ENV_CONSTRAINT.10.S_responds_to_P_globally.state',hlock[1],hlock[1]'",0,,,,,,8,5,77411724918078760598634496,128854037051069169664,3442605166011971360784384,247317215890636800,1237940039285380274899124224,773712524553362671811952640,28334198897217871282176,72057594037927936,CUDD,"Using BDD Package: CUDDFactory, Version: CUDD 3.0","import ""DwyerPatternsNew.spectra""","P_becomes_true_between_Q_and_R,S_responds_to_P_globally",12,0,false,false,[],[],,null
amba_ahb_4,REDUCED,amba_ahb_4.spectra,0,REALIZABILITY,SYS_REAL,"TEMP: false, SORT_AFTERWARDS: false, GROUP_OPTION: NO_GROUPING, INCREMENTAL_ADDITION: NO_INCREMENTAL, USE_RABIN: false, GROUP_AUX: NO_GROUPING, STATIC_ORDER: NO_STATIC_ORDERING, ROY_SIFT_MARKER: false, MAKE_LAST: false, MEMORYLESS: true, REORDER_METHOD: SIFT, NEW_PATTERN: true, INCREMENTAL_JUSTICES: NO_INCREMENTAL, REDUCED_ALGORITHM: FALSE, PARALLEL: false, ORIGINAL: false, BUCHI_INTERSECTION: false, NEW_TRIGGER: false, PARTITIONED: SINGLE_FUNC, VERIFICATION: true, CREATE_GRAPH: false",2943,16,97,-1,465,3521,"[0, 1, 2, 3, 4, 5, 6, 7, 8, 9, 10, 11, 12, 13, 14, 15, 16, 17, 18, 19, 20, 21, 22, 23, 24, 25, 26, 27, 28, 29, 30, 31, 32, 33, 34, 35, 36, 37, 38, 39, 40, 41, 42, 43, 44, 45, 46, 47, 48, 49, 50, 51, 52, 53, 54, 55, 56, 57, 58, 59, 60, 61, 62, 63, 64, 65, 66, 67, 68, 69, 70, 71]","[0, 1, 2, 3, 4, 5, 6, 7, 8, 9, 10, 11, 12, 13, 14, 15, 16, 17, 18, 19, 20, 21, 22, 23, 24, 25, 26, 27, 28, 29, 30, 31, 32, 33, 34, 35, 36, 37, 38, 39, 40, 41, 42, 43, 44, 45, 46, 47, 48, 49, 50, 51, 52, 53, 54, 55, 56, 57, 58, 59, 60, 61, 62, 63, 64, 65, 66, 67, 68, 69, 70, 71]","[71, 70, 21, 47, 32, 66, 67, 2, 10, 11, 1, 13, 3, 15, 22, 23, 5, 17, 45, 6, 62, 63, 58, 59, 46, 31, 49, 12, 33, 14, 20, 35, 16, 18, 30, 48, 37, 36, 69, 68, 4, 34, 24, 25, 26, 27, 40, 60, 61, 38, 39, 7, 19, 28, 41, 43, 29, 42, 44, 8, 9, 0, 56, 57, 64, 65, 52, 50, 51, 53, 54, 55]","[36, 70, 32, 66, 20, 10, 11, 45, 21, 38, 40, 33, 46, 30, 39, 41, 67, 47, 3, 15, 2, 58, 59, 6, 62, 7, 63, 71, 31, 1, 13, 22, 23, 14, 12, 37, 18, 19, 49, 48, 24, 25, 16, 43, 35, 42, 34, 68, 9, 8, 44, 28, 5, 17, 26, 27, 4, 69, 60, 61, 29, 0, 56, 57, 64, 65, 52, 50, 51, 53, 55, 54]",109,109,2791,3574,NOT_IMPLEMENTED,NOT_IMPLEMENTED,NOT_IMPLEMENTED,NOT_IMPLEMENTED,NOT_IMPLEMENTED,NOT_IMPLEMENTED,NOT_IMPLEMENTED,378.0,10,37.8,-2321.8,4,8,70,0,1,0,419,0,,,,,,,,,,,,72,,,NOT_IMPLEMENTED,,true,64,"$PATTERN:3.SYS_CONSTRAINT.3.P_becomes_true_between_Q_and_R.state,$PATTERN:3.SYS_CONSTRAINT.3.P_becomes_true_between_Q_and_R.state',hready_counter,hready_counter',hgrant[1],hgrant[1]',start,start',$PATTERN:6.SYS_CONSTRAINT.6.P_becomes_true_between_Q_and_R.state,$PATTERN:6.SYS_CONSTRAINT.6.P_becomes_true_between_Q_and_R.state',$PATTERN:4.SYS_CONSTRAINT.4.P_becomes_true_between_Q_and_R.state,$PATTERN:4.SYS_CONSTRAINT.4.P_becomes_true_between_Q_and_R.state',decide,decide',hmaster,hmaster',$PATTERN:0.SYS_CONSTRAINT.0.P_becomes_true_between_Q_and_R.state,$PATTERN:0.SYS_CONSTRAINT.0.P_becomes_true_between_Q_and_R.state',locked,locked',$PATTERN:5.SYS_CONSTRAINT.5.P_becomes_true_between_Q_and_R.state,$PATTERN:5.SYS_CONSTRAINT.5.P_becomes_true_between_Q_and_R.state',$PATTERN:1.SYS_CONSTRAINT.1.P_becomes_true_between_Q_and_R.state,$PATTERN:1.SYS_CONSTRAINT.1.P_becomes_true_between_Q_and_R.state',hgrant[0],hgrant[0]',hgrant[3],hgrant[3]',hgrant[2],hgrant[2]',$PATTERN:7.SYS_CONSTRAINT.7.P_becomes_true_between_Q_and_R.state,$PATTERN:7.SYS_CONSTRAINT.7.P_becomes_true_between_Q_and_R.state',hmastlock,hmastlock',$PATTERN:2.SYS_CONSTRAINT.2.P_becomes_true_between_Q_and_R.state,$PATTERN:2.SYS_CONSTRAINT.2.P_becomes_true_between_Q_and_R.state'","hbusreq[0],hbusreq[0]',$PATTERN:10.ENV_CONSTRAINT.10.S_responds_to_P_globally.state,$PATTERN:10.ENV_CONSTRAINT.10.S_responds_to_P_globally.state',hready,hready',hlock[0],hlock[0]',hlock[3],hlock[3]',$PATTERN:9.ENV_CONSTRAINT.9.S_responds_to_P_globally.state,$PATTERN:9.ENV_CONSTRAINT.9.S_responds_to_P_globally.state',hbusreq[3],hbusreq[3]',hlock[2],hlock[2]',$PATTERN:11.ENV_CONSTRAINT.11.S_responds_to_P_globally.state,$PATTERN:11.ENV_CONSTRAINT.11.S_responds_to_P_globally.state',$PATTERN:8.ENV_CONSTRAINT.8.S_responds_to_P_globally.state,$PATTERN:8.ENV_CONSTRAINT.8.S_responds_to_P_globally.state',hbusreq[2],hbusreq[2]',hburst,hburst',hlock[1],hlock[1]',hbusreq[1],hbusreq[1]'",0,,,,,,1,5,1338687178305276215296,503336082230738944,52529986053649465344,3361295092940800,4722366482869645213696,11805916207174113034240,432345564227567616,281474976710656,CUDD,"Using BDD Package: CUDDFactory, Version: CUDD 3.0","import ""DwyerPatternsNewReduced.spectra""","P_becomes_true_between_Q_and_R,S_responds_to_P_globally",12,0,false,false,"[REMOVED_HOLE, REMOVED_HOLE, REMOVED_HOLE, REMOVED_HOLE, REMOVED_HOLE, REMOVED_HOLE, REMOVED_HOLE, REMOVED_HOLE, REMOVED_JUSTICE, REMOVED_JUSTICE, REMOVED_JUSTICE, REMOVED_JUSTICE, REMOVED_JUSTICE, REMOVED_JUSTICE, REMOVED_JUSTICE, REMOVED_JUSTICE, REMOVED_VAR, REMOVED_VAR, REMOVED_VAR, REMOVED_VAR, REMOVED_VAR, REMOVED_VAR, REMOVED_VAR, REMOVED_VAR]",[],,null
