Spec,RunConfig,UniqueIdentifier,TIMEOUT,ActionType,Result,CONFIG_TXT,INITIAL_BDD_TIME,HEURISTICS_TIME,SECOND_STEP_TIME,PARALLEL_OVERHEAD_TIME,WORK_TIME,TOTAL_TIME,PRE_ROYBDD_ORDER,POST_HEURISTICS_ORDER,POST_SECOND_STEP_ORDER,POST_WORK_ORDER,PRE_ROYBDD_NODE_SIZE,POST_HEURISTICS_NODE_SIZE,POST_SECOND_STEP_NODE_SIZE,POST_WORK_NODE_SIZE,AVERAGE_AUX_SIZE,AVERAGE_SYS_DOM_IN_CONSTRAINT,AVERAGE_ENV_DOM_IN_CONSTRAINT,AVERAGE_SYS_DOM_SIZE,AVERAGE_ENV_DOM_SIZE,AVERAGE_CONSTRAINT_COMPLEXITY,INTERCONNECTNESS_INDEX,TOTAL_REORDER_TIME,REORDER_CALL_AMOUNT,AVERAGE_REORDER_TIME,AVERAGE_REORDER_GAIN,Z_FIXPOINTS,Y_FIXPOINTS,X_FIXPOINTS,W_FIXPOINTS,REAL_CASES,UNREAL_CASES,REAL_TIME,UNREAL_TIME,GRAPH_DATA,CLUSTER_INC_DATA,CLUSTER_VAR_DATA,DOMAIN_GRAPH_DATA,CONSTRAINT_GRAPH_DATA,JUST_STRING_COUNT,JUST_STRING_ENV_COUNT,TRANS_STRING_SYS_COUNT,TRANS_STRING_ENV_COUNT,INI_STRING_ENV_COUNT,INI_STRING_SYS_COUNT,TOTAL_VARS,SYS_VARS,ENV_VARS,AUX_VARS,UNUSED_CONS_VARS,ARRAYS_INSTANCES,TOTAL_DOMS,SYS_DOMS,ENV_DOMS,AUX_DOMS,DOMS_NOT_QUANTIFIED,INI_SYS_CONSTRAINTS,INI_ENV_CONSTRAINTS,TRANS_ENV_CONSTRAINTS,TRANS_SYS_CONSTRAINTS,JUSTICE_SYS_AMOUNT,JUSTICE_ENV_AMOUNT,Z_SAT_COUNT,Z_SAT_COUNT_START_S0,TRANS_ENV_SAT,TRANS_SYS_SAT,JUSTS_SYS_SAT,JUSTS_ENV_SAT,INI_ENV_SAT,INI_SYS_SAT,FACTORY_TYPE,BDDPACKAGE,IMPORT,UNIQUE_PATTERNS,PATTERN_INSTANCES,TRIGGER_INSTANCES,MONITORS_INSTANCES,COUNTERS_INSTANCES,REDUCED_PATTERN,REDUCED_TRIGGER,SWAPPED_TO_ORIGINAL,ADDITIONAL
1672503467,NOTHING,1672503467.spectra,0,REALIZABILITY,SYS_UNREAL,"TEMP: false, SORT_AFTERWARDS: false, GROUP_OPTION: NO_GROUPING, INCREMENTAL_ADDITION: NO_INCREMENTAL, USE_RABIN: false, GROUP_AUX: NO_GROUPING, STATIC_ORDER: NO_STATIC_ORDERING, ROY_SIFT_MARKER: false, MAKE_LAST: false, MEMORYLESS: false, REORDER_METHOD: SIFT, NEW_PATTERN: false, INCREMENTAL_JUSTICES: NO_INCREMENTAL, REDUCED_ALGORITHM: FALSE, PARALLEL: false, ORIGINAL: false, BUCHI_INTERSECTION: false, NEW_TRIGGER: false, PARTITIONED: SINGLE_FUNC, VERIFICATION: true, CREATE_GRAPH: false",2859,16,406,-1,218979,222260,"[0, 1, 2, 3, 4, 5, 6, 7, 8, 9, 10, 11, 12, 13, 14, 15, 16, 17, 18, 19, 20, 21, 22, 23, 24, 25, 26, 27, 28, 29, 30, 31, 32, 33, 34, 35, 36, 37, 38, 39, 40, 41, 42, 43, 44, 45, 46, 47, 48, 49, 50, 51, 52, 53, 54, 55, 56, 57, 58, 59, 60, 61, 62, 63, 64, 65, 66, 67, 68, 69]","[0, 1, 2, 3, 4, 5, 6, 7, 8, 9, 10, 11, 12, 13, 14, 15, 16, 17, 18, 19, 20, 21, 22, 23, 24, 25, 26, 27, 28, 29, 30, 31, 32, 33, 34, 35, 36, 37, 38, 39, 40, 41, 42, 43, 44, 45, 46, 47, 48, 49, 50, 51, 52, 53, 54, 55, 56, 57, 58, 59, 60, 61, 62, 63, 64, 65, 66, 67, 68, 69]","[68, 63, 62, 69, 59, 61, 58, 60, 54, 55, 31, 32, 7, 8, 11, 10, 35, 34, 9, 30, 6, 33, 47, 46, 44, 43, 45, 19, 20, 22, 23, 42, 18, 21, 36, 12, 15, 17, 38, 14, 16, 13, 37, 39, 41, 1, 2, 0, 40, 3, 5, 4, 48, 24, 27, 51, 29, 50, 28, 26, 49, 25, 52, 53, 56, 57, 66, 67, 64, 65]","[69, 68, 55, 59, 54, 61, 58, 60, 32, 31, 8, 7, 35, 34, 38, 14, 17, 13, 16, 37, 50, 15, 12, 36, 6, 30, 41, 53, 40, 10, 11, 39, 52, 9, 29, 49, 33, 48, 51, 5, 4, 3, 2, 1, 0, 47, 46, 45, 44, 43, 23, 42, 20, 18, 19, 21, 22, 27, 28, 24, 26, 25, 62, 63, 57, 56, 67, 66, 65, 64]",292,292,7076,178279,NOT_IMPLEMENTED,NOT_IMPLEMENTED,NOT_IMPLEMENTED,NOT_IMPLEMENTED,NOT_IMPLEMENTED,NOT_IMPLEMENTED,NOT_IMPLEMENTED,37111.0,21,1767.1904761904755,-23507.523809523813,6,182,2604,0,0,0,0,0,,,,,,,,,,,,70,,,NOT_IMPLEMENTED,,false,30,"$COUNTER:0.packagesCounter0,$COUNTER:0.packagesCounter0',$COUNTER:2.packagesCounter1,$COUNTER:2.packagesCounter1',robotX1,robotX1',$COUNTER:1.groundFloorCounter1,$COUNTER:1.groundFloorCounter1',$COUNTER:3.groundFloorCounter0,$COUNTER:3.groundFloorCounter0',robotY1,robotY1',robotX0,robotX0',$PATTERN:0.SYS_CONSTRAINT.0.S_responds_to_P_globally.state,$PATTERN:0.SYS_CONSTRAINT.0.S_responds_to_P_globally.state',robotY0,robotY0',$PATTERN:1.SYS_CONSTRAINT.1.S_responds_to_P_globally.state,$PATTERN:1.SYS_CONSTRAINT.1.S_responds_to_P_globally.state'","lamp1X,lamp1X',elevatorY,elevatorY',lamp0Y,lamp0Y',lamp0X,lamp0X',lamp1Y,lamp1Y'",8,,,,,,4,2,0,0,19738226851840000,1882276910530560,1201344207800334548992,295147905179352825856,135107988821114880000,23183546269040640,CUDD,"Using BDD Package: CUDDFactory, Version: CUDD 3.0","import ""DwyerPatternsNew.spectra""",S_responds_to_P_globally,2,0,false,true,[],[],,null
1672503467,FINAL,1672503467.spectra,1
1672503467,NOTHING,1672503467.spectra,0,REALIZABILITY,SYS_UNREAL,"TEMP: false, SORT_AFTERWARDS: false, GROUP_OPTION: NO_GROUPING, INCREMENTAL_ADDITION: NO_INCREMENTAL, USE_RABIN: false, GROUP_AUX: NO_GROUPING, STATIC_ORDER: NO_STATIC_ORDERING, ROY_SIFT_MARKER: false, MAKE_LAST: false, MEMORYLESS: false, REORDER_METHOD: SIFT, NEW_PATTERN: false, INCREMENTAL_JUSTICES: NO_INCREMENTAL, REDUCED_ALGORITHM: FALSE, PARALLEL: false, ORIGINAL: false, BUCHI_INTERSECTION: false, NEW_TRIGGER: false, PARTITIONED: SINGLE_FUNC, VERIFICATION: true, CREATE_GRAPH: false",2922,15,375,-1,280072,283384,"[0, 1, 2, 3, 4, 5, 6, 7, 8, 9, 10, 11, 12, 13, 14, 15, 16, 17, 18, 19, 20, 21, 22, 23, 24, 25, 26, 27, 28, 29, 30, 31, 32, 33, 34, 35, 36, 37, 38, 39, 40, 41, 42, 43, 44, 45, 46, 47, 48, 49, 50, 51, 52, 53, 54, 55, 56, 57, 58, 59, 60, 61, 62, 63, 64, 65, 66, 67, 68, 69]","[0, 1, 2, 3, 4, 5, 6, 7, 8, 9, 10, 11, 12, 13, 14, 15, 16, 17, 18, 19, 20, 21, 22, 23, 24, 25, 26, 27, 28, 29, 30, 31, 32, 33, 34, 35, 36, 37, 38, 39, 40, 41, 42, 43, 44, 45, 46, 47, 48, 49, 50, 51, 52, 53, 54, 55, 56, 57, 58, 59, 60, 61, 62, 63, 64, 65, 66, 67, 68, 69]","[69, 62, 63, 32, 8, 31, 7, 10, 11, 35, 34, 9, 6, 30, 33, 44, 43, 19, 20, 47, 46, 45, 22, 23, 21, 42, 18, 61, 59, 60, 58, 54, 55, 36, 12, 15, 17, 38, 14, 16, 13, 68, 37, 39, 3, 0, 40, 41, 5, 48, 1, 2, 51, 4, 24, 27, 29, 50, 28, 26, 49, 25, 53, 52, 56, 57, 66, 67, 65, 64]","[32, 31, 8, 7, 11, 10, 69, 68, 59, 61, 58, 54, 55, 60, 35, 34, 38, 14, 6, 13, 37, 50, 12, 36, 30, 40, 41, 53, 17, 9, 16, 52, 15, 39, 51, 33, 48, 49, 5, 4, 46, 3, 47, 2, 1, 0, 43, 44, 23, 22, 45, 21, 42, 18, 20, 19, 24, 29, 27, 28, 26, 25, 63, 62, 57, 56, 66, 67, 65, 64]",292,292,11385,178716,NOT_IMPLEMENTED,NOT_IMPLEMENTED,NOT_IMPLEMENTED,NOT_IMPLEMENTED,NOT_IMPLEMENTED,NOT_IMPLEMENTED,NOT_IMPLEMENTED,30754.0,19,1618.6315789473688,-24626.052631578954,6,182,2604,0,0,0,0,0,,,,,,,,,,,,70,,,NOT_IMPLEMENTED,,false,30,"$COUNTER:0.packagesCounter0,$COUNTER:0.packagesCounter0',$COUNTER:2.packagesCounter1,$COUNTER:2.packagesCounter1',robotX1,robotX1',$COUNTER:1.groundFloorCounter1,$COUNTER:1.groundFloorCounter1',$COUNTER:3.groundFloorCounter0,$COUNTER:3.groundFloorCounter0',robotY1,robotY1',robotX0,robotX0',$PATTERN:0.SYS_CONSTRAINT.0.S_responds_to_P_globally.state,$PATTERN:0.SYS_CONSTRAINT.0.S_responds_to_P_globally.state',robotY0,robotY0',$PATTERN:1.SYS_CONSTRAINT.1.S_responds_to_P_globally.state,$PATTERN:1.SYS_CONSTRAINT.1.S_responds_to_P_globally.state'","lamp1X,lamp1X',elevatorY,elevatorY',lamp0Y,lamp0Y',lamp0X,lamp0X',lamp1Y,lamp1Y'",8,,,,,,4,2,0,0,19738226851840000,1882276910530560,1201344207800334548992,295147905179352825856,135107988821114880000,23183546269040640,CUDD,"Using BDD Package: CUDDFactory, Version: CUDD 3.0","import ""DwyerPatternsNew.spectra""",S_responds_to_P_globally,2,0,false,true,[],[],,null
1672503467,NOTHING,1672503467.spectra,0,REALIZABILITY,SYS_UNREAL,"TEMP: false, SORT_AFTERWARDS: false, GROUP_OPTION: NO_GROUPING, INCREMENTAL_ADDITION: NO_INCREMENTAL, USE_RABIN: false, GROUP_AUX: NO_GROUPING, STATIC_ORDER: NO_STATIC_ORDERING, ROY_SIFT_MARKER: false, MAKE_LAST: false, MEMORYLESS: false, REORDER_METHOD: SIFT, NEW_PATTERN: false, INCREMENTAL_JUSTICES: NO_INCREMENTAL, REDUCED_ALGORITHM: FALSE, PARALLEL: false, ORIGINAL: false, BUCHI_INTERSECTION: false, NEW_TRIGGER: false, PARTITIONED: SINGLE_FUNC, VERIFICATION: true, CREATE_GRAPH: false",2938,15,376,-1,207506,210835,"[0, 1, 2, 3, 4, 5, 6, 7, 8, 9, 10, 11, 12, 13, 14, 15, 16, 17, 18, 19, 20, 21, 22, 23, 24, 25, 26, 27, 28, 29, 30, 31, 32, 33, 34, 35, 36, 37, 38, 39, 40, 41, 42, 43, 44, 45, 46, 47, 48, 49, 50, 51, 52, 53, 54, 55, 56, 57, 58, 59, 60, 61, 62, 63, 64, 65, 66, 67, 68, 69]","[0, 1, 2, 3, 4, 5, 6, 7, 8, 9, 10, 11, 12, 13, 14, 15, 16, 17, 18, 19, 20, 21, 22, 23, 24, 25, 26, 27, 28, 29, 30, 31, 32, 33, 34, 35, 36, 37, 38, 39, 40, 41, 42, 43, 44, 45, 46, 47, 48, 49, 50, 51, 52, 53, 54, 55, 56, 57, 58, 59, 60, 61, 62, 63, 64, 65, 66, 67, 68, 69]","[68, 63, 62, 69, 59, 61, 58, 60, 54, 55, 31, 32, 7, 8, 11, 10, 35, 34, 9, 30, 6, 33, 47, 46, 44, 43, 45, 19, 20, 22, 23, 42, 18, 21, 36, 12, 15, 17, 38, 14, 16, 13, 37, 39, 41, 1, 2, 0, 40, 3, 5, 4, 48, 24, 27, 51, 29, 50, 28, 26, 49, 25, 52, 53, 56, 57, 66, 67, 64, 65]","[69, 68, 55, 59, 54, 61, 58, 60, 32, 31, 8, 7, 35, 34, 38, 14, 17, 13, 16, 37, 50, 15, 12, 36, 6, 30, 41, 53, 40, 10, 11, 39, 52, 9, 29, 49, 33, 48, 51, 5, 4, 3, 2, 1, 0, 47, 46, 45, 44, 43, 23, 42, 20, 18, 19, 21, 22, 27, 28, 24, 26, 25, 62, 63, 57, 56, 67, 66, 65, 64]",292,292,7076,178279,NOT_IMPLEMENTED,NOT_IMPLEMENTED,NOT_IMPLEMENTED,NOT_IMPLEMENTED,NOT_IMPLEMENTED,NOT_IMPLEMENTED,NOT_IMPLEMENTED,34487.0,21,1642.2380952380952,-23507.523809523813,6,182,2604,0,0,0,0,0,,,,,,,,,,,,70,,,NOT_IMPLEMENTED,,false,30,"$COUNTER:0.packagesCounter0,$COUNTER:0.packagesCounter0',$COUNTER:2.packagesCounter1,$COUNTER:2.packagesCounter1',robotX1,robotX1',$COUNTER:1.groundFloorCounter1,$COUNTER:1.groundFloorCounter1',$COUNTER:3.groundFloorCounter0,$COUNTER:3.groundFloorCounter0',robotY1,robotY1',robotX0,robotX0',$PATTERN:0.SYS_CONSTRAINT.0.S_responds_to_P_globally.state,$PATTERN:0.SYS_CONSTRAINT.0.S_responds_to_P_globally.state',robotY0,robotY0',$PATTERN:1.SYS_CONSTRAINT.1.S_responds_to_P_globally.state,$PATTERN:1.SYS_CONSTRAINT.1.S_responds_to_P_globally.state'","lamp1X,lamp1X',elevatorY,elevatorY',lamp0Y,lamp0Y',lamp0X,lamp0X',lamp1Y,lamp1Y'",8,,,,,,4,2,0,0,19738226851840000,1882276910530560,1201344207800334548992,295147905179352825856,135107988821114880000,23183546269040640,CUDD,"Using BDD Package: CUDDFactory, Version: CUDD 3.0","import ""DwyerPatternsNew.spectra""",S_responds_to_P_globally,2,0,false,true,[],[],,null
1672504135,NOTHING,1672504135.spectra,0,REALIZABILITY,SYS_REAL,"TEMP: false, SORT_AFTERWARDS: false, GROUP_OPTION: NO_GROUPING, INCREMENTAL_ADDITION: NO_INCREMENTAL, USE_RABIN: false, GROUP_AUX: NO_GROUPING, STATIC_ORDER: NO_STATIC_ORDERING, ROY_SIFT_MARKER: false, MAKE_LAST: false, MEMORYLESS: false, REORDER_METHOD: SIFT, NEW_PATTERN: false, INCREMENTAL_JUSTICES: NO_INCREMENTAL, REDUCED_ALGORITHM: FALSE, PARALLEL: false, ORIGINAL: false, BUCHI_INTERSECTION: false, NEW_TRIGGER: false, PARTITIONED: SINGLE_FUNC, VERIFICATION: true, CREATE_GRAPH: false",3234,16,312,-1,76391,79953,"[0, 1, 2, 3, 4, 5, 6, 7, 8, 9, 10, 11, 12, 13, 14, 15, 16, 17, 18, 19, 20, 21, 22, 23, 24, 25, 26, 27, 28, 29, 30, 31, 32, 33, 34, 35, 36, 37, 38, 39, 40, 41, 42, 43, 44, 45, 46, 47, 48, 49, 50, 51, 52, 53, 54, 55, 56, 57, 58, 59, 60, 61, 62, 63, 64, 65]","[0, 1, 2, 3, 4, 5, 6, 7, 8, 9, 10, 11, 12, 13, 14, 15, 16, 17, 18, 19, 20, 21, 22, 23, 24, 25, 26, 27, 28, 29, 30, 31, 32, 33, 34, 35, 36, 37, 38, 39, 40, 41, 42, 43, 44, 45, 46, 47, 48, 49, 50, 51, 52, 53, 54, 55, 56, 57, 58, 59, 60, 61, 62, 63, 64, 65]","[31, 7, 32, 8, 10, 11, 35, 9, 6, 30, 34, 33, 44, 20, 43, 19, 22, 23, 46, 45, 42, 18, 21, 47, 36, 12, 39, 61, 59, 60, 58, 54, 55, 15, 17, 14, 16, 38, 13, 37, 0, 3, 40, 41, 2, 1, 4, 48, 51, 5, 53, 52, 24, 27, 29, 50, 28, 26, 49, 25, 56, 57, 65, 64, 62, 63]","[54, 32, 31, 7, 8, 10, 55, 11, 59, 61, 58, 60, 35, 34, 9, 6, 14, 38, 13, 37, 12, 36, 30, 41, 17, 16, 40, 15, 39, 33, 47, 46, 5, 48, 50, 49, 2, 1, 0, 4, 53, 52, 51, 3, 45, 56, 43, 44, 42, 18, 19, 20, 23, 21, 22, 27, 28, 29, 24, 26, 25, 57, 64, 65, 63, 62]",288,288,7354,10459,NOT_IMPLEMENTED,NOT_IMPLEMENTED,NOT_IMPLEMENTED,NOT_IMPLEMENTED,NOT_IMPLEMENTED,NOT_IMPLEMENTED,NOT_IMPLEMENTED,11000.0,18,611.111111111111,-16547.94444444445,2,62,558,0,1,0,76344,0,,,,,,,,,,,,66,,,NOT_IMPLEMENTED,,false,26,"$PATTERN:1.SYS_CONSTRAINT.1.S_responds_to_P_globally.state,$PATTERN:1.SYS_CONSTRAINT.1.S_responds_to_P_globally.state',robotX0,robotX0',robotY1,robotY1',$PATTERN:0.SYS_CONSTRAINT.0.S_responds_to_P_globally.state,$PATTERN:0.SYS_CONSTRAINT.0.S_responds_to_P_globally.state',$COUNTER:1.packagesCounter1,$COUNTER:1.packagesCounter1',$COUNTER:0.packagesCounter0,$COUNTER:0.packagesCounter0',robotX1,robotX1',robotY0,robotY0'","lamp1X,lamp1X',lamp0X,lamp0X',lamp1Y,lamp1Y',lamp0Y,lamp0Y',elevatorY,elevatorY'",4,,,,,,4,2,67797155049172369408,16949288762293092352,1233639178240000,471011230679040,75084012987520909312,18446744073709551616,8444249301319680000,5981343255101440,CUDD,"Using BDD Package: CUDDFactory, Version: CUDD 3.0","import ""DwyerPatternsNew.spectra""",S_responds_to_P_globally,2,0,false,true,[],[],,null
1672504135,FINAL,1672504135.spectra,0,REALIZABILITY,SYS_REAL,"TEMP: false, SORT_AFTERWARDS: false, GROUP_OPTION: NO_GROUPING, INCREMENTAL_ADDITION: NO_INCREMENTAL, USE_RABIN: false, GROUP_AUX: GROUP_PAIR, STATIC_ORDER: REVERSE_CUTHILL, ROY_SIFT_MARKER: false, MAKE_LAST: false, MEMORYLESS: true, REORDER_METHOD: SIFT, NEW_PATTERN: true, INCREMENTAL_JUSTICES: INCREMENTAL_GRAPH, REDUCED_ALGORITHM: FALSE, PARALLEL: false, ORIGINAL: false, BUCHI_INTERSECTION: false, NEW_TRIGGER: true, PARTITIONED: SINGLE_FUNC, VERIFICATION: true, CREATE_GRAPH: false",2719,141,328,-1,70267,73455,"[0, 1, 2, 3, 4, 5, 6, 7, 8, 9, 10, 11, 12, 13, 14, 15, 16, 17, 18, 19, 20, 21, 22, 23, 24, 25, 26, 27, 28, 29, 30, 31, 32, 33, 34, 35, 36, 37, 38, 39, 40, 41, 42, 43, 44, 45, 46, 47, 48, 49, 50, 51, 52, 53, 54, 55, 56, 57, 58, 59, 60, 61, 62, 63, 64, 65]","[0, 1, 2, 3, 4, 5, 6, 7, 8, 9, 10, 11, 12, 13, 14, 15, 16, 17, 18, 19, 20, 21, 22, 23, 24, 25, 26, 27, 28, 29, 30, 31, 32, 33, 34, 35, 36, 37, 38, 39, 40, 41, 42, 43, 44, 45, 46, 47, 48, 49, 50, 51, 52, 53, 54, 55, 56, 57, 58, 59, 60, 61, 62, 63, 64, 65]","[59, 61, 60, 58, 54, 55, 63, 62, 64, 65, 31, 32, 7, 8, 11, 10, 9, 6, 30, 35, 34, 56, 57, 47, 33, 46, 43, 45, 42, 18, 19, 48, 24, 51, 3, 39, 36, 12, 0, 41, 5, 4, 1, 2, 15, 17, 14, 16, 13, 37, 38, 21, 40, 52, 53, 22, 23, 20, 44, 27, 29, 26, 28, 25, 50, 49]","[59, 61, 60, 58, 54, 55, 32, 31, 8, 7, 11, 10, 35, 9, 6, 30, 34, 33, 14, 38, 13, 37, 12, 36, 47, 46, 41, 17, 53, 40, 16, 15, 48, 50, 44, 23, 22, 21, 43, 45, 20, 19, 42, 18, 39, 51, 49, 5, 4, 3, 0, 1, 2, 52, 27, 28, 29, 25, 24, 26, 56, 57, 65, 62, 63, 64]",288,294,14510,102491,NOT_IMPLEMENTED,NOT_IMPLEMENTED,NOT_IMPLEMENTED,NOT_IMPLEMENTED,NOT_IMPLEMENTED,NOT_IMPLEMENTED,NOT_IMPLEMENTED,10721.0,16,670.0625,-19586.9375,2,62,558,0,1,0,70235,0,,,,,,,,,,,,66,,,NOT_IMPLEMENTED,,false,26,"robotX1,robotX1',$PATTERN:0.SYS_CONSTRAINT.0.S_responds_to_P_globally.state,$PATTERN:0.SYS_CONSTRAINT.0.S_responds_to_P_globally.state',robotX0,robotX0',robotY1,robotY1',$COUNTER:1.packagesCounter1,$COUNTER:1.packagesCounter1',$COUNTER:0.packagesCounter0,$COUNTER:0.packagesCounter0',$PATTERN:1.SYS_CONSTRAINT.1.S_responds_to_P_globally.state,$PATTERN:1.SYS_CONSTRAINT.1.S_responds_to_P_globally.state',robotY0,robotY0'","lamp1Y,lamp1Y',lamp0X,lamp0X',elevatorY,elevatorY',lamp0Y,lamp0Y',lamp1X,lamp1X'",4,,,,,,4,2,67797155049172369408,16949288762293092352,1233639178240000,471011230679040,75084012987520909312,18446744073709551616,8444249301319680000,5981343255101440,CUDD,"Using BDD Package: CUDDFactory, Version: CUDD 3.0","import ""DwyerPatternsNewReduced.spectra""",S_responds_to_P_globally,2,0,false,true,[],[],,null
1672504135,NOTHING,1672504135.spectra,0,REALIZABILITY,SYS_REAL,"TEMP: false, SORT_AFTERWARDS: false, GROUP_OPTION: NO_GROUPING, INCREMENTAL_ADDITION: NO_INCREMENTAL, USE_RABIN: false, GROUP_AUX: NO_GROUPING, STATIC_ORDER: NO_STATIC_ORDERING, ROY_SIFT_MARKER: false, MAKE_LAST: false, MEMORYLESS: false, REORDER_METHOD: SIFT, NEW_PATTERN: false, INCREMENTAL_JUSTICES: NO_INCREMENTAL, REDUCED_ALGORITHM: FALSE, PARALLEL: false, ORIGINAL: false, BUCHI_INTERSECTION: false, NEW_TRIGGER: false, PARTITIONED: SINGLE_FUNC, VERIFICATION: true, CREATE_GRAPH: false",2828,16,344,-1,15187,18375,"[0, 1, 2, 3, 4, 5, 6, 7, 8, 9, 10, 11, 12, 13, 14, 15, 16, 17, 18, 19, 20, 21, 22, 23, 24, 25, 26, 27, 28, 29, 30, 31, 32, 33, 34, 35, 36, 37, 38, 39, 40, 41, 42, 43, 44, 45, 46, 47, 48, 49, 50, 51, 52, 53, 54, 55, 56, 57, 58, 59, 60, 61, 62, 63, 64, 65]","[0, 1, 2, 3, 4, 5, 6, 7, 8, 9, 10, 11, 12, 13, 14, 15, 16, 17, 18, 19, 20, 21, 22, 23, 24, 25, 26, 27, 28, 29, 30, 31, 32, 33, 34, 35, 36, 37, 38, 39, 40, 41, 42, 43, 44, 45, 46, 47, 48, 49, 50, 51, 52, 53, 54, 55, 56, 57, 58, 59, 60, 61, 62, 63, 64, 65]","[47, 32, 31, 7, 8, 10, 11, 35, 34, 9, 6, 30, 33, 46, 43, 19, 45, 42, 18, 44, 36, 12, 39, 15, 17, 3, 59, 61, 60, 58, 54, 55, 38, 14, 16, 13, 37, 0, 41, 40, 2, 1, 4, 5, 21, 22, 23, 48, 24, 51, 20, 27, 29, 50, 28, 26, 49, 25, 53, 52, 56, 57, 65, 64, 62, 63]","[59, 61, 58, 60, 54, 55, 8, 7, 32, 31, 11, 10, 35, 9, 34, 6, 14, 12, 38, 36, 15, 48, 13, 37, 30, 16, 17, 40, 41, 39, 51, 49, 52, 33, 44, 43, 5, 4, 3, 46, 2, 0, 1, 45, 42, 50, 47, 18, 53, 19, 23, 21, 22, 20, 27, 28, 24, 29, 25, 26, 56, 57, 64, 65, 63, 62]",288,288,9335,10623,NOT_IMPLEMENTED,NOT_IMPLEMENTED,NOT_IMPLEMENTED,NOT_IMPLEMENTED,NOT_IMPLEMENTED,NOT_IMPLEMENTED,NOT_IMPLEMENTED,2093.0,16,130.8125,-3984.9375,2,62,558,0,1,0,15156,0,,,,,,,,,,,,66,,,NOT_IMPLEMENTED,,false,26,"robotX1,robotX1',robotY0,robotY0',$PATTERN:1.SYS_CONSTRAINT.1.S_responds_to_P_globally.state,$PATTERN:1.SYS_CONSTRAINT.1.S_responds_to_P_globally.state',robotY1,robotY1',$PATTERN:0.SYS_CONSTRAINT.0.S_responds_to_P_globally.state,$PATTERN:0.SYS_CONSTRAINT.0.S_responds_to_P_globally.state',$COUNTER:1.packagesCounter1,$COUNTER:1.packagesCounter1',$COUNTER:0.packagesCounter0,$COUNTER:0.packagesCounter0',robotX0,robotX0'","lamp1Y,lamp1Y',lamp0X,lamp0X',elevatorY,elevatorY',lamp0Y,lamp0Y',lamp1X,lamp1X'",4,,,,,,4,2,67797155049172369408,16949288762293092352,1233639178240000,471011230679040,75084012987520909312,18446744073709551616,8444249301319680000,5981343255101440,CUDD,"Using BDD Package: CUDDFactory, Version: CUDD 3.0","import ""DwyerPatternsNew.spectra""",S_responds_to_P_globally,2,0,false,true,[],[],,null
1672504135,FINAL,1672504135.spectra,0,REALIZABILITY,SYS_REAL,"TEMP: false, SORT_AFTERWARDS: false, GROUP_OPTION: NO_GROUPING, INCREMENTAL_ADDITION: NO_INCREMENTAL, USE_RABIN: false, GROUP_AUX: GROUP_PAIR, STATIC_ORDER: REVERSE_CUTHILL, ROY_SIFT_MARKER: false, MAKE_LAST: false, MEMORYLESS: true, REORDER_METHOD: SIFT, NEW_PATTERN: true, INCREMENTAL_JUSTICES: INCREMENTAL_GRAPH, REDUCED_ALGORITHM: FALSE, PARALLEL: false, ORIGINAL: false, BUCHI_INTERSECTION: false, NEW_TRIGGER: true, PARTITIONED: SINGLE_FUNC, VERIFICATION: true, CREATE_GRAPH: false",2626,171,359,-1,24923,28079,"[0, 1, 2, 3, 4, 5, 6, 7, 8, 9, 10, 11, 12, 13, 14, 15, 16, 17, 18, 19, 20, 21, 22, 23, 24, 25, 26, 27, 28, 29, 30, 31, 32, 33, 34, 35, 36, 37, 38, 39, 40, 41, 42, 43, 44, 45, 46, 47, 48, 49, 50, 51, 52, 53, 54, 55, 56, 57, 58, 59, 60, 61, 62, 63, 64, 65]","[0, 1, 2, 3, 4, 5, 6, 7, 8, 9, 10, 11, 12, 13, 14, 15, 16, 17, 18, 19, 20, 21, 22, 23, 24, 25, 26, 27, 28, 29, 30, 31, 32, 33, 34, 35, 36, 37, 38, 39, 40, 41, 42, 43, 44, 45, 46, 47, 48, 49, 50, 51, 52, 53, 54, 55, 56, 57, 58, 59, 60, 61, 62, 63, 64, 65]","[59, 61, 60, 58, 54, 55, 63, 62, 64, 65, 31, 32, 8, 7, 11, 10, 35, 9, 6, 30, 34, 56, 57, 47, 33, 46, 43, 45, 42, 18, 48, 24, 51, 36, 12, 0, 39, 3, 2, 1, 38, 4, 14, 15, 17, 16, 13, 37, 40, 5, 21, 41, 53, 52, 19, 22, 23, 20, 44, 27, 29, 26, 28, 25, 50, 49]","[59, 61, 60, 58, 54, 55, 32, 31, 8, 7, 11, 10, 35, 9, 34, 6, 12, 14, 38, 36, 17, 15, 48, 13, 37, 30, 41, 16, 40, 53, 39, 5, 50, 33, 49, 2, 1, 0, 47, 46, 51, 52, 4, 3, 45, 43, 44, 42, 18, 19, 20, 23, 22, 21, 27, 28, 29, 24, 26, 25, 56, 57, 65, 64, 63, 62]",288,294,14620,67349,NOT_IMPLEMENTED,NOT_IMPLEMENTED,NOT_IMPLEMENTED,NOT_IMPLEMENTED,NOT_IMPLEMENTED,NOT_IMPLEMENTED,NOT_IMPLEMENTED,4720.0,15,314.6666666666667,-10172.666666666666,2,62,558,0,1,0,24907,0,,,,,,,,,,,,66,,,NOT_IMPLEMENTED,,false,26,"robotX1,robotX1',$PATTERN:0.SYS_CONSTRAINT.0.S_responds_to_P_globally.state,$PATTERN:0.SYS_CONSTRAINT.0.S_responds_to_P_globally.state',robotX0,robotX0',robotY1,robotY1',$COUNTER:1.packagesCounter1,$COUNTER:1.packagesCounter1',$COUNTER:0.packagesCounter0,$COUNTER:0.packagesCounter0',$PATTERN:1.SYS_CONSTRAINT.1.S_responds_to_P_globally.state,$PATTERN:1.SYS_CONSTRAINT.1.S_responds_to_P_globally.state',robotY0,robotY0'","lamp1Y,lamp1Y',lamp0X,lamp0X',elevatorY,elevatorY',lamp0Y,lamp0Y',lamp1X,lamp1X'",4,,,,,,4,2,67797155049172369408,16949288762293092352,1233639178240000,471011230679040,75084012987520909312,18446744073709551616,8444249301319680000,5981343255101440,CUDD,"Using BDD Package: CUDDFactory, Version: CUDD 3.0","import ""DwyerPatternsNewReduced.spectra""",S_responds_to_P_globally,2,0,false,true,[],[],,null
1672504135,NOTHING,1672504135.spectra,0,REALIZABILITY,SYS_REAL,"TEMP: false, SORT_AFTERWARDS: false, GROUP_OPTION: NO_GROUPING, INCREMENTAL_ADDITION: NO_INCREMENTAL, USE_RABIN: false, GROUP_AUX: NO_GROUPING, STATIC_ORDER: NO_STATIC_ORDERING, ROY_SIFT_MARKER: false, MAKE_LAST: false, MEMORYLESS: false, REORDER_METHOD: SIFT, NEW_PATTERN: false, INCREMENTAL_JUSTICES: NO_INCREMENTAL, REDUCED_ALGORITHM: FALSE, PARALLEL: false, ORIGINAL: false, BUCHI_INTERSECTION: false, NEW_TRIGGER: false, PARTITIONED: SINGLE_FUNC, VERIFICATION: true, CREATE_GRAPH: false",3250,15,391,-1,83298,86954,"[0, 1, 2, 3, 4, 5, 6, 7, 8, 9, 10, 11, 12, 13, 14, 15, 16, 17, 18, 19, 20, 21, 22, 23, 24, 25, 26, 27, 28, 29, 30, 31, 32, 33, 34, 35, 36, 37, 38, 39, 40, 41, 42, 43, 44, 45, 46, 47, 48, 49, 50, 51, 52, 53, 54, 55, 56, 57, 58, 59, 60, 61, 62, 63, 64, 65]","[0, 1, 2, 3, 4, 5, 6, 7, 8, 9, 10, 11, 12, 13, 14, 15, 16, 17, 18, 19, 20, 21, 22, 23, 24, 25, 26, 27, 28, 29, 30, 31, 32, 33, 34, 35, 36, 37, 38, 39, 40, 41, 42, 43, 44, 45, 46, 47, 48, 49, 50, 51, 52, 53, 54, 55, 56, 57, 58, 59, 60, 61, 62, 63, 64, 65]","[31, 7, 32, 8, 10, 11, 35, 9, 6, 30, 34, 33, 44, 20, 43, 19, 22, 23, 46, 45, 42, 18, 21, 47, 36, 12, 39, 61, 59, 60, 58, 54, 55, 15, 17, 14, 16, 38, 13, 37, 0, 3, 40, 41, 2, 1, 4, 48, 51, 5, 53, 52, 24, 27, 29, 50, 28, 26, 49, 25, 56, 57, 65, 64, 62, 63]","[54, 32, 31, 7, 8, 10, 55, 11, 59, 61, 58, 60, 35, 34, 9, 6, 14, 38, 13, 37, 12, 36, 30, 41, 17, 16, 40, 15, 39, 33, 47, 46, 5, 48, 50, 49, 2, 1, 0, 4, 53, 52, 51, 3, 45, 56, 43, 44, 42, 18, 19, 20, 23, 21, 22, 27, 28, 29, 24, 26, 25, 57, 64, 65, 63, 62]",288,288,7354,10459,NOT_IMPLEMENTED,NOT_IMPLEMENTED,NOT_IMPLEMENTED,NOT_IMPLEMENTED,NOT_IMPLEMENTED,NOT_IMPLEMENTED,NOT_IMPLEMENTED,12885.0,18,715.8333333333334,-16547.94444444445,2,62,558,0,1,0,83219,0,,,,,,,,,,,,66,,,NOT_IMPLEMENTED,,false,26,"robotX1,robotX1',robotY0,robotY0',$PATTERN:1.SYS_CONSTRAINT.1.S_responds_to_P_globally.state,$PATTERN:1.SYS_CONSTRAINT.1.S_responds_to_P_globally.state',robotY1,robotY1',$PATTERN:0.SYS_CONSTRAINT.0.S_responds_to_P_globally.state,$PATTERN:0.SYS_CONSTRAINT.0.S_responds_to_P_globally.state',$COUNTER:1.packagesCounter1,$COUNTER:1.packagesCounter1',$COUNTER:0.packagesCounter0,$COUNTER:0.packagesCounter0',robotX0,robotX0'","lamp1Y,lamp1Y',lamp0X,lamp0X',elevatorY,elevatorY',lamp0Y,lamp0Y',lamp1X,lamp1X'",4,,,,,,4,2,67797155049172369408,16949288762293092352,1233639178240000,471011230679040,75084012987520909312,18446744073709551616,8444249301319680000,5981343255101440,CUDD,"Using BDD Package: CUDDFactory, Version: CUDD 3.0","import ""DwyerPatternsNew.spectra""",S_responds_to_P_globally,2,0,false,true,[],[],,null
1672504135,FINAL,1672504135.spectra,0,REALIZABILITY,SYS_REAL,"TEMP: false, SORT_AFTERWARDS: false, GROUP_OPTION: NO_GROUPING, INCREMENTAL_ADDITION: NO_INCREMENTAL, USE_RABIN: false, GROUP_AUX: GROUP_PAIR, STATIC_ORDER: REVERSE_CUTHILL, ROY_SIFT_MARKER: false, MAKE_LAST: false, MEMORYLESS: true, REORDER_METHOD: SIFT, NEW_PATTERN: true, INCREMENTAL_JUSTICES: INCREMENTAL_GRAPH, REDUCED_ALGORITHM: FALSE, PARALLEL: false, ORIGINAL: false, BUCHI_INTERSECTION: false, NEW_TRIGGER: true, PARTITIONED: SINGLE_FUNC, VERIFICATION: true, CREATE_GRAPH: false",3188,219,359,-1,70594,74376,"[0, 1, 2, 3, 4, 5, 6, 7, 8, 9, 10, 11, 12, 13, 14, 15, 16, 17, 18, 19, 20, 21, 22, 23, 24, 25, 26, 27, 28, 29, 30, 31, 32, 33, 34, 35, 36, 37, 38, 39, 40, 41, 42, 43, 44, 45, 46, 47, 48, 49, 50, 51, 52, 53, 54, 55, 56, 57, 58, 59, 60, 61, 62, 63, 64, 65]","[0, 1, 2, 3, 4, 5, 6, 7, 8, 9, 10, 11, 12, 13, 14, 15, 16, 17, 18, 19, 20, 21, 22, 23, 24, 25, 26, 27, 28, 29, 30, 31, 32, 33, 34, 35, 36, 37, 38, 39, 40, 41, 42, 43, 44, 45, 46, 47, 48, 49, 50, 51, 52, 53, 54, 55, 56, 57, 58, 59, 60, 61, 62, 63, 64, 65]","[59, 61, 60, 58, 54, 55, 63, 62, 64, 65, 31, 32, 7, 8, 11, 10, 9, 6, 30, 35, 34, 56, 57, 47, 33, 46, 43, 45, 42, 18, 19, 48, 24, 51, 3, 39, 36, 12, 0, 41, 5, 4, 1, 2, 15, 17, 14, 16, 13, 37, 38, 21, 40, 52, 53, 22, 23, 20, 44, 27, 29, 26, 28, 25, 50, 49]","[59, 61, 60, 58, 54, 55, 32, 31, 8, 7, 11, 10, 35, 9, 6, 30, 34, 33, 14, 38, 13, 37, 12, 36, 47, 46, 41, 17, 53, 40, 16, 15, 48, 50, 44, 23, 22, 21, 43, 45, 20, 19, 42, 18, 39, 51, 49, 5, 4, 3, 0, 1, 2, 52, 27, 28, 29, 25, 24, 26, 56, 57, 65, 62, 63, 64]",288,294,14507,102488,NOT_IMPLEMENTED,NOT_IMPLEMENTED,NOT_IMPLEMENTED,NOT_IMPLEMENTED,NOT_IMPLEMENTED,NOT_IMPLEMENTED,NOT_IMPLEMENTED,10565.0,16,660.3125,-19591.875,2,62,558,0,1,0,70579,0,,,,,,,,,,,,66,,,NOT_IMPLEMENTED,,false,26,"$COUNTER:0.packagesCounter0,$COUNTER:0.packagesCounter0',robotX1,robotX1',$COUNTER:1.packagesCounter1,$COUNTER:1.packagesCounter1',robotY0,robotY0',$PATTERN:0.SYS_CONSTRAINT.0.S_responds_to_P_globally.state,$PATTERN:0.SYS_CONSTRAINT.0.S_responds_to_P_globally.state',robotX0,robotX0',robotY1,robotY1',$PATTERN:1.SYS_CONSTRAINT.1.S_responds_to_P_globally.state,$PATTERN:1.SYS_CONSTRAINT.1.S_responds_to_P_globally.state'","lamp0X,lamp0X',lamp1Y,lamp1Y',lamp1X,lamp1X',lamp0Y,lamp0Y',elevatorY,elevatorY'",4,,,,,,4,2,67797155049172369408,16949288762293092352,1233639178240000,471011230679040,75084012987520909312,18446744073709551616,8444249301319680000,5981343255101440,CUDD,"Using BDD Package: CUDDFactory, Version: CUDD 3.0","import ""DwyerPatternsNewReduced.spectra""",S_responds_to_P_globally,2,0,false,true,[],[],,null
1672504349,NOTHING,1672504349.spectra,0,REALIZABILITY,SYS_UNREAL,"TEMP: false, SORT_AFTERWARDS: false, GROUP_OPTION: NO_GROUPING, INCREMENTAL_ADDITION: NO_INCREMENTAL, USE_RABIN: false, GROUP_AUX: NO_GROUPING, STATIC_ORDER: NO_STATIC_ORDERING, ROY_SIFT_MARKER: false, MAKE_LAST: false, MEMORYLESS: false, REORDER_METHOD: SIFT, NEW_PATTERN: false, INCREMENTAL_JUSTICES: NO_INCREMENTAL, REDUCED_ALGORITHM: FALSE, PARALLEL: false, ORIGINAL: false, BUCHI_INTERSECTION: false, NEW_TRIGGER: false, PARTITIONED: SINGLE_FUNC, VERIFICATION: true, CREATE_GRAPH: false",2594,16,469,-1,141938,145017,"[0, 1, 2, 3, 4, 5, 6, 7, 8, 9, 10, 11, 12, 13, 14, 15, 16, 17, 18, 19, 20, 21, 22, 23, 24, 25, 26, 27, 28, 29, 30, 31, 32, 33, 34, 35, 36, 37, 38, 39, 40, 41, 42, 43, 44, 45, 46, 47, 48, 49, 50, 51, 52, 53, 54, 55, 56, 57, 58, 59, 60, 61, 62, 63, 64, 65, 66, 67, 68, 69]","[0, 1, 2, 3, 4, 5, 6, 7, 8, 9, 10, 11, 12, 13, 14, 15, 16, 17, 18, 19, 20, 21, 22, 23, 24, 25, 26, 27, 28, 29, 30, 31, 32, 33, 34, 35, 36, 37, 38, 39, 40, 41, 42, 43, 44, 45, 46, 47, 48, 49, 50, 51, 52, 53, 54, 55, 56, 57, 58, 59, 60, 61, 62, 63, 64, 65, 66, 67, 68, 69]","[68, 69, 61, 59, 58, 60, 54, 55, 62, 63, 32, 31, 8, 7, 10, 11, 35, 34, 9, 30, 6, 33, 36, 12, 15, 17, 14, 38, 13, 37, 39, 41, 16, 48, 51, 46, 47, 3, 0, 40, 2, 1, 45, 5, 4, 43, 42, 52, 53, 24, 18, 21, 19, 22, 23, 20, 44, 27, 29, 50, 28, 26, 25, 49, 56, 57, 66, 67, 64, 65]","[68, 69, 59, 61, 54, 55, 58, 60, 32, 31, 8, 7, 11, 10, 35, 34, 38, 14, 6, 13, 37, 50, 12, 36, 30, 40, 41, 17, 9, 16, 53, 15, 39, 48, 51, 49, 52, 33, 5, 4, 3, 2, 1, 0, 46, 47, 45, 44, 43, 42, 20, 18, 19, 23, 21, 22, 62, 24, 27, 29, 28, 63, 26, 25, 57, 56, 67, 66, 65, 64]",292,292,5961,175280,NOT_IMPLEMENTED,NOT_IMPLEMENTED,NOT_IMPLEMENTED,NOT_IMPLEMENTED,NOT_IMPLEMENTED,NOT_IMPLEMENTED,NOT_IMPLEMENTED,13196.0,18,733.111111111111,-5239.611111111112,6,182,2604,0,0,0,0,0,,,,,,,,,,,,70,,,NOT_IMPLEMENTED,,false,30,"$COUNTER:0.packagesCounter0,$COUNTER:0.packagesCounter0',$COUNTER:2.packagesCounter1,$COUNTER:2.packagesCounter1',robotX1,robotX1',$COUNTER:1.groundFloorCounter1,$COUNTER:1.groundFloorCounter1',$COUNTER:3.groundFloorCounter0,$COUNTER:3.groundFloorCounter0',robotY1,robotY1',robotX0,robotX0',$PATTERN:0.SYS_CONSTRAINT.0.S_responds_to_P_globally.state,$PATTERN:0.SYS_CONSTRAINT.0.S_responds_to_P_globally.state',robotY0,robotY0',$PATTERN:1.SYS_CONSTRAINT.1.S_responds_to_P_globally.state,$PATTERN:1.SYS_CONSTRAINT.1.S_responds_to_P_globally.state'","lamp1X,lamp1X',elevatorY,elevatorY',lamp0Y,lamp0Y',lamp0X,lamp0X',lamp1Y,lamp1Y'",8,,,,,,4,2,0,0,19738226851840000,1882276910530560,1201344207800334548992,295147905179352825856,135107988821114880000,23183546269040640,CUDD,"Using BDD Package: CUDDFactory, Version: CUDD 3.0","import ""DwyerPatternsNew.spectra""",S_responds_to_P_globally,2,0,false,true,[],[],,null
1672504349,FINAL,1672504349.spectra,0,REALIZABILITY,SYS_UNREAL,"TEMP: false, SORT_AFTERWARDS: false, GROUP_OPTION: NO_GROUPING, INCREMENTAL_ADDITION: NO_INCREMENTAL, USE_RABIN: false, GROUP_AUX: GROUP_PAIR, STATIC_ORDER: REVERSE_CUTHILL, ROY_SIFT_MARKER: false, MAKE_LAST: false, MEMORYLESS: true, REORDER_METHOD: SIFT, NEW_PATTERN: true, INCREMENTAL_JUSTICES: INCREMENTAL_GRAPH, REDUCED_ALGORITHM: FALSE, PARALLEL: false, ORIGINAL: false, BUCHI_INTERSECTION: false, NEW_TRIGGER: true, PARTITIONED: SINGLE_FUNC, VERIFICATION: true, CREATE_GRAPH: false",2812,157,406,-1,136657,140032,"[0, 1, 2, 3, 4, 5, 6, 7, 8, 9, 10, 11, 12, 13, 14, 15, 16, 17, 18, 19, 20, 21, 22, 23, 24, 25, 26, 27, 28, 29, 30, 31, 32, 33, 34, 35, 36, 37, 38, 39, 40, 41, 42, 43, 44, 45, 46, 47, 48, 49, 50, 51, 52, 53, 54, 55, 56, 57, 58, 59, 60, 61, 62, 63, 64, 65, 66, 67, 68, 69]","[0, 1, 2, 3, 4, 5, 6, 7, 8, 9, 10, 11, 12, 13, 14, 15, 16, 17, 18, 19, 20, 21, 22, 23, 24, 25, 26, 27, 28, 29, 30, 31, 32, 33, 34, 35, 36, 37, 38, 39, 40, 41, 42, 43, 44, 45, 46, 47, 48, 49, 50, 51, 52, 53, 54, 55, 56, 57, 58, 59, 60, 61, 62, 63, 64, 65, 66, 67, 68, 69]","[59, 61, 60, 58, 54, 55, 64, 65, 66, 67, 68, 69, 56, 57, 62, 63, 30, 6, 9, 36, 12, 39, 10, 11, 7, 31, 8, 32, 15, 35, 34, 47, 33, 46, 43, 45, 42, 18, 17, 3, 38, 14, 16, 13, 37, 0, 41, 1, 2, 40, 5, 4, 21, 23, 22, 48, 51, 52, 53, 19, 20, 44, 24, 27, 29, 26, 28, 25, 49, 50]","[7, 8, 32, 31, 11, 10, 68, 69, 59, 61, 58, 60, 55, 54, 38, 14, 41, 40, 6, 13, 37, 50, 12, 36, 30, 17, 9, 16, 53, 35, 34, 15, 39, 51, 48, 49, 52, 33, 5, 4, 3, 2, 1, 0, 46, 47, 45, 44, 43, 42, 20, 18, 19, 23, 21, 22, 24, 29, 27, 28, 26, 25, 63, 62, 57, 56, 67, 66, 65, 64]",292,300,14692,162597,NOT_IMPLEMENTED,NOT_IMPLEMENTED,NOT_IMPLEMENTED,NOT_IMPLEMENTED,NOT_IMPLEMENTED,NOT_IMPLEMENTED,NOT_IMPLEMENTED,14197.0,17,835.1176470588235,-10236.529411764708,6,182,2604,0,0,0,0,0,,,,,,,,,,,,70,,,NOT_IMPLEMENTED,,false,30,"robotY1,robotY1',$COUNTER:1.groundFloorCounter1,$COUNTER:1.groundFloorCounter1',$PATTERN:1.SYS_CONSTRAINT.1.S_responds_to_P_globally.state,$PATTERN:1.SYS_CONSTRAINT.1.S_responds_to_P_globally.state',robotX0,robotX0',robotY0,robotY0',$COUNTER:0.packagesCounter0,$COUNTER:0.packagesCounter0',$COUNTER:2.packagesCounter1,$COUNTER:2.packagesCounter1',$PATTERN:0.SYS_CONSTRAINT.0.S_responds_to_P_globally.state,$PATTERN:0.SYS_CONSTRAINT.0.S_responds_to_P_globally.state',$COUNTER:3.groundFloorCounter0,$COUNTER:3.groundFloorCounter0',robotX1,robotX1'","lamp0X,lamp0X',lamp1Y,lamp1Y',lamp1X,lamp1X',elevatorY,elevatorY',lamp0Y,lamp0Y'",8,,,,,,4,2,0,0,19738226851840000,1882276910530560,1201344207800334548992,295147905179352825856,135107988821114880000,23183546269040640,CUDD,"Using BDD Package: CUDDFactory, Version: CUDD 3.0","import ""DwyerPatternsNewReduced.spectra""",S_responds_to_P_globally,2,0,false,true,[],[],,null
1672504349,NOTHING,1672504349.spectra,0,REALIZABILITY,SYS_UNREAL,"TEMP: false, SORT_AFTERWARDS: false, GROUP_OPTION: NO_GROUPING, INCREMENTAL_ADDITION: NO_INCREMENTAL, USE_RABIN: false, GROUP_AUX: NO_GROUPING, STATIC_ORDER: NO_STATIC_ORDERING, ROY_SIFT_MARKER: false, MAKE_LAST: false, MEMORYLESS: false, REORDER_METHOD: SIFT, NEW_PATTERN: false, INCREMENTAL_JUSTICES: NO_INCREMENTAL, REDUCED_ALGORITHM: FALSE, PARALLEL: false, ORIGINAL: false, BUCHI_INTERSECTION: false, NEW_TRIGGER: false, PARTITIONED: SINGLE_FUNC, VERIFICATION: true, CREATE_GRAPH: false",3078,15,360,-1,208158,211611,"[0, 1, 2, 3, 4, 5, 6, 7, 8, 9, 10, 11, 12, 13, 14, 15, 16, 17, 18, 19, 20, 21, 22, 23, 24, 25, 26, 27, 28, 29, 30, 31, 32, 33, 34, 35, 36, 37, 38, 39, 40, 41, 42, 43, 44, 45, 46, 47, 48, 49, 50, 51, 52, 53, 54, 55, 56, 57, 58, 59, 60, 61, 62, 63, 64, 65, 66, 67, 68, 69]","[0, 1, 2, 3, 4, 5, 6, 7, 8, 9, 10, 11, 12, 13, 14, 15, 16, 17, 18, 19, 20, 21, 22, 23, 24, 25, 26, 27, 28, 29, 30, 31, 32, 33, 34, 35, 36, 37, 38, 39, 40, 41, 42, 43, 44, 45, 46, 47, 48, 49, 50, 51, 52, 53, 54, 55, 56, 57, 58, 59, 60, 61, 62, 63, 64, 65, 66, 67, 68, 69]","[68, 63, 62, 69, 59, 61, 58, 60, 54, 55, 31, 32, 7, 8, 11, 10, 35, 34, 9, 30, 6, 33, 47, 46, 44, 43, 45, 19, 20, 22, 23, 42, 18, 21, 36, 12, 15, 17, 38, 14, 16, 13, 37, 39, 41, 1, 2, 0, 40, 3, 5, 4, 48, 24, 27, 51, 29, 50, 28, 26, 49, 25, 52, 53, 56, 57, 66, 67, 64, 65]","[69, 68, 55, 59, 54, 61, 58, 60, 32, 31, 8, 7, 35, 34, 38, 14, 17, 13, 16, 37, 50, 15, 12, 36, 6, 30, 41, 53, 40, 10, 11, 39, 52, 9, 29, 49, 33, 48, 51, 5, 4, 3, 2, 1, 0, 47, 46, 45, 44, 43, 23, 42, 20, 18, 19, 21, 22, 27, 28, 24, 26, 25, 62, 63, 57, 56, 67, 66, 65, 64]",292,292,7076,178279,NOT_IMPLEMENTED,NOT_IMPLEMENTED,NOT_IMPLEMENTED,NOT_IMPLEMENTED,NOT_IMPLEMENTED,NOT_IMPLEMENTED,NOT_IMPLEMENTED,34975.0,21,1665.4761904761901,-23507.523809523813,6,182,2604,0,0,0,0,0,,,,,,,,,,,,70,,,NOT_IMPLEMENTED,,false,30,"$COUNTER:0.packagesCounter0,$COUNTER:0.packagesCounter0',$COUNTER:2.packagesCounter1,$COUNTER:2.packagesCounter1',robotX1,robotX1',$COUNTER:1.groundFloorCounter1,$COUNTER:1.groundFloorCounter1',$COUNTER:3.groundFloorCounter0,$COUNTER:3.groundFloorCounter0',robotY1,robotY1',robotX0,robotX0',$PATTERN:0.SYS_CONSTRAINT.0.S_responds_to_P_globally.state,$PATTERN:0.SYS_CONSTRAINT.0.S_responds_to_P_globally.state',robotY0,robotY0',$PATTERN:1.SYS_CONSTRAINT.1.S_responds_to_P_globally.state,$PATTERN:1.SYS_CONSTRAINT.1.S_responds_to_P_globally.state'","lamp1X,lamp1X',elevatorY,elevatorY',lamp0Y,lamp0Y',lamp0X,lamp0X',lamp1Y,lamp1Y'",8,,,,,,4,2,0,0,19738226851840000,1882276910530560,1201344207800334548992,295147905179352825856,135107988821114880000,23183546269040640,CUDD,"Using BDD Package: CUDDFactory, Version: CUDD 3.0","import ""DwyerPatternsNew.spectra""",S_responds_to_P_globally,2,0,false,true,[],[],,null
1672504349,FINAL,1672504349.spectra,0,REALIZABILITY,SYS_UNREAL,"TEMP: false, SORT_AFTERWARDS: false, GROUP_OPTION: NO_GROUPING, INCREMENTAL_ADDITION: NO_INCREMENTAL, USE_RABIN: false, GROUP_AUX: GROUP_PAIR, STATIC_ORDER: REVERSE_CUTHILL, ROY_SIFT_MARKER: false, MAKE_LAST: false, MEMORYLESS: true, REORDER_METHOD: SIFT, NEW_PATTERN: true, INCREMENTAL_JUSTICES: INCREMENTAL_GRAPH, REDUCED_ALGORITHM: FALSE, PARALLEL: false, ORIGINAL: false, BUCHI_INTERSECTION: false, NEW_TRIGGER: true, PARTITIONED: SINGLE_FUNC, VERIFICATION: true, CREATE_GRAPH: false",2719,141,375,-1,299393,302628,"[0, 1, 2, 3, 4, 5, 6, 7, 8, 9, 10, 11, 12, 13, 14, 15, 16, 17, 18, 19, 20, 21, 22, 23, 24, 25, 26, 27, 28, 29, 30, 31, 32, 33, 34, 35, 36, 37, 38, 39, 40, 41, 42, 43, 44, 45, 46, 47, 48, 49, 50, 51, 52, 53, 54, 55, 56, 57, 58, 59, 60, 61, 62, 63, 64, 65, 66, 67, 68, 69]","[0, 1, 2, 3, 4, 5, 6, 7, 8, 9, 10, 11, 12, 13, 14, 15, 16, 17, 18, 19, 20, 21, 22, 23, 24, 25, 26, 27, 28, 29, 30, 31, 32, 33, 34, 35, 36, 37, 38, 39, 40, 41, 42, 43, 44, 45, 46, 47, 48, 49, 50, 51, 52, 53, 54, 55, 56, 57, 58, 59, 60, 61, 62, 63, 64, 65, 66, 67, 68, 69]","[59, 61, 60, 58, 54, 55, 65, 64, 66, 67, 62, 63, 68, 69, 31, 32, 8, 7, 10, 11, 35, 34, 9, 30, 6, 56, 57, 33, 44, 20, 43, 19, 23, 22, 46, 45, 42, 18, 21, 47, 36, 12, 15, 17, 38, 14, 16, 13, 37, 0, 39, 3, 40, 41, 2, 1, 5, 4, 51, 48, 24, 27, 29, 53, 52, 26, 28, 25, 50, 49]","[69, 68, 54, 55, 59, 61, 60, 58, 32, 31, 8, 7, 11, 10, 35, 34, 9, 6, 38, 14, 50, 12, 36, 13, 37, 30, 41, 17, 53, 40, 16, 15, 39, 33, 49, 52, 5, 48, 2, 1, 0, 4, 47, 46, 3, 44, 43, 23, 51, 22, 45, 21, 42, 18, 20, 19, 28, 27, 29, 24, 26, 25, 63, 62, 57, 56, 67, 66, 64, 65]",292,300,12465,163055,NOT_IMPLEMENTED,NOT_IMPLEMENTED,NOT_IMPLEMENTED,NOT_IMPLEMENTED,NOT_IMPLEMENTED,NOT_IMPLEMENTED,NOT_IMPLEMENTED,26454.0,18,1469.6666666666667,-31854.5,6,182,2604,0,0,0,0,0,,,,,,,,,,,,70,,,NOT_IMPLEMENTED,,false,30,"robotY1,robotY1',$COUNTER:1.groundFloorCounter1,$COUNTER:1.groundFloorCounter1',$PATTERN:1.SYS_CONSTRAINT.1.S_responds_to_P_globally.state,$PATTERN:1.SYS_CONSTRAINT.1.S_responds_to_P_globally.state',robotX0,robotX0',robotY0,robotY0',$COUNTER:0.packagesCounter0,$COUNTER:0.packagesCounter0',$COUNTER:2.packagesCounter1,$COUNTER:2.packagesCounter1',$PATTERN:0.SYS_CONSTRAINT.0.S_responds_to_P_globally.state,$PATTERN:0.SYS_CONSTRAINT.0.S_responds_to_P_globally.state',$COUNTER:3.groundFloorCounter0,$COUNTER:3.groundFloorCounter0',robotX1,robotX1'","lamp0X,lamp0X',lamp1Y,lamp1Y',lamp1X,lamp1X',elevatorY,elevatorY',lamp0Y,lamp0Y'",8,,,,,,4,2,0,0,19738226851840000,1882276910530560,1201344207800334548992,295147905179352825856,135107988821114880000,23183546269040640,CUDD,"Using BDD Package: CUDDFactory, Version: CUDD 3.0","import ""DwyerPatternsNewReduced.spectra""",S_responds_to_P_globally,2,0,false,true,[],[],,null
