Spec,RunConfig,UniqueIdentifier,TIMEOUT,ActionType,Result,CONFIG_TXT,INITIAL_BDD_TIME,HEURISTICS_TIME,SECOND_STEP_TIME,PARALLEL_OVERHEAD_TIME,WORK_TIME,TOTAL_TIME,PRE_ROYBDD_ORDER,POST_HEURISTICS_ORDER,POST_SECOND_STEP_ORDER,POST_WORK_ORDER,PRE_ROYBDD_NODE_SIZE,POST_HEURISTICS_NODE_SIZE,POST_SECOND_STEP_NODE_SIZE,POST_WORK_NODE_SIZE,AVERAGE_AUX_SIZE,AVERAGE_SYS_DOM_IN_CONSTRAINT,AVERAGE_ENV_DOM_IN_CONSTRAINT,AVERAGE_SYS_DOM_SIZE,AVERAGE_ENV_DOM_SIZE,AVERAGE_CONSTRAINT_COMPLEXITY,INTERCONNECTNESS_INDEX,TOTAL_REORDER_TIME,REORDER_CALL_AMOUNT,AVERAGE_REORDER_TIME,AVERAGE_REORDER_GAIN,Z_FIXPOINTS,Y_FIXPOINTS,X_FIXPOINTS,W_FIXPOINTS,REAL_CASES,UNREAL_CASES,REAL_TIME,UNREAL_TIME,GRAPH_DATA,CLUSTER_INC_DATA,CLUSTER_VAR_DATA,DOMAIN_GRAPH_DATA,CONSTRAINT_GRAPH_DATA,JUST_STRING_COUNT,JUST_STRING_ENV_COUNT,TRANS_STRING_SYS_COUNT,TRANS_STRING_ENV_COUNT,INI_STRING_ENV_COUNT,INI_STRING_SYS_COUNT,TOTAL_VARS,SYS_VARS,ENV_VARS,AUX_VARS,UNUSED_CONS_VARS,ARRAYS_INSTANCES,TOTAL_DOMS,SYS_DOMS,ENV_DOMS,AUX_DOMS,DOMS_NOT_QUANTIFIED,INI_SYS_CONSTRAINTS,INI_ENV_CONSTRAINTS,TRANS_ENV_CONSTRAINTS,TRANS_SYS_CONSTRAINTS,JUSTICE_SYS_AMOUNT,JUSTICE_ENV_AMOUNT,Z_SAT_COUNT,Z_SAT_COUNT_START_S0,TRANS_ENV_SAT,TRANS_SYS_SAT,JUSTS_SYS_SAT,JUSTS_ENV_SAT,INI_ENV_SAT,INI_SYS_SAT,FACTORY_TYPE,BDDPACKAGE,IMPORT,UNIQUE_PATTERNS,PATTERN_INSTANCES,TRIGGER_INSTANCES,MONITORS_INSTANCES,COUNTERS_INSTANCES,REDUCED_PATTERN,REDUCED_TRIGGER,SWAPPED_TO_ORIGINAL,ADDITIONAL
variant-2-4,NOTHING,variant-2-4.spectra,0,REALIZABILITY,SYS_REAL,"TEMP: false, SORT_AFTERWARDS: false, GROUP_OPTION: NO_GROUPING, INCREMENTAL_ADDITION: NO_INCREMENTAL, USE_RABIN: false, GROUP_AUX: NO_GROUPING, STATIC_ORDER: NO_STATIC_ORDERING, ROY_SIFT_MARKER: false, MAKE_LAST: false, MEMORYLESS: false, REORDER_METHOD: SIFT, NEW_PATTERN: false, INCREMENTAL_JUSTICES: NO_INCREMENTAL, REDUCED_ALGORITHM: FALSE, PARALLEL: false, ORIGINAL: false, BUCHI_INTERSECTION: false, NEW_TRIGGER: false, PARTITIONED: SINGLE_FUNC, VERIFICATION: true, CREATE_GRAPH: false",4375,47,485,-1,222456,227378,"[0, 1, 2, 3, 4, 5, 6, 7, 8, 9, 10, 11, 12, 13, 14, 15, 16, 17, 18, 19, 20, 21, 22, 23, 24, 25, 26, 27, 28, 29, 30, 31, 32, 33, 34, 35, 36, 37, 38, 39, 40, 41, 42, 43, 44, 45, 46, 47, 48, 49, 50, 51, 52, 53, 54, 55, 56, 57, 58, 59, 60, 61, 62, 63, 64, 65, 66, 67, 68, 69, 70, 71, 72, 73, 74, 75, 76, 77, 78, 79]","[0, 1, 2, 3, 4, 5, 6, 7, 8, 9, 10, 11, 12, 13, 14, 15, 16, 17, 18, 19, 20, 21, 22, 23, 24, 25, 26, 27, 28, 29, 30, 31, 32, 33, 34, 35, 36, 37, 38, 39, 40, 41, 42, 43, 44, 45, 46, 47, 48, 49, 50, 51, 52, 53, 54, 55, 56, 57, 58, 59, 60, 61, 62, 63, 64, 65, 66, 67, 68, 69, 70, 71, 72, 73, 74, 75, 76, 77, 78, 79]","[79, 77, 75, 38, 36, 41, 0, 2, 37, 40, 39, 3, 4, 5, 1, 12, 14, 17, 15, 13, 16, 24, 27, 25, 28, 26, 29, 44, 8, 43, 11, 7, 42, 10, 6, 31, 34, 30, 22, 33, 35, 21, 23, 18, 46, 9, 45, 47, 19, 20, 32, 72, 73, 48, 50, 49, 51, 52, 53, 54, 55, 56, 57, 58, 59, 61, 74, 60, 63, 62, 65, 64, 76, 67, 66, 69, 68, 78, 71, 70]","[37, 38, 41, 40, 39, 3, 5, 2, 1, 4, 36, 0, 14, 13, 17, 16, 12, 15, 26, 25, 24, 29, 27, 28, 35, 34, 33, 11, 47, 23, 46, 10, 9, 22, 21, 44, 43, 45, 42, 32, 31, 30, 7, 19, 6, 8, 20, 18, 72, 73, 51, 50, 49, 48, 55, 54, 53, 52, 57, 56, 59, 58, 79, 75, 61, 74, 60, 62, 63, 77, 65, 76, 64, 66, 67, 78, 69, 68, 71, 70]",346,346,11014,53153,NOT_IMPLEMENTED,NOT_IMPLEMENTED,NOT_IMPLEMENTED,NOT_IMPLEMENTED,NOT_IMPLEMENTED,NOT_IMPLEMENTED,NOT_IMPLEMENTED,134920.0,13,10378.46153846154,-9854.23076923077,3,203,359,0,1,0,222362,0,,,,,,,,,,,,80,,,NOT_IMPLEMENTED,,false,36,"$PATTERN:0.SYS_CONSTRAINT.0.P_becomes_true_after_Q_until_R.state,$PATTERN:0.SYS_CONSTRAINT.0.P_becomes_true_after_Q_until_R.state',$PATTERN:5.SYS_CONSTRAINT.5.P_is_false_after_Q_until_R.state,$PATTERN:5.SYS_CONSTRAINT.5.P_is_false_after_Q_until_R.state',robotY,robotY',$PAST_PREV_aux_9,$PAST_PREV_aux_9',$PATTERN:2.SYS_CONSTRAINT.2.P_becomes_true_after_Q_until_R.state,$PATTERN:2.SYS_CONSTRAINT.2.P_becomes_true_after_Q_until_R.state',$PATTERN:4.SYS_CONSTRAINT.4.P_is_false_after_Q_until_R.state,$PATTERN:4.SYS_CONSTRAINT.4.P_is_false_after_Q_until_R.state',$PAST_PREV_aux_8,$PAST_PREV_aux_8',$PAST_ONCE_aux_6,$PAST_ONCE_aux_6',$PAST_PREV_aux_7,$PAST_PREV_aux_7',$PATTERN:3.SYS_CONSTRAINT.3.P_is_false_after_Q_until_R.state,$PATTERN:3.SYS_CONSTRAINT.3.P_is_false_after_Q_until_R.state',robotX,robotX',$PATTERN:1.SYS_CONSTRAINT.1.P_becomes_true_after_Q_until_R.state,$PATTERN:1.SYS_CONSTRAINT.1.P_becomes_true_after_Q_until_R.state'","targetB_Y,targetB_Y',targetC_Y,targetC_Y',targetA_Y,targetA_Y',targetA_X,targetA_X',targetB_X,targetB_X',targetC_X,targetC_X'",8,,,,,,9,1,1182660498526520062509056,290358841547086102528,100381013569437696,104200716964331520,2742219187021367105028096,1208925819614629174706176,26314280421146675380224,288230376151711744,CUDD,"Using BDD Package: CUDDFactory, Version: CUDD 3.0","import ""DwyerPatternsNew.spectra""","P_becomes_true_after_Q_until_R,P_is_false_after_Q_until_R",6,0,false,false,[],[],,null
variant-2-4,FINAL,variant-2-4.spectra,0,REALIZABILITY,SYS_REAL,"TEMP: false, SORT_AFTERWARDS: false, GROUP_OPTION: NO_GROUPING, INCREMENTAL_ADDITION: NO_INCREMENTAL, USE_RABIN: false, GROUP_AUX: GROUP_PAIR, STATIC_ORDER: REVERSE_CUTHILL, ROY_SIFT_MARKER: false, MAKE_LAST: false, MEMORYLESS: true, REORDER_METHOD: SIFT, NEW_PATTERN: true, INCREMENTAL_JUSTICES: INCREMENTAL_GRAPH, REDUCED_ALGORITHM: FALSE, PARALLEL: false, ORIGINAL: false, BUCHI_INTERSECTION: false, NEW_TRIGGER: true, PARTITIONED: SINGLE_FUNC, VERIFICATION: true, CREATE_GRAPH: false",3141,156,344,-1,186083,189724,"[0, 1, 2, 3, 4, 5, 6, 7, 8, 9, 10, 11, 12, 13, 14, 15, 16, 17, 18, 19, 20, 21, 22, 23, 24, 25, 26, 27, 28, 29, 30, 31, 32, 33, 34, 35, 36, 37, 38, 39, 40, 41, 42, 43, 44, 45, 46, 47, 48, 49, 50, 51, 52, 53, 54, 55, 56, 57, 58, 59, 60, 61, 62, 63, 64, 65, 66, 67]","[0, 1, 2, 3, 4, 5, 6, 7, 8, 9, 10, 11, 12, 13, 14, 15, 16, 17, 18, 19, 20, 21, 22, 23, 24, 25, 26, 27, 28, 29, 30, 31, 32, 33, 34, 35, 36, 37, 38, 39, 40, 41, 42, 43, 44, 45, 46, 47, 48, 49, 50, 51, 52, 53, 54, 55, 56, 57, 58, 59, 60, 61, 62, 63, 64, 65, 66, 67]","[67, 65, 63, 66, 58, 59, 64, 56, 57, 62, 54, 55, 53, 52, 60, 61, 49, 48, 51, 50, 37, 1, 2, 38, 41, 5, 40, 4, 39, 3, 36, 0, 17, 14, 16, 13, 15, 12, 44, 27, 24, 28, 25, 26, 8, 42, 6, 7, 43, 10, 11, 9, 45, 29, 30, 18, 19, 22, 20, 46, 47, 31, 23, 21, 32, 34, 35, 33]","[65, 66, 58, 59, 67, 63, 64, 56, 57, 62, 54, 55, 51, 50, 60, 53, 52, 49, 48, 38, 37, 2, 1, 36, 0, 41, 40, 39, 8, 44, 7, 6, 43, 42, 5, 3, 4, 32, 14, 19, 31, 13, 12, 25, 24, 18, 30, 26, 20, 61, 47, 46, 45, 22, 23, 21, 17, 16, 10, 15, 28, 27, 9, 11, 29, 33, 35, 34]",262,268,11157,345276,NOT_IMPLEMENTED,NOT_IMPLEMENTED,NOT_IMPLEMENTED,NOT_IMPLEMENTED,NOT_IMPLEMENTED,NOT_IMPLEMENTED,NOT_IMPLEMENTED,44386.0,14,3170.4285714285706,-15036.357142857141,2,126,224,0,1,0,186004,0,,,,,,,,,,,,68,,,NOT_IMPLEMENTED,,false,36,"$PATTERN:1.SYS_CONSTRAINT.1.P_becomes_true_after_Q_until_R.state,$PATTERN:1.SYS_CONSTRAINT.1.P_becomes_true_after_Q_until_R.state',$PATTERN:5.SYS_CONSTRAINT.5.P_is_false_after_Q_until_R.state,$PATTERN:5.SYS_CONSTRAINT.5.P_is_false_after_Q_until_R.state',robotY,robotY',$PATTERN:3.SYS_CONSTRAINT.3.P_is_false_after_Q_until_R.state,$PATTERN:3.SYS_CONSTRAINT.3.P_is_false_after_Q_until_R.state',$PAST_PREV_aux_9,$PAST_PREV_aux_9',$PATTERN:2.SYS_CONSTRAINT.2.P_becomes_true_after_Q_until_R.state,$PATTERN:2.SYS_CONSTRAINT.2.P_becomes_true_after_Q_until_R.state',$PAST_PREV_aux_8,$PAST_PREV_aux_8',$PAST_ONCE_aux_6,$PAST_ONCE_aux_6',$PATTERN:0.SYS_CONSTRAINT.0.P_becomes_true_after_Q_until_R.state,$PATTERN:0.SYS_CONSTRAINT.0.P_becomes_true_after_Q_until_R.state',$PAST_PREV_aux_7,$PAST_PREV_aux_7',$PATTERN:4.SYS_CONSTRAINT.4.P_is_false_after_Q_until_R.state,$PATTERN:4.SYS_CONSTRAINT.4.P_is_false_after_Q_until_R.state',robotX,robotX'","targetB_Y,targetB_Y',targetC_Y,targetC_Y',targetA_Y,targetA_Y',targetA_X,targetA_X',targetB_X,targetB_X',targetC_X,targetC_X'",8,,,,,,6,1,289488509889620738048,4536856899173220352,24507083390976,8804751491727360,448126177321873833984,295147905179352825856,6424384868444012544,4503599627370496,CUDD,"Using BDD Package: CUDDFactory, Version: CUDD 3.0","import ""DwyerPatternsNewReduced.spectra""","P_becomes_true_after_Q_until_R,P_is_false_after_Q_until_R",6,0,false,false,"[REMOVED_HOLE, REMOVED_HOLE, REMOVED_HOLE, REMOVED_HOLE, REMOVED_HOLE, REMOVED_HOLE, REMOVED_JUSTICE, REMOVED_JUSTICE, REMOVED_JUSTICE, REMOVED_VAR, REMOVED_VAR, REMOVED_VAR, REMOVED_VAR, REMOVED_VAR, REMOVED_VAR]",[],,null
variant-2-4,NOTHING,variant-2-4.spectra,0,REALIZABILITY,SYS_REAL,"TEMP: false, SORT_AFTERWARDS: false, GROUP_OPTION: NO_GROUPING, INCREMENTAL_ADDITION: NO_INCREMENTAL, USE_RABIN: false, GROUP_AUX: NO_GROUPING, STATIC_ORDER: NO_STATIC_ORDERING, ROY_SIFT_MARKER: false, MAKE_LAST: false, MEMORYLESS: false, REORDER_METHOD: SIFT, NEW_PATTERN: false, INCREMENTAL_JUSTICES: NO_INCREMENTAL, REDUCED_ALGORITHM: FALSE, PARALLEL: false, ORIGINAL: false, BUCHI_INTERSECTION: false, NEW_TRIGGER: false, PARTITIONED: SINGLE_FUNC, VERIFICATION: true, CREATE_GRAPH: false",3219,16,343,-1,202301,205879,"[0, 1, 2, 3, 4, 5, 6, 7, 8, 9, 10, 11, 12, 13, 14, 15, 16, 17, 18, 19, 20, 21, 22, 23, 24, 25, 26, 27, 28, 29, 30, 31, 32, 33, 34, 35, 36, 37, 38, 39, 40, 41, 42, 43, 44, 45, 46, 47, 48, 49, 50, 51, 52, 53, 54, 55, 56, 57, 58, 59, 60, 61, 62, 63, 64, 65, 66, 67, 68, 69, 70, 71, 72, 73, 74, 75, 76, 77, 78, 79]","[0, 1, 2, 3, 4, 5, 6, 7, 8, 9, 10, 11, 12, 13, 14, 15, 16, 17, 18, 19, 20, 21, 22, 23, 24, 25, 26, 27, 28, 29, 30, 31, 32, 33, 34, 35, 36, 37, 38, 39, 40, 41, 42, 43, 44, 45, 46, 47, 48, 49, 50, 51, 52, 53, 54, 55, 56, 57, 58, 59, 60, 61, 62, 63, 64, 65, 66, 67, 68, 69, 70, 71, 72, 73, 74, 75, 76, 77, 78, 79]","[79, 77, 75, 38, 37, 41, 5, 4, 1, 2, 40, 39, 3, 36, 0, 8, 17, 15, 12, 14, 13, 16, 24, 27, 25, 28, 26, 29, 44, 43, 11, 7, 42, 10, 6, 31, 34, 30, 22, 33, 35, 21, 23, 18, 46, 9, 45, 47, 19, 20, 32, 72, 73, 48, 50, 49, 51, 52, 53, 54, 55, 56, 57, 58, 59, 61, 74, 60, 63, 62, 65, 64, 76, 67, 66, 69, 68, 78, 71, 70]","[38, 37, 2, 1, 41, 36, 44, 43, 42, 14, 13, 26, 29, 25, 28, 24, 27, 0, 40, 39, 3, 5, 12, 4, 32, 31, 30, 7, 19, 6, 8, 20, 18, 16, 15, 17, 10, 11, 9, 46, 47, 22, 21, 23, 34, 33, 35, 45, 72, 73, 51, 50, 49, 48, 55, 54, 53, 52, 57, 56, 58, 59, 79, 75, 61, 74, 60, 63, 62, 77, 65, 76, 64, 66, 67, 78, 69, 68, 70, 71]",346,346,12033,58076,NOT_IMPLEMENTED,NOT_IMPLEMENTED,NOT_IMPLEMENTED,NOT_IMPLEMENTED,NOT_IMPLEMENTED,NOT_IMPLEMENTED,NOT_IMPLEMENTED,128903.0,14,9207.357142857141,-18676.785714285717,3,203,359,0,1,0,202192,0,,,,,,,,,,,,80,,,NOT_IMPLEMENTED,,false,36,"$PATTERN:0.SYS_CONSTRAINT.0.P_becomes_true_after_Q_until_R.state,$PATTERN:0.SYS_CONSTRAINT.0.P_becomes_true_after_Q_until_R.state',$PATTERN:5.SYS_CONSTRAINT.5.P_is_false_after_Q_until_R.state,$PATTERN:5.SYS_CONSTRAINT.5.P_is_false_after_Q_until_R.state',robotY,robotY',$PAST_PREV_aux_9,$PAST_PREV_aux_9',$PATTERN:2.SYS_CONSTRAINT.2.P_becomes_true_after_Q_until_R.state,$PATTERN:2.SYS_CONSTRAINT.2.P_becomes_true_after_Q_until_R.state',$PATTERN:4.SYS_CONSTRAINT.4.P_is_false_after_Q_until_R.state,$PATTERN:4.SYS_CONSTRAINT.4.P_is_false_after_Q_until_R.state',$PAST_PREV_aux_8,$PAST_PREV_aux_8',$PAST_ONCE_aux_6,$PAST_ONCE_aux_6',$PAST_PREV_aux_7,$PAST_PREV_aux_7',$PATTERN:3.SYS_CONSTRAINT.3.P_is_false_after_Q_until_R.state,$PATTERN:3.SYS_CONSTRAINT.3.P_is_false_after_Q_until_R.state',robotX,robotX',$PATTERN:1.SYS_CONSTRAINT.1.P_becomes_true_after_Q_until_R.state,$PATTERN:1.SYS_CONSTRAINT.1.P_becomes_true_after_Q_until_R.state'","targetB_Y,targetB_Y',targetC_Y,targetC_Y',targetA_Y,targetA_Y',targetA_X,targetA_X',targetB_X,targetB_X',targetC_X,targetC_X'",8,,,,,,9,1,1182660498526520062509056,290358841547086102528,100381013569437696,104200716964331520,2742219187021367105028096,1208925819614629174706176,26314280421146675380224,288230376151711744,CUDD,"Using BDD Package: CUDDFactory, Version: CUDD 3.0","import ""DwyerPatternsNew.spectra""","P_becomes_true_after_Q_until_R,P_is_false_after_Q_until_R",6,0,false,false,[],[],,null
variant-2-4,FINAL,variant-2-4.spectra,0,REALIZABILITY,SYS_REAL,"TEMP: false, SORT_AFTERWARDS: false, GROUP_OPTION: NO_GROUPING, INCREMENTAL_ADDITION: NO_INCREMENTAL, USE_RABIN: false, GROUP_AUX: GROUP_PAIR, STATIC_ORDER: REVERSE_CUTHILL, ROY_SIFT_MARKER: false, MAKE_LAST: false, MEMORYLESS: true, REORDER_METHOD: SIFT, NEW_PATTERN: true, INCREMENTAL_JUSTICES: INCREMENTAL_GRAPH, REDUCED_ALGORITHM: FALSE, PARALLEL: false, ORIGINAL: false, BUCHI_INTERSECTION: false, NEW_TRIGGER: true, PARTITIONED: SINGLE_FUNC, VERIFICATION: true, CREATE_GRAPH: false",3344,141,328,-1,192175,195988,"[0, 1, 2, 3, 4, 5, 6, 7, 8, 9, 10, 11, 12, 13, 14, 15, 16, 17, 18, 19, 20, 21, 22, 23, 24, 25, 26, 27, 28, 29, 30, 31, 32, 33, 34, 35, 36, 37, 38, 39, 40, 41, 42, 43, 44, 45, 46, 47, 48, 49, 50, 51, 52, 53, 54, 55, 56, 57, 58, 59, 60, 61, 62, 63, 64, 65, 66, 67]","[0, 1, 2, 3, 4, 5, 6, 7, 8, 9, 10, 11, 12, 13, 14, 15, 16, 17, 18, 19, 20, 21, 22, 23, 24, 25, 26, 27, 28, 29, 30, 31, 32, 33, 34, 35, 36, 37, 38, 39, 40, 41, 42, 43, 44, 45, 46, 47, 48, 49, 50, 51, 52, 53, 54, 55, 56, 57, 58, 59, 60, 61, 62, 63, 64, 65, 66, 67]","[67, 65, 63, 66, 58, 59, 64, 56, 57, 62, 54, 55, 53, 52, 60, 61, 49, 48, 51, 50, 37, 1, 2, 38, 41, 5, 40, 4, 39, 3, 36, 0, 17, 14, 16, 13, 15, 12, 44, 27, 24, 28, 25, 26, 8, 42, 6, 7, 43, 10, 11, 9, 45, 29, 30, 18, 19, 22, 20, 46, 47, 31, 23, 21, 32, 34, 35, 33]","[65, 66, 58, 59, 67, 63, 64, 56, 57, 62, 54, 55, 51, 50, 60, 53, 52, 49, 48, 38, 37, 2, 1, 36, 0, 41, 40, 39, 8, 44, 7, 6, 43, 42, 5, 3, 4, 32, 14, 19, 31, 13, 12, 25, 24, 18, 30, 26, 20, 61, 47, 46, 45, 22, 23, 21, 17, 16, 10, 15, 28, 27, 9, 11, 29, 33, 35, 34]",262,268,11157,345276,NOT_IMPLEMENTED,NOT_IMPLEMENTED,NOT_IMPLEMENTED,NOT_IMPLEMENTED,NOT_IMPLEMENTED,NOT_IMPLEMENTED,NOT_IMPLEMENTED,41756.0,14,2982.5714285714294,-15036.357142857141,2,126,224,0,1,0,192128,0,,,,,,,,,,,,68,,,NOT_IMPLEMENTED,,false,36,"$PAST_PREV_aux_8,$PAST_PREV_aux_8',$PATTERN:3.SYS_CONSTRAINT.3.P_is_false_after_Q_until_R.state,$PATTERN:3.SYS_CONSTRAINT.3.P_is_false_after_Q_until_R.state',$PATTERN:0.SYS_CONSTRAINT.0.P_becomes_true_after_Q_until_R.state,$PATTERN:0.SYS_CONSTRAINT.0.P_becomes_true_after_Q_until_R.state',$PAST_ONCE_aux_6,$PAST_ONCE_aux_6',$PAST_PREV_aux_7,$PAST_PREV_aux_7',$PATTERN:4.SYS_CONSTRAINT.4.P_is_false_after_Q_until_R.state,$PATTERN:4.SYS_CONSTRAINT.4.P_is_false_after_Q_until_R.state',$PATTERN:2.SYS_CONSTRAINT.2.P_becomes_true_after_Q_until_R.state,$PATTERN:2.SYS_CONSTRAINT.2.P_becomes_true_after_Q_until_R.state',$PATTERN:1.SYS_CONSTRAINT.1.P_becomes_true_after_Q_until_R.state,$PATTERN:1.SYS_CONSTRAINT.1.P_becomes_true_after_Q_until_R.state',robotX,robotX',robotY,robotY',$PATTERN:5.SYS_CONSTRAINT.5.P_is_false_after_Q_until_R.state,$PATTERN:5.SYS_CONSTRAINT.5.P_is_false_after_Q_until_R.state',$PAST_PREV_aux_9,$PAST_PREV_aux_9'","targetB_X,targetB_X',targetA_X,targetA_X',targetC_X,targetC_X',targetC_Y,targetC_Y',targetB_Y,targetB_Y',targetA_Y,targetA_Y'",8,,,,,,6,1,289488509889620738048,4536856899173220352,24507083390976,8804751491727360,448126177321873833984,295147905179352825856,6424384868444012544,4503599627370496,CUDD,"Using BDD Package: CUDDFactory, Version: CUDD 3.0","import ""DwyerPatternsNewReduced.spectra""","P_becomes_true_after_Q_until_R,P_is_false_after_Q_until_R",6,0,false,false,"[REMOVED_HOLE, REMOVED_HOLE, REMOVED_HOLE, REMOVED_HOLE, REMOVED_HOLE, REMOVED_HOLE, REMOVED_JUSTICE, REMOVED_JUSTICE, REMOVED_JUSTICE, REMOVED_VAR, REMOVED_VAR, REMOVED_VAR, REMOVED_VAR, REMOVED_VAR, REMOVED_VAR]",[],,null
variant-2-4,NOTHING,variant-2-4.spectra,0,REALIZABILITY,SYS_REAL,"TEMP: false, SORT_AFTERWARDS: false, GROUP_OPTION: NO_GROUPING, INCREMENTAL_ADDITION: NO_INCREMENTAL, USE_RABIN: false, GROUP_AUX: NO_GROUPING, STATIC_ORDER: NO_STATIC_ORDERING, ROY_SIFT_MARKER: false, MAKE_LAST: false, MEMORYLESS: false, REORDER_METHOD: SIFT, NEW_PATTERN: false, INCREMENTAL_JUSTICES: NO_INCREMENTAL, REDUCED_ALGORITHM: FALSE, PARALLEL: false, ORIGINAL: false, BUCHI_INTERSECTION: false, NEW_TRIGGER: false, PARTITIONED: SINGLE_FUNC, VERIFICATION: true, CREATE_GRAPH: false",3172,16,297,-1,330740,334225,"[0, 1, 2, 3, 4, 5, 6, 7, 8, 9, 10, 11, 12, 13, 14, 15, 16, 17, 18, 19, 20, 21, 22, 23, 24, 25, 26, 27, 28, 29, 30, 31, 32, 33, 34, 35, 36, 37, 38, 39, 40, 41, 42, 43, 44, 45, 46, 47, 48, 49, 50, 51, 52, 53, 54, 55, 56, 57, 58, 59, 60, 61, 62, 63, 64, 65, 66, 67, 68, 69, 70, 71, 72, 73, 74, 75, 76, 77, 78, 79]","[0, 1, 2, 3, 4, 5, 6, 7, 8, 9, 10, 11, 12, 13, 14, 15, 16, 17, 18, 19, 20, 21, 22, 23, 24, 25, 26, 27, 28, 29, 30, 31, 32, 33, 34, 35, 36, 37, 38, 39, 40, 41, 42, 43, 44, 45, 46, 47, 48, 49, 50, 51, 52, 53, 54, 55, 56, 57, 58, 59, 60, 61, 62, 63, 64, 65, 66, 67, 68, 69, 70, 71, 72, 73, 74, 75, 76, 77, 78, 79]","[79, 77, 75, 38, 37, 41, 36, 40, 4, 5, 39, 3, 1, 2, 0, 8, 17, 15, 12, 14, 13, 16, 24, 27, 25, 28, 26, 29, 44, 43, 11, 7, 42, 10, 6, 31, 34, 30, 22, 33, 35, 21, 23, 18, 46, 9, 45, 47, 19, 20, 32, 72, 73, 48, 50, 49, 51, 52, 53, 54, 55, 56, 57, 58, 59, 61, 74, 60, 63, 62, 65, 64, 76, 67, 66, 69, 68, 78, 71, 70]","[38, 37, 41, 5, 4, 40, 39, 2, 1, 3, 36, 44, 42, 43, 14, 13, 26, 25, 0, 17, 16, 24, 12, 15, 20, 19, 18, 7, 31, 6, 8, 30, 32, 10, 11, 9, 47, 28, 27, 46, 45, 34, 33, 22, 21, 23, 29, 35, 72, 73, 51, 50, 49, 48, 55, 54, 53, 57, 52, 56, 59, 58, 79, 75, 61, 74, 60, 62, 63, 77, 65, 76, 64, 66, 67, 78, 69, 68, 71, 70]",346,346,11830,59072,NOT_IMPLEMENTED,NOT_IMPLEMENTED,NOT_IMPLEMENTED,NOT_IMPLEMENTED,NOT_IMPLEMENTED,NOT_IMPLEMENTED,NOT_IMPLEMENTED,253263.0,15,16884.199999999993,-11286.0,3,203,359,0,1,0,330568,0,,,,,,,,,,,,80,,,NOT_IMPLEMENTED,,false,36,"$PATTERN:5.SYS_CONSTRAINT.5.P_is_false_after_Q_until_R.state,$PATTERN:5.SYS_CONSTRAINT.5.P_is_false_after_Q_until_R.state',$PAST_PREV_aux_9,$PAST_PREV_aux_9',$PATTERN:0.SYS_CONSTRAINT.0.P_becomes_true_after_Q_until_R.state,$PATTERN:0.SYS_CONSTRAINT.0.P_becomes_true_after_Q_until_R.state',$PATTERN:1.SYS_CONSTRAINT.1.P_becomes_true_after_Q_until_R.state,$PATTERN:1.SYS_CONSTRAINT.1.P_becomes_true_after_Q_until_R.state',$PATTERN:3.SYS_CONSTRAINT.3.P_is_false_after_Q_until_R.state,$PATTERN:3.SYS_CONSTRAINT.3.P_is_false_after_Q_until_R.state',$PAST_PREV_aux_7,$PAST_PREV_aux_7',$PAST_ONCE_aux_6,$PAST_ONCE_aux_6',robotX,robotX',robotY,robotY',$PAST_PREV_aux_8,$PAST_PREV_aux_8',$PATTERN:4.SYS_CONSTRAINT.4.P_is_false_after_Q_until_R.state,$PATTERN:4.SYS_CONSTRAINT.4.P_is_false_after_Q_until_R.state',$PATTERN:2.SYS_CONSTRAINT.2.P_becomes_true_after_Q_until_R.state,$PATTERN:2.SYS_CONSTRAINT.2.P_becomes_true_after_Q_until_R.state'","targetC_Y,targetC_Y',targetA_Y,targetA_Y',targetB_Y,targetB_Y',targetB_X,targetB_X',targetA_X,targetA_X',targetC_X,targetC_X'",8,,,,,,9,1,1182660498526520062509056,290358841547086102528,100381013569437696,104200716964331520,2742219187021367105028096,1208925819614629174706176,26314280421146675380224,288230376151711744,CUDD,"Using BDD Package: CUDDFactory, Version: CUDD 3.0","import ""DwyerPatternsNew.spectra""","P_becomes_true_after_Q_until_R,P_is_false_after_Q_until_R",6,0,false,false,[],[],,null
variant-2-4,FINAL,variant-2-4.spectra,0,REALIZABILITY,SYS_REAL,"TEMP: false, SORT_AFTERWARDS: false, GROUP_OPTION: NO_GROUPING, INCREMENTAL_ADDITION: NO_INCREMENTAL, USE_RABIN: false, GROUP_AUX: GROUP_PAIR, STATIC_ORDER: REVERSE_CUTHILL, ROY_SIFT_MARKER: false, MAKE_LAST: false, MEMORYLESS: true, REORDER_METHOD: SIFT, NEW_PATTERN: true, INCREMENTAL_JUSTICES: INCREMENTAL_GRAPH, REDUCED_ALGORITHM: FALSE, PARALLEL: false, ORIGINAL: false, BUCHI_INTERSECTION: false, NEW_TRIGGER: true, PARTITIONED: SINGLE_FUNC, VERIFICATION: true, CREATE_GRAPH: false",2906,172,375,-1,228911,232364,"[0, 1, 2, 3, 4, 5, 6, 7, 8, 9, 10, 11, 12, 13, 14, 15, 16, 17, 18, 19, 20, 21, 22, 23, 24, 25, 26, 27, 28, 29, 30, 31, 32, 33, 34, 35, 36, 37, 38, 39, 40, 41, 42, 43, 44, 45, 46, 47, 48, 49, 50, 51, 52, 53, 54, 55, 56, 57, 58, 59, 60, 61, 62, 63, 64, 65, 66, 67]","[0, 1, 2, 3, 4, 5, 6, 7, 8, 9, 10, 11, 12, 13, 14, 15, 16, 17, 18, 19, 20, 21, 22, 23, 24, 25, 26, 27, 28, 29, 30, 31, 32, 33, 34, 35, 36, 37, 38, 39, 40, 41, 42, 43, 44, 45, 46, 47, 48, 49, 50, 51, 52, 53, 54, 55, 56, 57, 58, 59, 60, 61, 62, 63, 64, 65, 66, 67]","[67, 63, 65, 66, 58, 59, 64, 56, 57, 62, 54, 55, 53, 52, 61, 60, 49, 48, 51, 50, 37, 1, 2, 38, 41, 5, 40, 4, 39, 3, 36, 0, 12, 44, 8, 42, 6, 7, 43, 11, 10, 9, 45, 46, 47, 15, 27, 16, 13, 24, 28, 25, 17, 14, 29, 26, 33, 18, 34, 19, 35, 22, 20, 23, 21, 30, 31, 32]","[65, 66, 58, 59, 67, 63, 64, 56, 57, 62, 54, 55, 51, 50, 60, 53, 52, 49, 48, 38, 37, 2, 1, 41, 40, 39, 36, 0, 8, 44, 7, 6, 43, 42, 5, 4, 3, 13, 25, 12, 24, 19, 18, 20, 14, 31, 30, 26, 32, 61, 47, 46, 45, 10, 11, 9, 23, 28, 27, 15, 16, 34, 22, 21, 33, 35, 29, 17]",262,268,12053,349491,NOT_IMPLEMENTED,NOT_IMPLEMENTED,NOT_IMPLEMENTED,NOT_IMPLEMENTED,NOT_IMPLEMENTED,NOT_IMPLEMENTED,NOT_IMPLEMENTED,18097.0,11,1645.1818181818182,-6563.272727272727,2,126,224,0,1,0,228880,0,,,,,,,,,,,,68,,,NOT_IMPLEMENTED,,false,36,"$PATTERN:1.SYS_CONSTRAINT.1.P_becomes_true_after_Q_until_R.state,$PATTERN:1.SYS_CONSTRAINT.1.P_becomes_true_after_Q_until_R.state',$PATTERN:5.SYS_CONSTRAINT.5.P_is_false_after_Q_until_R.state,$PATTERN:5.SYS_CONSTRAINT.5.P_is_false_after_Q_until_R.state',robotY,robotY',$PATTERN:3.SYS_CONSTRAINT.3.P_is_false_after_Q_until_R.state,$PATTERN:3.SYS_CONSTRAINT.3.P_is_false_after_Q_until_R.state',$PAST_PREV_aux_9,$PAST_PREV_aux_9',$PATTERN:2.SYS_CONSTRAINT.2.P_becomes_true_after_Q_until_R.state,$PATTERN:2.SYS_CONSTRAINT.2.P_becomes_true_after_Q_until_R.state',$PAST_PREV_aux_8,$PAST_PREV_aux_8',$PAST_ONCE_aux_6,$PAST_ONCE_aux_6',$PATTERN:0.SYS_CONSTRAINT.0.P_becomes_true_after_Q_until_R.state,$PATTERN:0.SYS_CONSTRAINT.0.P_becomes_true_after_Q_until_R.state',$PAST_PREV_aux_7,$PAST_PREV_aux_7',$PATTERN:4.SYS_CONSTRAINT.4.P_is_false_after_Q_until_R.state,$PATTERN:4.SYS_CONSTRAINT.4.P_is_false_after_Q_until_R.state',robotX,robotX'","targetB_Y,targetB_Y',targetC_Y,targetC_Y',targetA_Y,targetA_Y',targetA_X,targetA_X',targetB_X,targetB_X',targetC_X,targetC_X'",8,,,,,,6,1,289488509889620738048,4536856899173220352,24507083390976,8804751491727360,448126177321873833984,295147905179352825856,6424384868444012544,4503599627370496,CUDD,"Using BDD Package: CUDDFactory, Version: CUDD 3.0","import ""DwyerPatternsNewReduced.spectra""","P_becomes_true_after_Q_until_R,P_is_false_after_Q_until_R",6,0,false,false,"[REMOVED_HOLE, REMOVED_HOLE, REMOVED_HOLE, REMOVED_HOLE, REMOVED_HOLE, REMOVED_HOLE, REMOVED_JUSTICE, REMOVED_JUSTICE, REMOVED_JUSTICE, REMOVED_VAR, REMOVED_VAR, REMOVED_VAR, REMOVED_VAR, REMOVED_VAR, REMOVED_VAR]",[],,null
1669468393,NOTHING,1669468393.spectra,0,REALIZABILITY,SYS_REAL,"TEMP: false, SORT_AFTERWARDS: false, GROUP_OPTION: NO_GROUPING, INCREMENTAL_ADDITION: NO_INCREMENTAL, USE_RABIN: false, GROUP_AUX: NO_GROUPING, STATIC_ORDER: NO_STATIC_ORDERING, ROY_SIFT_MARKER: false, MAKE_LAST: false, MEMORYLESS: false, REORDER_METHOD: SIFT, NEW_PATTERN: false, INCREMENTAL_JUSTICES: NO_INCREMENTAL, REDUCED_ALGORITHM: FALSE, PARALLEL: false, ORIGINAL: false, BUCHI_INTERSECTION: false, NEW_TRIGGER: false, PARTITIONED: SINGLE_FUNC, VERIFICATION: true, CREATE_GRAPH: false",4048,16,158,-1,62535,66757,"[0, 1, 2, 3, 4, 5, 6, 7, 8, 9, 10, 11, 12, 13, 14, 15, 16, 17, 18, 19, 20, 21, 22, 23, 24, 25, 26, 27, 28, 29, 30, 31, 32, 33, 34, 35, 36, 37, 38, 39, 40, 41, 42, 43, 44, 45, 46, 47, 48, 49, 50, 51, 52, 53, 54, 55, 56, 57, 58, 59, 60, 61, 62, 63, 64, 65, 66, 67, 68, 69, 70, 71]","[0, 1, 2, 3, 4, 5, 6, 7, 8, 9, 10, 11, 12, 13, 14, 15, 16, 17, 18, 19, 20, 21, 22, 23, 24, 25, 26, 27, 28, 29, 30, 31, 32, 33, 34, 35, 36, 37, 38, 39, 40, 41, 42, 43, 44, 45, 46, 47, 48, 49, 50, 51, 52, 53, 54, 55, 56, 57, 58, 59, 60, 61, 62, 63, 64, 65, 66, 67, 68, 69, 70, 71]","[55, 40, 38, 54, 36, 56, 41, 59, 58, 57, 37, 2, 5, 3, 0, 4, 39, 1, 11, 8, 9, 6, 15, 12, 17, 14, 16, 65, 63, 13, 21, 18, 23, 20, 28, 29, 10, 24, 7, 22, 19, 27, 64, 25, 26, 31, 32, 30, 35, 43, 44, 46, 42, 45, 47, 50, 49, 48, 53, 52, 51, 34, 33, 60, 61, 62, 66, 67, 68, 69, 71, 70]","[14, 13, 16, 5, 4, 10, 11, 9, 3, 59, 58, 17, 57, 26, 29, 25, 28, 24, 27, 32, 31, 30, 12, 20, 19, 18, 40, 38, 8, 2, 1, 0, 7, 36, 6, 37, 55, 54, 64, 63, 15, 21, 22, 39, 23, 34, 33, 41, 35, 56, 43, 46, 45, 47, 42, 44, 50, 49, 48, 65, 53, 52, 51, 60, 61, 62, 66, 67, 68, 69, 70, 71]",621,621,6473,15967,NOT_IMPLEMENTED,NOT_IMPLEMENTED,NOT_IMPLEMENTED,NOT_IMPLEMENTED,NOT_IMPLEMENTED,NOT_IMPLEMENTED,NOT_IMPLEMENTED,16942.0,12,1411.8333333333333,-16949.5,2,62,833,0,1,0,62488,0,,,,,,,,,,,,72,,,NOT_IMPLEMENTED,,false,28,"$TRIGGER:0.VAR',$TRIGGER:0.VAR,robotX,robotX',robotY,robotY'","target3X,target3X',target2Y,target2Y',midObsX,midObsX',target1X,target1X',target2X,target2X',target3Blocked,target3Blocked',target2Blocked,target2Blocked',target1Blocked,target1Blocked',target1Y,target1Y',target3Y,target3Y',midObsY,midObsY'",0,,,,,,6,5,4685689166404828266496,587179437064309440512,3170138849280,13510026408084111360,1414634686152601239552,8220906788599122362368,1022809696622346240,8868119898639826944,CUDD,"Using BDD Package: CUDDFactory, Version: CUDD 3.0","import ""DwyerPatternsNew.spectra""",,0,1,false,false,[],[],,null
1669468393,FINAL,1669468393.spectra,0,REALIZABILITY,SYS_REAL,"TEMP: false, SORT_AFTERWARDS: false, GROUP_OPTION: NO_GROUPING, INCREMENTAL_ADDITION: NO_INCREMENTAL, USE_RABIN: false, GROUP_AUX: GROUP_PAIR, STATIC_ORDER: REVERSE_CUTHILL, ROY_SIFT_MARKER: false, MAKE_LAST: false, MEMORYLESS: true, REORDER_METHOD: SIFT, NEW_PATTERN: true, INCREMENTAL_JUSTICES: INCREMENTAL_GRAPH, REDUCED_ALGORITHM: FALSE, PARALLEL: false, ORIGINAL: false, BUCHI_INTERSECTION: false, NEW_TRIGGER: true, PARTITIONED: SINGLE_FUNC, VERIFICATION: true, CREATE_GRAPH: false",3311,144,208,-1,52366,56029,"[0, 1, 2, 3, 4, 5, 6, 7, 8, 9, 10, 11, 12, 13, 14, 15, 16, 17, 18, 19, 20, 21, 22, 23, 24, 25, 26, 27, 28, 29, 30, 31, 32, 33, 34, 35, 36, 37, 38, 39, 40, 41, 42, 43, 44, 45, 46, 47, 48, 49, 50, 51, 52, 53, 54, 55, 56, 57, 58, 59, 60, 61, 62, 63, 64, 65, 66, 67, 68, 69, 70, 71]","[41, 39, 37, 51, 52, 53, 9, 10, 11, 3, 4, 5, 21, 22, 23, 16, 17, 15, 33, 34, 35, 27, 28, 29, 66, 67, 68, 69, 70, 71, 64, 65, 63, 57, 58, 59, 45, 46, 47, 6, 7, 8, 0, 1, 2, 36, 18, 19, 20, 12, 13, 14, 38, 32, 30, 31, 24, 25, 26, 40, 60, 61, 62, 54, 55, 56, 42, 43, 44, 48, 49, 50]","[37, 39, 41, 65, 53, 63, 51, 52, 36, 8, 11, 9, 64, 6, 10, 59, 40, 7, 5, 38, 2, 4, 1, 3, 58, 0, 21, 18, 23, 20, 30, 32, 19, 22, 17, 31, 16, 13, 15, 12, 14, 24, 34, 33, 35, 26, 25, 29, 28, 27, 47, 46, 45, 61, 60, 62, 57, 55, 54, 56, 69, 70, 71, 68, 67, 66, 42, 43, 44, 48, 49, 50]","[32, 31, 11, 10, 65, 41, 64, 34, 35, 30, 33, 26, 29, 25, 28, 27, 23, 21, 24, 40, 38, 20, 22, 19, 18, 17, 14, 16, 13, 12, 15, 5, 9, 8, 7, 6, 1, 36, 63, 39, 37, 3, 4, 59, 57, 58, 51, 52, 0, 2, 53, 46, 45, 47, 62, 61, 60, 56, 54, 55, 43, 42, 44, 69, 70, 71, 66, 68, 67, 50, 48, 49]",601,735,6650,185094,NOT_IMPLEMENTED,NOT_IMPLEMENTED,NOT_IMPLEMENTED,NOT_IMPLEMENTED,NOT_IMPLEMENTED,NOT_IMPLEMENTED,NOT_IMPLEMENTED,23856.0,15,1590.4000000000003,-22285.599999999995,2,37,525,0,1,0,52319,0,,,,,,,,,,,,72,,,NOT_IMPLEMENTED,,false,28,"$TRIGGER:0.VAR,robotY,robotY',$TRIGGER:0.VAR',robotX,robotX'","target3X,target3X',target1X,target1X',midObsX,midObsX',target1Y,target1Y',target3Blocked,target3Blocked',target1Blocked,target1Blocked',target2X,target2X',target2Blocked,target2Blocked',target3Y,target3Y',midObsY,midObsY',target2Y,target2Y'",0,,,,,,6,5,4685689166404828266496,587179437064309440512,3170138849280,4711188696152408064,1414634686152601239552,8220906788599122362368,1022809696622346240,8868119898639826944,CUDD,"Using BDD Package: CUDDFactory, Version: CUDD 3.0","import ""DwyerPatternsNewReduced.spectra""",,0,1,false,false,[],[REMOVED_HOLE],,null
1669468393,NOTHING,1669468393.spectra,0,REALIZABILITY,SYS_REAL,"TEMP: false, SORT_AFTERWARDS: false, GROUP_OPTION: NO_GROUPING, INCREMENTAL_ADDITION: NO_INCREMENTAL, USE_RABIN: false, GROUP_AUX: NO_GROUPING, STATIC_ORDER: NO_STATIC_ORDERING, ROY_SIFT_MARKER: false, MAKE_LAST: false, MEMORYLESS: false, REORDER_METHOD: SIFT, NEW_PATTERN: false, INCREMENTAL_JUSTICES: NO_INCREMENTAL, REDUCED_ALGORITHM: FALSE, PARALLEL: false, ORIGINAL: false, BUCHI_INTERSECTION: false, NEW_TRIGGER: false, PARTITIONED: SINGLE_FUNC, VERIFICATION: true, CREATE_GRAPH: false",3766,16,141,-1,58906,62829,"[0, 1, 2, 3, 4, 5, 6, 7, 8, 9, 10, 11, 12, 13, 14, 15, 16, 17, 18, 19, 20, 21, 22, 23, 24, 25, 26, 27, 28, 29, 30, 31, 32, 33, 34, 35, 36, 37, 38, 39, 40, 41, 42, 43, 44, 45, 46, 47, 48, 49, 50, 51, 52, 53, 54, 55, 56, 57, 58, 59, 60, 61, 62, 63, 64, 65, 66, 67, 68, 69, 70, 71]","[0, 1, 2, 3, 4, 5, 6, 7, 8, 9, 10, 11, 12, 13, 14, 15, 16, 17, 18, 19, 20, 21, 22, 23, 24, 25, 26, 27, 28, 29, 30, 31, 32, 33, 34, 35, 36, 37, 38, 39, 40, 41, 42, 43, 44, 45, 46, 47, 48, 49, 50, 51, 52, 53, 54, 55, 56, 57, 58, 59, 60, 61, 62, 63, 64, 65, 66, 67, 68, 69, 70, 71]","[54, 55, 56, 58, 57, 59, 65, 63, 64, 39, 41, 37, 5, 40, 36, 38, 2, 0, 3, 1, 4, 8, 11, 6, 9, 12, 15, 14, 17, 16, 13, 21, 18, 20, 23, 25, 24, 22, 19, 7, 10, 33, 26, 28, 27, 29, 34, 35, 31, 32, 30, 43, 44, 46, 42, 45, 47, 50, 48, 49, 51, 52, 53, 60, 61, 62, 66, 67, 68, 69, 70, 71]","[26, 29, 25, 59, 28, 24, 5, 58, 27, 32, 57, 35, 33, 34, 31, 30, 4, 14, 13, 65, 64, 11, 10, 63, 9, 3, 16, 17, 12, 15, 23, 20, 19, 18, 40, 38, 8, 2, 1, 0, 7, 36, 21, 22, 6, 41, 39, 56, 55, 54, 46, 37, 45, 47, 43, 42, 44, 50, 49, 48, 52, 51, 53, 60, 61, 62, 66, 67, 68, 69, 71, 70]",618,618,6746,10607,NOT_IMPLEMENTED,NOT_IMPLEMENTED,NOT_IMPLEMENTED,NOT_IMPLEMENTED,NOT_IMPLEMENTED,NOT_IMPLEMENTED,NOT_IMPLEMENTED,20288.0,11,1844.3636363636365,-14802.0,2,62,833,0,1,0,58875,0,,,,,,,,,,,,72,,,NOT_IMPLEMENTED,,false,28,"$TRIGGER:0.VAR',robotY,robotY',$TRIGGER:0.VAR,robotX,robotX'","midObsX,midObsX',target1Y,target1Y',target3Blocked,target3Blocked',target2Blocked,target2Blocked',target3Y,target3Y',midObsY,midObsY',target1Blocked,target1Blocked',target2X,target2X',target2Y,target2Y',target3X,target3X',target1X,target1X'",0,,,,,,6,5,4685689166404828266496,587179437064309440512,3170138849280,13510026408084111360,1414634686152601239552,8220906788599122362368,1022809696622346240,8868119898639826944,CUDD,"Using BDD Package: CUDDFactory, Version: CUDD 3.0","import ""DwyerPatternsNew.spectra""",,0,1,false,false,[],[],,null
1669468393,FINAL,1669468393.spectra,0,REALIZABILITY,SYS_REAL,"TEMP: false, SORT_AFTERWARDS: false, GROUP_OPTION: NO_GROUPING, INCREMENTAL_ADDITION: NO_INCREMENTAL, USE_RABIN: false, GROUP_AUX: GROUP_PAIR, STATIC_ORDER: REVERSE_CUTHILL, ROY_SIFT_MARKER: false, MAKE_LAST: false, MEMORYLESS: true, REORDER_METHOD: SIFT, NEW_PATTERN: true, INCREMENTAL_JUSTICES: INCREMENTAL_GRAPH, REDUCED_ALGORITHM: FALSE, PARALLEL: false, ORIGINAL: false, BUCHI_INTERSECTION: false, NEW_TRIGGER: true, PARTITIONED: SINGLE_FUNC, VERIFICATION: true, CREATE_GRAPH: false",3078,265,172,-1,48479,51994,"[0, 1, 2, 3, 4, 5, 6, 7, 8, 9, 10, 11, 12, 13, 14, 15, 16, 17, 18, 19, 20, 21, 22, 23, 24, 25, 26, 27, 28, 29, 30, 31, 32, 33, 34, 35, 36, 37, 38, 39, 40, 41, 42, 43, 44, 45, 46, 47, 48, 49, 50, 51, 52, 53, 54, 55, 56, 57, 58, 59, 60, 61, 62, 63, 64, 65, 66, 67, 68, 69, 70, 71]","[41, 39, 37, 51, 52, 53, 9, 10, 11, 3, 4, 5, 21, 22, 23, 16, 17, 15, 33, 34, 35, 27, 28, 29, 66, 67, 68, 69, 70, 71, 64, 65, 63, 57, 58, 59, 45, 46, 47, 6, 7, 8, 0, 1, 2, 36, 18, 19, 20, 12, 13, 14, 38, 32, 30, 31, 24, 25, 26, 40, 60, 61, 62, 54, 55, 56, 42, 43, 44, 48, 49, 50]","[39, 41, 37, 65, 51, 52, 53, 11, 63, 36, 8, 6, 9, 38, 7, 10, 40, 20, 23, 21, 64, 18, 22, 59, 19, 15, 12, 17, 14, 13, 30, 16, 32, 5, 31, 4, 1, 3, 61, 60, 62, 58, 57, 56, 55, 54, 0, 2, 27, 34, 33, 35, 28, 29, 69, 70, 71, 68, 67, 66, 24, 26, 25, 43, 44, 47, 46, 45, 42, 48, 49, 50]","[65, 11, 10, 20, 64, 63, 23, 19, 22, 21, 18, 14, 17, 12, 15, 13, 16, 32, 35, 31, 34, 40, 38, 30, 33, 26, 29, 28, 25, 24, 27, 8, 7, 6, 0, 36, 1, 2, 5, 58, 62, 4, 39, 41, 57, 3, 9, 53, 51, 52, 43, 46, 45, 37, 47, 42, 44, 61, 60, 59, 56, 54, 55, 50, 49, 48, 69, 70, 71, 66, 67, 68]",598,728,7053,183681,NOT_IMPLEMENTED,NOT_IMPLEMENTED,NOT_IMPLEMENTED,NOT_IMPLEMENTED,NOT_IMPLEMENTED,NOT_IMPLEMENTED,NOT_IMPLEMENTED,18267.0,15,1217.8000000000002,-13653.200000000003,2,37,525,0,1,0,48435,0,,,,,,,,,,,,72,,,NOT_IMPLEMENTED,,false,28,"$TRIGGER:0.VAR,robotY,robotY',$TRIGGER:0.VAR',robotX,robotX'","target3X,target3X',target1X,target1X',midObsX,midObsX',target1Y,target1Y',target3Blocked,target3Blocked',target1Blocked,target1Blocked',target2X,target2X',target2Blocked,target2Blocked',target3Y,target3Y',midObsY,midObsY',target2Y,target2Y'",0,,,,,,6,5,4685689166404828266496,587179437064309440512,3170138849280,4711188696152408064,1414634686152601239552,8220906788599122362368,1022809696622346240,8868119898639826944,CUDD,"Using BDD Package: CUDDFactory, Version: CUDD 3.0","import ""DwyerPatternsNewReduced.spectra""",,0,1,false,false,[],[REMOVED_HOLE],,null
1669468393,NOTHING,1669468393.spectra,0,REALIZABILITY,SYS_REAL,"TEMP: false, SORT_AFTERWARDS: false, GROUP_OPTION: NO_GROUPING, INCREMENTAL_ADDITION: NO_INCREMENTAL, USE_RABIN: false, GROUP_AUX: NO_GROUPING, STATIC_ORDER: NO_STATIC_ORDERING, ROY_SIFT_MARKER: false, MAKE_LAST: false, MEMORYLESS: false, REORDER_METHOD: SIFT, NEW_PATTERN: false, INCREMENTAL_JUSTICES: NO_INCREMENTAL, REDUCED_ALGORITHM: FALSE, PARALLEL: false, ORIGINAL: false, BUCHI_INTERSECTION: false, NEW_TRIGGER: false, PARTITIONED: SINGLE_FUNC, VERIFICATION: true, CREATE_GRAPH: false",3364,58,93,-1,52236,55751,"[0, 1, 2, 3, 4, 5, 6, 7, 8, 9, 10, 11, 12, 13, 14, 15, 16, 17, 18, 19, 20, 21, 22, 23, 24, 25, 26, 27, 28, 29, 30, 31, 32, 33, 34, 35, 36, 37, 38, 39, 40, 41, 42, 43, 44, 45, 46, 47, 48, 49, 50, 51, 52, 53, 54, 55, 56, 57, 58, 59, 60, 61, 62, 63, 64, 65, 66, 67, 68, 69, 70, 71]","[0, 1, 2, 3, 4, 5, 6, 7, 8, 9, 10, 11, 12, 13, 14, 15, 16, 17, 18, 19, 20, 21, 22, 23, 24, 25, 26, 27, 28, 29, 30, 31, 32, 33, 34, 35, 36, 37, 38, 39, 40, 41, 42, 43, 44, 45, 46, 47, 48, 49, 50, 51, 52, 53, 54, 55, 56, 57, 58, 59, 60, 61, 62, 63, 64, 65, 66, 67, 68, 69, 70, 71]","[54, 55, 56, 58, 57, 59, 65, 63, 64, 39, 41, 37, 5, 40, 36, 38, 2, 0, 3, 1, 4, 8, 11, 6, 9, 12, 15, 14, 17, 16, 13, 21, 18, 20, 23, 25, 24, 22, 19, 7, 10, 33, 26, 28, 27, 29, 34, 35, 31, 32, 30, 43, 44, 46, 42, 45, 47, 50, 48, 49, 51, 52, 53, 60, 61, 62, 66, 67, 68, 69, 70, 71]","[5, 59, 4, 58, 17, 16, 26, 29, 25, 28, 24, 57, 27, 35, 32, 31, 30, 14, 13, 12, 15, 3, 11, 20, 10, 19, 9, 64, 63, 34, 18, 40, 38, 33, 65, 23, 22, 21, 8, 2, 1, 0, 7, 36, 6, 56, 39, 41, 46, 55, 54, 37, 43, 45, 47, 42, 44, 50, 48, 49, 53, 52, 51, 60, 61, 62, 66, 67, 68, 69, 71, 70]",618,618,6742,11272,NOT_IMPLEMENTED,NOT_IMPLEMENTED,NOT_IMPLEMENTED,NOT_IMPLEMENTED,NOT_IMPLEMENTED,NOT_IMPLEMENTED,NOT_IMPLEMENTED,19696.0,13,1515.0769230769229,-18065.46153846154,2,62,833,0,1,0,52158,0,,,,,,,,,,,,72,,,NOT_IMPLEMENTED,,false,28,"$TRIGGER:0.VAR',robotY,robotY',$TRIGGER:0.VAR,robotX,robotX'","midObsX,midObsX',target1Y,target1Y',target3Blocked,target3Blocked',target2Blocked,target2Blocked',target3Y,target3Y',midObsY,midObsY',target1Blocked,target1Blocked',target2X,target2X',target2Y,target2Y',target3X,target3X',target1X,target1X'",0,,,,,,6,5,4685689166404828266496,587179437064309440512,3170138849280,13510026408084111360,1414634686152601239552,8220906788599122362368,1022809696622346240,8868119898639826944,CUDD,"Using BDD Package: CUDDFactory, Version: CUDD 3.0","import ""DwyerPatternsNew.spectra""",,0,1,false,false,[],[],,null
1669468393,FINAL,1669468393.spectra,0,REALIZABILITY,SYS_REAL,"TEMP: false, SORT_AFTERWARDS: false, GROUP_OPTION: NO_GROUPING, INCREMENTAL_ADDITION: NO_INCREMENTAL, USE_RABIN: false, GROUP_AUX: GROUP_PAIR, STATIC_ORDER: REVERSE_CUTHILL, ROY_SIFT_MARKER: false, MAKE_LAST: false, MEMORYLESS: true, REORDER_METHOD: SIFT, NEW_PATTERN: true, INCREMENTAL_JUSTICES: INCREMENTAL_GRAPH, REDUCED_ALGORITHM: FALSE, PARALLEL: false, ORIGINAL: false, BUCHI_INTERSECTION: false, NEW_TRIGGER: true, PARTITIONED: SINGLE_FUNC, VERIFICATION: true, CREATE_GRAPH: false",3562,188,218,-1,52361,56329,"[0, 1, 2, 3, 4, 5, 6, 7, 8, 9, 10, 11, 12, 13, 14, 15, 16, 17, 18, 19, 20, 21, 22, 23, 24, 25, 26, 27, 28, 29, 30, 31, 32, 33, 34, 35, 36, 37, 38, 39, 40, 41, 42, 43, 44, 45, 46, 47, 48, 49, 50, 51, 52, 53, 54, 55, 56, 57, 58, 59, 60, 61, 62, 63, 64, 65, 66, 67, 68, 69, 70, 71]","[41, 39, 37, 51, 52, 53, 9, 10, 11, 3, 4, 5, 21, 22, 23, 16, 17, 15, 33, 34, 35, 27, 28, 29, 66, 67, 68, 69, 70, 71, 64, 65, 63, 57, 58, 59, 45, 46, 47, 6, 7, 8, 0, 1, 2, 36, 18, 19, 20, 12, 13, 14, 38, 32, 30, 31, 24, 25, 26, 40, 60, 61, 62, 54, 55, 56, 42, 43, 44, 48, 49, 50]","[37, 39, 41, 65, 53, 63, 51, 52, 36, 8, 11, 9, 64, 6, 10, 38, 7, 21, 40, 18, 23, 20, 22, 59, 19, 17, 14, 16, 13, 15, 58, 12, 33, 5, 31, 2, 4, 1, 0, 3, 24, 35, 34, 30, 32, 26, 25, 29, 27, 28, 44, 47, 46, 45, 42, 43, 50, 48, 49, 60, 61, 62, 57, 54, 55, 56, 69, 70, 71, 66, 67, 68]","[29, 35, 34, 28, 33, 27, 64, 63, 65, 20, 19, 8, 7, 23, 22, 58, 57, 59, 11, 10, 18, 21, 14, 13, 16, 12, 6, 38, 36, 2, 1, 0, 32, 31, 30, 24, 40, 25, 26, 41, 15, 17, 39, 9, 5, 3, 37, 4, 53, 51, 52, 46, 45, 47, 43, 42, 44, 50, 48, 49, 61, 60, 62, 54, 55, 56, 69, 70, 71, 66, 68, 67]",671,1002,6668,188734,NOT_IMPLEMENTED,NOT_IMPLEMENTED,NOT_IMPLEMENTED,NOT_IMPLEMENTED,NOT_IMPLEMENTED,NOT_IMPLEMENTED,NOT_IMPLEMENTED,16675.0,15,1111.666666666667,-16976.133333333335,2,37,525,0,1,0,52345,0,,,,,,,,,,,,72,,,NOT_IMPLEMENTED,,false,28,"$TRIGGER:0.VAR',robotX,robotX',$TRIGGER:0.VAR,robotY,robotY'","target3Y,target3Y',midObsX,midObsX',target1Y,target1Y',target1X,target1X',target2Y,target2Y',target3X,target3X',target3Blocked,target3Blocked',target2Blocked,target2Blocked',midObsY,midObsY',target2X,target2X',target1Blocked,target1Blocked'",0,,,,,,6,5,4685689166404828266496,587179437064309440512,3170138849280,4711188696152408064,1414634686152601239552,8220906788599122362368,1022809696622346240,8868119898639826944,CUDD,"Using BDD Package: CUDDFactory, Version: CUDD 3.0","import ""DwyerPatternsNewReduced.spectra""",,0,1,false,false,[],[REMOVED_HOLE],,null
