Spec,RunConfig,UniqueIdentifier,TIMEOUT,ActionType,Result,CONFIG_TXT,INITIAL_BDD_TIME,HEURISTICS_TIME,SECOND_STEP_TIME,PARALLEL_OVERHEAD_TIME,WORK_TIME,TOTAL_TIME,PRE_ROYBDD_ORDER,POST_HEURISTICS_ORDER,POST_SECOND_STEP_ORDER,POST_WORK_ORDER,PRE_ROYBDD_NODE_SIZE,POST_HEURISTICS_NODE_SIZE,POST_SECOND_STEP_NODE_SIZE,POST_WORK_NODE_SIZE,AVERAGE_AUX_SIZE,AVERAGE_SYS_DOM_IN_CONSTRAINT,AVERAGE_ENV_DOM_IN_CONSTRAINT,AVERAGE_SYS_DOM_SIZE,AVERAGE_ENV_DOM_SIZE,AVERAGE_CONSTRAINT_COMPLEXITY,INTERCONNECTNESS_INDEX,TOTAL_REORDER_TIME,REORDER_CALL_AMOUNT,AVERAGE_REORDER_TIME,AVERAGE_REORDER_GAIN,Z_FIXPOINTS,Y_FIXPOINTS,X_FIXPOINTS,W_FIXPOINTS,REAL_CASES,UNREAL_CASES,REAL_TIME,UNREAL_TIME,GRAPH_DATA,CLUSTER_INC_DATA,CLUSTER_VAR_DATA,DOMAIN_GRAPH_DATA,CONSTRAINT_GRAPH_DATA,JUST_STRING_COUNT,JUST_STRING_ENV_COUNT,TRANS_STRING_SYS_COUNT,TRANS_STRING_ENV_COUNT,INI_STRING_ENV_COUNT,INI_STRING_SYS_COUNT,TOTAL_VARS,SYS_VARS,ENV_VARS,AUX_VARS,UNUSED_CONS_VARS,ARRAYS_INSTANCES,TOTAL_DOMS,SYS_DOMS,ENV_DOMS,AUX_DOMS,DOMS_NOT_QUANTIFIED,INI_SYS_CONSTRAINTS,INI_ENV_CONSTRAINTS,TRANS_ENV_CONSTRAINTS,TRANS_SYS_CONSTRAINTS,JUSTICE_SYS_AMOUNT,JUSTICE_ENV_AMOUNT,Z_SAT_COUNT,Z_SAT_COUNT_START_S0,TRANS_ENV_SAT,TRANS_SYS_SAT,JUSTS_SYS_SAT,JUSTS_ENV_SAT,INI_ENV_SAT,INI_SYS_SAT,FACTORY_TYPE,BDDPACKAGE,IMPORT,UNIQUE_PATTERNS,PATTERN_INSTANCES,TRIGGER_INSTANCES,MONITORS_INSTANCES,COUNTERS_INSTANCES,REDUCED_PATTERN,REDUCED_TRIGGER,SWAPPED_TO_ORIGINAL,ADDITIONAL
1672252408,NOTHING,1672252408.spectra,0,REALIZABILITY,SYS_REAL,"TEMP: false, SORT_AFTERWARDS: false, GROUP_OPTION: NO_GROUPING, INCREMENTAL_ADDITION: NO_INCREMENTAL, USE_RABIN: false, GROUP_AUX: NO_GROUPING, STATIC_ORDER: NO_STATIC_ORDERING, ROY_SIFT_MARKER: false, MAKE_LAST: false, MEMORYLESS: false, REORDER_METHOD: SIFT, NEW_PATTERN: false, INCREMENTAL_JUSTICES: NO_INCREMENTAL, REDUCED_ALGORITHM: FALSE, PARALLEL: false, ORIGINAL: false, BUCHI_INTERSECTION: false, NEW_TRIGGER: false, PARTITIONED: SINGLE_FUNC, VERIFICATION: true, CREATE_GRAPH: false",2794,15,1532,-1,47728,52069,"[0, 1, 2, 3, 4, 5, 6, 7, 8, 9, 10, 11, 12, 13, 14, 15, 16, 17, 18, 19, 20, 21, 22, 23, 24, 25, 26, 27, 28, 29, 30, 31, 32, 33, 34, 35, 36, 37, 38, 39, 40, 41, 42, 43, 44, 45, 46, 47, 48, 49, 50, 51, 52, 53, 54, 55, 56, 57, 58, 59, 60, 61, 62, 63, 64, 65, 66, 67, 68, 69, 70, 71, 72, 73]","[0, 1, 2, 3, 4, 5, 6, 7, 8, 9, 10, 11, 12, 13, 14, 15, 16, 17, 18, 19, 20, 21, 22, 23, 24, 25, 26, 27, 28, 29, 30, 31, 32, 33, 34, 35, 36, 37, 38, 39, 40, 41, 42, 43, 44, 45, 46, 47, 48, 49, 50, 51, 52, 53, 54, 55, 56, 57, 58, 59, 60, 61, 62, 63, 64, 65, 66, 67, 68, 69, 70, 71, 72, 73]","[58, 60, 56, 54, 32, 8, 31, 7, 35, 34, 10, 11, 33, 9, 6, 30, 47, 46, 44, 43, 19, 20, 42, 18, 45, 69, 67, 68, 66, 62, 63, 39, 15, 12, 36, 41, 17, 16, 40, 13, 14, 38, 37, 3, 55, 61, 59, 5, 4, 51, 57, 0, 48, 1, 2, 24, 27, 53, 21, 52, 23, 22, 29, 28, 50, 26, 25, 49, 64, 65, 72, 73, 70, 71]","[60, 58, 56, 54, 7, 8, 31, 32, 67, 69, 68, 66, 62, 63, 35, 11, 10, 9, 6, 14, 38, 13, 12, 37, 36, 30, 34, 17, 41, 16, 40, 15, 39, 33, 47, 46, 4, 5, 45, 55, 48, 61, 59, 50, 44, 43, 2, 3, 0, 1, 52, 57, 51, 42, 49, 53, 18, 20, 19, 23, 21, 22, 27, 28, 29, 24, 26, 25, 64, 65, 73, 72, 71, 70]",296,296,43320,21900,NOT_IMPLEMENTED,NOT_IMPLEMENTED,NOT_IMPLEMENTED,NOT_IMPLEMENTED,NOT_IMPLEMENTED,NOT_IMPLEMENTED,NOT_IMPLEMENTED,8668.0,16,541.75,-11598.125,2,72,670,0,1,0,47696,0,,,,,,,,,,,,74,,,NOT_IMPLEMENTED,,false,34,"robotX1,robotX1',$PATTERN:0.SYS_CONSTRAINT.0.S_responds_to_P_globally.state,$PATTERN:0.SYS_CONSTRAINT.0.S_responds_to_P_globally.state',Robot0GotBackToGroundFloor,Robot0GotBackToGroundFloor',Robot1UsedTheElevator,Robot1UsedTheElevator',robotX0,robotX0',$COUNTER:0.packagesCounter0,$COUNTER:0.packagesCounter0',robotY1,robotY1',$COUNTER:1.packagesCounter1,$COUNTER:1.packagesCounter1',$PATTERN:1.SYS_CONSTRAINT.1.S_responds_to_P_globally.state,$PATTERN:1.SYS_CONSTRAINT.1.S_responds_to_P_globally.state',robotY0,robotY0',Robot1GotBackToGroundFloor,Robot1GotBackToGroundFloor',Robot0UsedTheElevator,Robot0UsedTheElevator'","lamp1Y,lamp1Y',lamp0X,lamp0X',elevatorY,elevatorY',lamp0Y,lamp0Y',lamp1X,lamp1X'",4,,,,,,6,2,17362963519431956758528,4340740879857989189632,315811629629440000,182022561712051200,23943873807674997997568,4722366482869645213696,2161727821137838080000,87279233012858880,CUDD,"Using BDD Package: CUDDFactory, Version: CUDD 3.0","import ""DwyerPatternsNew.spectra""",S_responds_to_P_globally,2,0,false,true,[],[],,null
1672252408,FINAL,1672252408.spectra,0,REALIZABILITY,SYS_REAL,"TEMP: false, SORT_AFTERWARDS: false, GROUP_OPTION: NO_GROUPING, INCREMENTAL_ADDITION: NO_INCREMENTAL, USE_RABIN: false, GROUP_AUX: GROUP_PAIR, STATIC_ORDER: REVERSE_CUTHILL, ROY_SIFT_MARKER: false, MAKE_LAST: false, MEMORYLESS: true, REORDER_METHOD: SIFT, NEW_PATTERN: true, INCREMENTAL_JUSTICES: INCREMENTAL_GRAPH, REDUCED_ALGORITHM: FALSE, PARALLEL: false, ORIGINAL: false, BUCHI_INTERSECTION: false, NEW_TRIGGER: true, PARTITIONED: SINGLE_FUNC, VERIFICATION: true, CREATE_GRAPH: false",2906,151,1343,-1,180964,185364,"[0, 1, 2, 3, 4, 5, 6, 7, 8, 9, 10, 11, 12, 13, 14, 15, 16, 17, 18, 19, 20, 21, 22, 23, 24, 25, 26, 27, 28, 29, 30, 31, 32, 33, 34, 35, 36, 37, 38, 39, 40, 41, 42, 43, 44, 45, 46, 47, 48, 49, 50, 51, 52, 53, 54, 55, 56, 57, 58, 59, 60, 61, 62, 63, 64, 65, 66, 67, 68, 69, 70, 71, 72, 73]","[0, 1, 2, 3, 4, 5, 6, 7, 8, 9, 10, 11, 12, 13, 14, 15, 16, 17, 18, 19, 20, 21, 22, 23, 24, 25, 26, 27, 28, 29, 30, 31, 32, 33, 34, 35, 36, 37, 38, 39, 40, 41, 42, 43, 44, 45, 46, 47, 48, 49, 50, 51, 52, 53, 54, 55, 56, 57, 58, 59, 60, 61, 62, 63, 64, 65, 66, 67, 68, 69, 70, 71, 72, 73]","[66, 68, 69, 67, 62, 63, 73, 71, 70, 72, 54, 60, 56, 58, 31, 64, 65, 32, 7, 8, 35, 34, 11, 10, 30, 6, 33, 9, 47, 46, 44, 43, 20, 19, 42, 18, 45, 39, 15, 12, 36, 41, 17, 16, 40, 38, 14, 13, 37, 5, 4, 55, 61, 59, 3, 51, 57, 21, 53, 52, 0, 48, 1, 2, 24, 27, 23, 22, 29, 28, 50, 25, 26, 49]","[62, 63, 67, 69, 68, 66, 60, 58, 56, 54, 32, 31, 8, 7, 35, 34, 11, 10, 9, 6, 38, 14, 13, 37, 12, 36, 30, 16, 17, 41, 40, 33, 15, 47, 39, 46, 55, 50, 48, 44, 43, 42, 45, 5, 4, 59, 61, 3, 0, 2, 1, 51, 57, 52, 53, 49, 18, 24, 27, 19, 20, 25, 28, 26, 21, 22, 23, 29, 64, 65, 71, 73, 72, 70]",296,302,61291,101664,NOT_IMPLEMENTED,NOT_IMPLEMENTED,NOT_IMPLEMENTED,NOT_IMPLEMENTED,NOT_IMPLEMENTED,NOT_IMPLEMENTED,NOT_IMPLEMENTED,23494.0,15,1566.2666666666669,-26950.666666666664,2,72,670,0,1,0,180943,0,,,,,,,,,,,,74,,,NOT_IMPLEMENTED,,false,34,"robotY1,robotY1',robotX0,robotX0',$COUNTER:1.packagesCounter1,$COUNTER:1.packagesCounter1',Robot1GotBackToGroundFloor,Robot1GotBackToGroundFloor',$PATTERN:1.SYS_CONSTRAINT.1.S_responds_to_P_globally.state,$PATTERN:1.SYS_CONSTRAINT.1.S_responds_to_P_globally.state',$PATTERN:0.SYS_CONSTRAINT.0.S_responds_to_P_globally.state,$PATTERN:0.SYS_CONSTRAINT.0.S_responds_to_P_globally.state',$COUNTER:0.packagesCounter0,$COUNTER:0.packagesCounter0',Robot0UsedTheElevator,Robot0UsedTheElevator',robotY0,robotY0',Robot1UsedTheElevator,Robot1UsedTheElevator',Robot0GotBackToGroundFloor,Robot0GotBackToGroundFloor',robotX1,robotX1'","lamp1Y,lamp1Y',lamp0X,lamp0X',elevatorY,elevatorY',lamp0Y,lamp0Y',lamp1X,lamp1X'",4,,,,,,6,2,17362963519431956758528,4340740879857989189632,315811629629440000,182022561712051200,23943873807674997997568,4722366482869645213696,2161727821137838080000,87279233012858880,CUDD,"Using BDD Package: CUDDFactory, Version: CUDD 3.0","import ""DwyerPatternsNewReduced.spectra""",S_responds_to_P_globally,2,0,false,true,[],[],,null
1672252408,NOTHING,1672252408.spectra,0,REALIZABILITY,SYS_REAL,"TEMP: false, SORT_AFTERWARDS: false, GROUP_OPTION: NO_GROUPING, INCREMENTAL_ADDITION: NO_INCREMENTAL, USE_RABIN: false, GROUP_AUX: NO_GROUPING, STATIC_ORDER: NO_STATIC_ORDERING, ROY_SIFT_MARKER: false, MAKE_LAST: false, MEMORYLESS: false, REORDER_METHOD: SIFT, NEW_PATTERN: false, INCREMENTAL_JUSTICES: NO_INCREMENTAL, REDUCED_ALGORITHM: FALSE, PARALLEL: false, ORIGINAL: false, BUCHI_INTERSECTION: false, NEW_TRIGGER: false, PARTITIONED: SINGLE_FUNC, VERIFICATION: true, CREATE_GRAPH: false",3078,16,1593,-1,47909,52596,"[0, 1, 2, 3, 4, 5, 6, 7, 8, 9, 10, 11, 12, 13, 14, 15, 16, 17, 18, 19, 20, 21, 22, 23, 24, 25, 26, 27, 28, 29, 30, 31, 32, 33, 34, 35, 36, 37, 38, 39, 40, 41, 42, 43, 44, 45, 46, 47, 48, 49, 50, 51, 52, 53, 54, 55, 56, 57, 58, 59, 60, 61, 62, 63, 64, 65, 66, 67, 68, 69, 70, 71, 72, 73]","[0, 1, 2, 3, 4, 5, 6, 7, 8, 9, 10, 11, 12, 13, 14, 15, 16, 17, 18, 19, 20, 21, 22, 23, 24, 25, 26, 27, 28, 29, 30, 31, 32, 33, 34, 35, 36, 37, 38, 39, 40, 41, 42, 43, 44, 45, 46, 47, 48, 49, 50, 51, 52, 53, 54, 55, 56, 57, 58, 59, 60, 61, 62, 63, 64, 65, 66, 67, 68, 69, 70, 71, 72, 73]","[58, 60, 56, 54, 32, 8, 31, 7, 35, 34, 10, 11, 33, 9, 6, 30, 47, 46, 44, 43, 19, 20, 42, 18, 45, 69, 67, 68, 66, 62, 63, 39, 15, 12, 36, 41, 17, 16, 40, 13, 14, 38, 37, 3, 55, 61, 59, 5, 4, 51, 57, 0, 48, 1, 2, 24, 27, 53, 21, 52, 23, 22, 29, 28, 50, 26, 25, 49, 64, 65, 72, 73, 70, 71]","[60, 58, 56, 54, 7, 8, 31, 32, 67, 69, 68, 66, 62, 63, 35, 11, 10, 9, 6, 14, 38, 13, 12, 37, 36, 30, 34, 17, 41, 16, 40, 15, 39, 33, 47, 46, 4, 5, 45, 55, 48, 61, 59, 50, 44, 43, 2, 3, 0, 1, 52, 57, 51, 42, 49, 53, 18, 20, 19, 23, 21, 22, 27, 28, 29, 24, 26, 25, 64, 65, 73, 72, 71, 70]",296,296,43320,21900,NOT_IMPLEMENTED,NOT_IMPLEMENTED,NOT_IMPLEMENTED,NOT_IMPLEMENTED,NOT_IMPLEMENTED,NOT_IMPLEMENTED,NOT_IMPLEMENTED,9338.0,16,583.625,-11598.125,2,72,670,0,1,0,47878,0,,,,,,,,,,,,74,,,NOT_IMPLEMENTED,,false,34,"robotX1,robotX1',robotY0,robotY0',$PATTERN:0.SYS_CONSTRAINT.0.S_responds_to_P_globally.state,$PATTERN:0.SYS_CONSTRAINT.0.S_responds_to_P_globally.state',robotX0,robotX0',robotY1,robotY1',$COUNTER:1.packagesCounter1,$COUNTER:1.packagesCounter1',Robot0UsedTheElevator,Robot0UsedTheElevator',Robot0GotBackToGroundFloor,Robot0GotBackToGroundFloor',$COUNTER:0.packagesCounter0,$COUNTER:0.packagesCounter0',Robot1UsedTheElevator,Robot1UsedTheElevator',$PATTERN:1.SYS_CONSTRAINT.1.S_responds_to_P_globally.state,$PATTERN:1.SYS_CONSTRAINT.1.S_responds_to_P_globally.state',Robot1GotBackToGroundFloor,Robot1GotBackToGroundFloor'","lamp0X,lamp0X',lamp1Y,lamp1Y',lamp1X,lamp1X',lamp0Y,lamp0Y',elevatorY,elevatorY'",4,,,,,,6,2,17362963519431956758528,4340740879857989189632,315811629629440000,182022561712051200,23943873807674997997568,4722366482869645213696,2161727821137838080000,87279233012858880,CUDD,"Using BDD Package: CUDDFactory, Version: CUDD 3.0","import ""DwyerPatternsNew.spectra""",S_responds_to_P_globally,2,0,false,true,[],[],,null
1672252408,FINAL,1672252408.spectra,0,REALIZABILITY,SYS_REAL,"TEMP: false, SORT_AFTERWARDS: false, GROUP_OPTION: NO_GROUPING, INCREMENTAL_ADDITION: NO_INCREMENTAL, USE_RABIN: false, GROUP_AUX: GROUP_PAIR, STATIC_ORDER: REVERSE_CUTHILL, ROY_SIFT_MARKER: false, MAKE_LAST: false, MEMORYLESS: true, REORDER_METHOD: SIFT, NEW_PATTERN: true, INCREMENTAL_JUSTICES: INCREMENTAL_GRAPH, REDUCED_ALGORITHM: FALSE, PARALLEL: false, ORIGINAL: false, BUCHI_INTERSECTION: false, NEW_TRIGGER: true, PARTITIONED: SINGLE_FUNC, VERIFICATION: true, CREATE_GRAPH: false",3016,172,1516,-1,183346,188050,"[0, 1, 2, 3, 4, 5, 6, 7, 8, 9, 10, 11, 12, 13, 14, 15, 16, 17, 18, 19, 20, 21, 22, 23, 24, 25, 26, 27, 28, 29, 30, 31, 32, 33, 34, 35, 36, 37, 38, 39, 40, 41, 42, 43, 44, 45, 46, 47, 48, 49, 50, 51, 52, 53, 54, 55, 56, 57, 58, 59, 60, 61, 62, 63, 64, 65, 66, 67, 68, 69, 70, 71, 72, 73]","[0, 1, 2, 3, 4, 5, 6, 7, 8, 9, 10, 11, 12, 13, 14, 15, 16, 17, 18, 19, 20, 21, 22, 23, 24, 25, 26, 27, 28, 29, 30, 31, 32, 33, 34, 35, 36, 37, 38, 39, 40, 41, 42, 43, 44, 45, 46, 47, 48, 49, 50, 51, 52, 53, 54, 55, 56, 57, 58, 59, 60, 61, 62, 63, 64, 65, 66, 67, 68, 69, 70, 71, 72, 73]","[66, 68, 69, 67, 62, 63, 73, 71, 70, 72, 54, 60, 56, 58, 31, 64, 65, 32, 7, 8, 35, 34, 11, 10, 30, 6, 33, 9, 47, 46, 44, 43, 20, 19, 42, 18, 45, 39, 15, 12, 36, 41, 17, 16, 40, 38, 14, 13, 37, 5, 4, 55, 61, 59, 3, 51, 57, 21, 53, 52, 0, 48, 1, 2, 24, 27, 23, 22, 29, 28, 50, 25, 26, 49]","[62, 63, 67, 69, 68, 66, 60, 58, 56, 54, 32, 31, 8, 7, 35, 34, 11, 10, 9, 6, 38, 14, 13, 37, 12, 36, 30, 16, 17, 41, 40, 33, 15, 47, 39, 46, 55, 50, 48, 44, 43, 42, 45, 5, 4, 59, 61, 3, 0, 2, 1, 51, 57, 52, 53, 49, 18, 24, 27, 19, 20, 25, 28, 26, 21, 22, 23, 29, 64, 65, 71, 73, 72, 70]",296,302,61291,101664,NOT_IMPLEMENTED,NOT_IMPLEMENTED,NOT_IMPLEMENTED,NOT_IMPLEMENTED,NOT_IMPLEMENTED,NOT_IMPLEMENTED,NOT_IMPLEMENTED,24038.0,15,1602.5333333333335,-27002.800000000007,2,72,670,0,1,0,183330,0,,,,,,,,,,,,74,,,NOT_IMPLEMENTED,,false,34,"robotX1,robotX1',$PATTERN:0.SYS_CONSTRAINT.0.S_responds_to_P_globally.state,$PATTERN:0.SYS_CONSTRAINT.0.S_responds_to_P_globally.state',$COUNTER:0.packagesCounter0,$COUNTER:0.packagesCounter0',robotY0,robotY0',Robot1GotBackToGroundFloor,Robot1GotBackToGroundFloor',robotX0,robotX0',Robot0UsedTheElevator,Robot0UsedTheElevator',robotY1,robotY1',$PATTERN:1.SYS_CONSTRAINT.1.S_responds_to_P_globally.state,$PATTERN:1.SYS_CONSTRAINT.1.S_responds_to_P_globally.state',Robot1UsedTheElevator,Robot1UsedTheElevator',Robot0GotBackToGroundFloor,Robot0GotBackToGroundFloor',$COUNTER:1.packagesCounter1,$COUNTER:1.packagesCounter1'","lamp0Y,lamp0Y',lamp0X,lamp0X',lamp1Y,lamp1Y',elevatorY,elevatorY',lamp1X,lamp1X'",4,,,,,,6,2,17362963519431956758528,4340740879857989189632,315811629629440000,182022561712051200,23943873807674997997568,4722366482869645213696,2161727821137838080000,87279233012858880,CUDD,"Using BDD Package: CUDDFactory, Version: CUDD 3.0","import ""DwyerPatternsNewReduced.spectra""",S_responds_to_P_globally,2,0,false,true,[],[],,null
1672252408,NOTHING,1672252408.spectra,0,REALIZABILITY,SYS_REAL,"TEMP: false, SORT_AFTERWARDS: false, GROUP_OPTION: NO_GROUPING, INCREMENTAL_ADDITION: NO_INCREMENTAL, USE_RABIN: false, GROUP_AUX: NO_GROUPING, STATIC_ORDER: NO_STATIC_ORDERING, ROY_SIFT_MARKER: false, MAKE_LAST: false, MEMORYLESS: false, REORDER_METHOD: SIFT, NEW_PATTERN: false, INCREMENTAL_JUSTICES: NO_INCREMENTAL, REDUCED_ALGORITHM: FALSE, PARALLEL: false, ORIGINAL: false, BUCHI_INTERSECTION: false, NEW_TRIGGER: false, PARTITIONED: SINGLE_FUNC, VERIFICATION: true, CREATE_GRAPH: false",2672,15,735,-1,49221,52643,"[0, 1, 2, 3, 4, 5, 6, 7, 8, 9, 10, 11, 12, 13, 14, 15, 16, 17, 18, 19, 20, 21, 22, 23, 24, 25, 26, 27, 28, 29, 30, 31, 32, 33, 34, 35, 36, 37, 38, 39, 40, 41, 42, 43, 44, 45, 46, 47, 48, 49, 50, 51, 52, 53, 54, 55, 56, 57, 58, 59, 60, 61, 62, 63, 64, 65, 66, 67, 68, 69, 70, 71, 72, 73]","[0, 1, 2, 3, 4, 5, 6, 7, 8, 9, 10, 11, 12, 13, 14, 15, 16, 17, 18, 19, 20, 21, 22, 23, 24, 25, 26, 27, 28, 29, 30, 31, 32, 33, 34, 35, 36, 37, 38, 39, 40, 41, 42, 43, 44, 45, 46, 47, 48, 49, 50, 51, 52, 53, 54, 55, 56, 57, 58, 59, 60, 61, 62, 63, 64, 65, 66, 67, 68, 69, 70, 71, 72, 73]","[56, 54, 32, 8, 31, 7, 35, 34, 11, 10, 67, 69, 68, 66, 62, 63, 30, 6, 41, 17, 14, 38, 37, 13, 12, 40, 16, 15, 36, 60, 58, 33, 9, 55, 61, 59, 39, 47, 46, 45, 3, 57, 5, 4, 51, 43, 42, 1, 2, 18, 0, 48, 24, 27, 53, 21, 52, 19, 22, 23, 20, 44, 49, 25, 28, 29, 26, 50, 64, 65, 73, 72, 71, 70]","[67, 69, 66, 68, 62, 63, 56, 54, 32, 31, 8, 7, 35, 34, 10, 11, 9, 33, 14, 38, 17, 41, 13, 37, 16, 6, 49, 30, 12, 36, 60, 58, 40, 15, 39, 55, 47, 46, 61, 59, 45, 5, 48, 4, 3, 0, 1, 2, 50, 57, 52, 51, 53, 43, 44, 23, 42, 22, 21, 19, 18, 20, 27, 28, 29, 24, 25, 26, 64, 65, 72, 73, 70, 71]",296,296,17907,20189,NOT_IMPLEMENTED,NOT_IMPLEMENTED,NOT_IMPLEMENTED,NOT_IMPLEMENTED,NOT_IMPLEMENTED,NOT_IMPLEMENTED,NOT_IMPLEMENTED,3147.0,14,224.78571428571433,-4350.642857142857,2,72,670,0,1,0,49175,0,,,,,,,,,,,,74,,,NOT_IMPLEMENTED,,false,34,"robotX1,robotX1',robotY0,robotY0',$PATTERN:0.SYS_CONSTRAINT.0.S_responds_to_P_globally.state,$PATTERN:0.SYS_CONSTRAINT.0.S_responds_to_P_globally.state',robotX0,robotX0',robotY1,robotY1',$COUNTER:1.packagesCounter1,$COUNTER:1.packagesCounter1',Robot0UsedTheElevator,Robot0UsedTheElevator',Robot0GotBackToGroundFloor,Robot0GotBackToGroundFloor',$COUNTER:0.packagesCounter0,$COUNTER:0.packagesCounter0',Robot1UsedTheElevator,Robot1UsedTheElevator',$PATTERN:1.SYS_CONSTRAINT.1.S_responds_to_P_globally.state,$PATTERN:1.SYS_CONSTRAINT.1.S_responds_to_P_globally.state',Robot1GotBackToGroundFloor,Robot1GotBackToGroundFloor'","lamp0X,lamp0X',lamp1Y,lamp1Y',lamp1X,lamp1X',lamp0Y,lamp0Y',elevatorY,elevatorY'",4,,,,,,6,2,17362963519431956758528,4340740879857989189632,315811629629440000,182022561712051200,23943873807674997997568,4722366482869645213696,2161727821137838080000,87279233012858880,CUDD,"Using BDD Package: CUDDFactory, Version: CUDD 3.0","import ""DwyerPatternsNew.spectra""",S_responds_to_P_globally,2,0,false,true,[],[],,null
1672252408,FINAL,1672252408.spectra,0,REALIZABILITY,SYS_REAL,"TEMP: false, SORT_AFTERWARDS: false, GROUP_OPTION: NO_GROUPING, INCREMENTAL_ADDITION: NO_INCREMENTAL, USE_RABIN: false, GROUP_AUX: GROUP_PAIR, STATIC_ORDER: REVERSE_CUTHILL, ROY_SIFT_MARKER: false, MAKE_LAST: false, MEMORYLESS: true, REORDER_METHOD: SIFT, NEW_PATTERN: true, INCREMENTAL_JUSTICES: INCREMENTAL_GRAPH, REDUCED_ALGORITHM: FALSE, PARALLEL: false, ORIGINAL: false, BUCHI_INTERSECTION: false, NEW_TRIGGER: true, PARTITIONED: SINGLE_FUNC, VERIFICATION: true, CREATE_GRAPH: false",3110,219,1047,-1,38939,43315,"[0, 1, 2, 3, 4, 5, 6, 7, 8, 9, 10, 11, 12, 13, 14, 15, 16, 17, 18, 19, 20, 21, 22, 23, 24, 25, 26, 27, 28, 29, 30, 31, 32, 33, 34, 35, 36, 37, 38, 39, 40, 41, 42, 43, 44, 45, 46, 47, 48, 49, 50, 51, 52, 53, 54, 55, 56, 57, 58, 59, 60, 61, 62, 63, 64, 65, 66, 67, 68, 69, 70, 71, 72, 73]","[0, 1, 2, 3, 4, 5, 6, 7, 8, 9, 10, 11, 12, 13, 14, 15, 16, 17, 18, 19, 20, 21, 22, 23, 24, 25, 26, 27, 28, 29, 30, 31, 32, 33, 34, 35, 36, 37, 38, 39, 40, 41, 42, 43, 44, 45, 46, 47, 48, 49, 50, 51, 52, 53, 54, 55, 56, 57, 58, 59, 60, 61, 62, 63, 64, 65, 66, 67, 68, 69, 70, 71, 72, 73]","[67, 69, 68, 66, 62, 63, 60, 58, 56, 54, 32, 8, 31, 7, 72, 70, 71, 73, 35, 34, 11, 10, 30, 6, 33, 9, 64, 65, 47, 43, 19, 37, 13, 38, 14, 12, 36, 16, 40, 17, 41, 39, 15, 46, 45, 5, 4, 42, 18, 55, 61, 59, 3, 51, 57, 0, 52, 1, 2, 48, 24, 27, 21, 53, 44, 20, 23, 22, 28, 29, 50, 25, 26, 49]","[62, 63, 67, 69, 68, 66, 60, 58, 56, 54, 32, 31, 8, 7, 35, 34, 11, 10, 9, 6, 14, 38, 13, 37, 12, 36, 30, 17, 41, 16, 40, 15, 39, 33, 47, 46, 45, 5, 4, 55, 61, 59, 50, 49, 2, 1, 3, 0, 51, 57, 53, 52, 44, 43, 42, 48, 18, 19, 22, 21, 23, 20, 27, 28, 29, 24, 26, 25, 65, 64, 70, 71, 72, 73]",296,302,49325,89594,NOT_IMPLEMENTED,NOT_IMPLEMENTED,NOT_IMPLEMENTED,NOT_IMPLEMENTED,NOT_IMPLEMENTED,NOT_IMPLEMENTED,NOT_IMPLEMENTED,6239.0,15,415.9333333333333,-8596.666666666668,2,72,670,0,1,0,38908,0,,,,,,,,,,,,74,,,NOT_IMPLEMENTED,,false,34,"robotY1,robotY1',robotX0,robotX0',$COUNTER:1.packagesCounter1,$COUNTER:1.packagesCounter1',Robot1GotBackToGroundFloor,Robot1GotBackToGroundFloor',$PATTERN:1.SYS_CONSTRAINT.1.S_responds_to_P_globally.state,$PATTERN:1.SYS_CONSTRAINT.1.S_responds_to_P_globally.state',$PATTERN:0.SYS_CONSTRAINT.0.S_responds_to_P_globally.state,$PATTERN:0.SYS_CONSTRAINT.0.S_responds_to_P_globally.state',$COUNTER:0.packagesCounter0,$COUNTER:0.packagesCounter0',Robot0UsedTheElevator,Robot0UsedTheElevator',robotY0,robotY0',Robot1UsedTheElevator,Robot1UsedTheElevator',Robot0GotBackToGroundFloor,Robot0GotBackToGroundFloor',robotX1,robotX1'","lamp1Y,lamp1Y',lamp0X,lamp0X',elevatorY,elevatorY',lamp0Y,lamp0Y',lamp1X,lamp1X'",4,,,,,,6,2,17362963519431956758528,4340740879857989189632,315811629629440000,182022561712051200,23943873807674997997568,4722366482869645213696,2161727821137838080000,87279233012858880,CUDD,"Using BDD Package: CUDDFactory, Version: CUDD 3.0","import ""DwyerPatternsNewReduced.spectra""",S_responds_to_P_globally,2,0,false,true,[],[],,null
1672251791,NOTHING,1672251791.spectra,0,REALIZABILITY,SYS_REAL,"TEMP: false, SORT_AFTERWARDS: false, GROUP_OPTION: NO_GROUPING, INCREMENTAL_ADDITION: NO_INCREMENTAL, USE_RABIN: false, GROUP_AUX: NO_GROUPING, STATIC_ORDER: NO_STATIC_ORDERING, ROY_SIFT_MARKER: false, MAKE_LAST: false, MEMORYLESS: false, REORDER_METHOD: SIFT, NEW_PATTERN: false, INCREMENTAL_JUSTICES: NO_INCREMENTAL, REDUCED_ALGORITHM: FALSE, PARALLEL: false, ORIGINAL: false, BUCHI_INTERSECTION: false, NEW_TRIGGER: false, PARTITIONED: SINGLE_FUNC, VERIFICATION: true, CREATE_GRAPH: false",2719,0,390,-1,112709,115818,"[0, 1, 2, 3, 4, 5, 6, 7, 8, 9, 10, 11, 12, 13, 14, 15, 16, 17, 18, 19, 20, 21, 22, 23, 24, 25, 26, 27, 28, 29, 30, 31, 32, 33, 34, 35, 36, 37, 38, 39, 40, 41, 42, 43, 44, 45, 46, 47, 48, 49, 50, 51, 52, 53, 54, 55, 56, 57, 58, 59, 60, 61, 62, 63, 64, 65]","[0, 1, 2, 3, 4, 5, 6, 7, 8, 9, 10, 11, 12, 13, 14, 15, 16, 17, 18, 19, 20, 21, 22, 23, 24, 25, 26, 27, 28, 29, 30, 31, 32, 33, 34, 35, 36, 37, 38, 39, 40, 41, 42, 43, 44, 45, 46, 47, 48, 49, 50, 51, 52, 53, 54, 55, 56, 57, 58, 59, 60, 61, 62, 63, 64, 65]","[46, 47, 31, 7, 32, 8, 10, 11, 35, 34, 9, 6, 30, 33, 44, 45, 43, 42, 18, 19, 20, 22, 23, 21, 59, 61, 60, 58, 54, 55, 36, 12, 15, 17, 38, 14, 16, 13, 37, 39, 3, 48, 24, 0, 2, 1, 50, 51, 4, 5, 27, 29, 28, 49, 40, 41, 53, 52, 25, 26, 57, 56, 64, 65, 62, 63]","[32, 31, 7, 8, 10, 11, 6, 59, 61, 58, 30, 60, 54, 55, 9, 38, 14, 13, 37, 12, 36, 35, 34, 16, 15, 17, 41, 47, 46, 33, 39, 49, 48, 44, 2, 43, 45, 42, 50, 3, 5, 23, 22, 4, 0, 1, 21, 40, 51, 52, 18, 53, 56, 19, 20, 24, 27, 28, 29, 26, 25, 57, 64, 65, 62, 63]",288,288,9876,17392,NOT_IMPLEMENTED,NOT_IMPLEMENTED,NOT_IMPLEMENTED,NOT_IMPLEMENTED,NOT_IMPLEMENTED,NOT_IMPLEMENTED,NOT_IMPLEMENTED,21625.0,16,1351.5625,-21766.1875,2,72,670,0,1,0,112693,0,,,,,,,,,,,,66,,,NOT_IMPLEMENTED,,false,26,"$PATTERN:0.SYS_CONSTRAINT.0.S_responds_to_P_globally.state,$PATTERN:0.SYS_CONSTRAINT.0.S_responds_to_P_globally.state',$COUNTER:1.packagesCounter1,$COUNTER:1.packagesCounter1',robotX1,robotX1',$COUNTER:0.packagesCounter0,$COUNTER:0.packagesCounter0',robotY1,robotY1',robotX0,robotX0',robotY0,robotY0',$PATTERN:1.SYS_CONSTRAINT.1.S_responds_to_P_globally.state,$PATTERN:1.SYS_CONSTRAINT.1.S_responds_to_P_globally.state'","lamp1Y,lamp1Y',elevatorY,elevatorY',lamp0X,lamp0X',lamp0Y,lamp0Y',lamp1X,lamp1X'",4,,,,,,6,2,67824076247781081088,16956019061945270272,1233639178240000,831565392445440,93530757061230460928,18446744073709551616,8444249301319680000,5981343255101440,CUDD,"Using BDD Package: CUDDFactory, Version: CUDD 3.0","import ""DwyerPatternsNew.spectra""",S_responds_to_P_globally,2,0,false,true,[],[],,null
1672251791,FINAL,1672251791.spectra,0,REALIZABILITY,SYS_REAL,"TEMP: false, SORT_AFTERWARDS: false, GROUP_OPTION: NO_GROUPING, INCREMENTAL_ADDITION: NO_INCREMENTAL, USE_RABIN: false, GROUP_AUX: GROUP_PAIR, STATIC_ORDER: REVERSE_CUTHILL, ROY_SIFT_MARKER: false, MAKE_LAST: false, MEMORYLESS: true, REORDER_METHOD: SIFT, NEW_PATTERN: true, INCREMENTAL_JUSTICES: INCREMENTAL_GRAPH, REDUCED_ALGORITHM: FALSE, PARALLEL: false, ORIGINAL: false, BUCHI_INTERSECTION: false, NEW_TRIGGER: true, PARTITIONED: SINGLE_FUNC, VERIFICATION: true, CREATE_GRAPH: false",2890,141,406,-1,85493,88930,"[0, 1, 2, 3, 4, 5, 6, 7, 8, 9, 10, 11, 12, 13, 14, 15, 16, 17, 18, 19, 20, 21, 22, 23, 24, 25, 26, 27, 28, 29, 30, 31, 32, 33, 34, 35, 36, 37, 38, 39, 40, 41, 42, 43, 44, 45, 46, 47, 48, 49, 50, 51, 52, 53, 54, 55, 56, 57, 58, 59, 60, 61, 62, 63, 64, 65]","[0, 1, 2, 3, 4, 5, 6, 7, 8, 9, 10, 11, 12, 13, 14, 15, 16, 17, 18, 19, 20, 21, 22, 23, 24, 25, 26, 27, 28, 29, 30, 31, 32, 33, 34, 35, 36, 37, 38, 39, 40, 41, 42, 43, 44, 45, 46, 47, 48, 49, 50, 51, 52, 53, 54, 55, 56, 57, 58, 59, 60, 61, 62, 63, 64, 65]","[59, 61, 60, 58, 54, 55, 32, 8, 31, 7, 10, 11, 9, 63, 62, 64, 65, 56, 57, 47, 46, 35, 34, 6, 30, 33, 43, 19, 45, 42, 18, 21, 20, 44, 23, 22, 36, 12, 15, 39, 17, 38, 14, 16, 13, 41, 40, 37, 3, 0, 5, 4, 48, 51, 53, 52, 1, 2, 24, 27, 29, 28, 49, 25, 26, 50]","[54, 55, 59, 61, 60, 58, 32, 31, 8, 7, 10, 11, 9, 6, 38, 14, 17, 12, 36, 13, 37, 50, 30, 35, 34, 33, 41, 16, 40, 47, 15, 39, 46, 48, 49, 44, 45, 5, 4, 43, 42, 3, 0, 51, 2, 1, 52, 53, 22, 23, 20, 19, 18, 21, 24, 27, 28, 29, 26, 25, 57, 56, 64, 65, 62, 63]",288,294,15487,86941,NOT_IMPLEMENTED,NOT_IMPLEMENTED,NOT_IMPLEMENTED,NOT_IMPLEMENTED,NOT_IMPLEMENTED,NOT_IMPLEMENTED,NOT_IMPLEMENTED,13249.0,15,883.2666666666668,-19303.73333333333,2,72,670,0,1,0,85477,0,,,,,,,,,,,,66,,,NOT_IMPLEMENTED,,false,26,"robotX1,robotX1',robotX0,robotX0',$PATTERN:0.SYS_CONSTRAINT.0.S_responds_to_P_globally.state,$PATTERN:0.SYS_CONSTRAINT.0.S_responds_to_P_globally.state',$COUNTER:1.packagesCounter1,$COUNTER:1.packagesCounter1',$COUNTER:0.packagesCounter0,$COUNTER:0.packagesCounter0',robotY1,robotY1',robotY0,robotY0',$PATTERN:1.SYS_CONSTRAINT.1.S_responds_to_P_globally.state,$PATTERN:1.SYS_CONSTRAINT.1.S_responds_to_P_globally.state'","lamp0Y,lamp0Y',lamp0X,lamp0X',lamp1Y,lamp1Y',elevatorY,elevatorY',lamp1X,lamp1X'",4,,,,,,6,2,67824076247781081088,16956019061945270272,1233639178240000,831565392445440,93530757061230460928,18446744073709551616,8444249301319680000,5981343255101440,CUDD,"Using BDD Package: CUDDFactory, Version: CUDD 3.0","import ""DwyerPatternsNewReduced.spectra""",S_responds_to_P_globally,2,0,false,true,[],[],,null
1672251791,NOTHING,1672251791.spectra,0,REALIZABILITY,SYS_REAL,"TEMP: false, SORT_AFTERWARDS: false, GROUP_OPTION: NO_GROUPING, INCREMENTAL_ADDITION: NO_INCREMENTAL, USE_RABIN: false, GROUP_AUX: NO_GROUPING, STATIC_ORDER: NO_STATIC_ORDERING, ROY_SIFT_MARKER: false, MAKE_LAST: false, MEMORYLESS: false, REORDER_METHOD: SIFT, NEW_PATTERN: false, INCREMENTAL_JUSTICES: NO_INCREMENTAL, REDUCED_ALGORITHM: FALSE, PARALLEL: false, ORIGINAL: false, BUCHI_INTERSECTION: false, NEW_TRIGGER: false, PARTITIONED: SINGLE_FUNC, VERIFICATION: true, CREATE_GRAPH: false",2515,16,547,-1,103593,106671,"[0, 1, 2, 3, 4, 5, 6, 7, 8, 9, 10, 11, 12, 13, 14, 15, 16, 17, 18, 19, 20, 21, 22, 23, 24, 25, 26, 27, 28, 29, 30, 31, 32, 33, 34, 35, 36, 37, 38, 39, 40, 41, 42, 43, 44, 45, 46, 47, 48, 49, 50, 51, 52, 53, 54, 55, 56, 57, 58, 59, 60, 61, 62, 63, 64, 65]","[0, 1, 2, 3, 4, 5, 6, 7, 8, 9, 10, 11, 12, 13, 14, 15, 16, 17, 18, 19, 20, 21, 22, 23, 24, 25, 26, 27, 28, 29, 30, 31, 32, 33, 34, 35, 36, 37, 38, 39, 40, 41, 42, 43, 44, 45, 46, 47, 48, 49, 50, 51, 52, 53, 54, 55, 56, 57, 58, 59, 60, 61, 62, 63, 64, 65]","[46, 47, 32, 8, 31, 7, 10, 11, 35, 34, 9, 6, 30, 33, 44, 43, 45, 42, 18, 19, 20, 61, 23, 22, 21, 59, 60, 58, 54, 55, 36, 12, 15, 17, 38, 14, 16, 13, 37, 39, 3, 48, 24, 0, 2, 1, 50, 51, 4, 5, 27, 29, 28, 49, 41, 40, 53, 52, 25, 26, 57, 56, 64, 65, 62, 63]","[32, 31, 7, 8, 10, 11, 6, 30, 55, 54, 59, 61, 58, 60, 35, 34, 9, 46, 47, 33, 38, 14, 17, 12, 36, 13, 37, 15, 16, 44, 43, 42, 5, 4, 45, 3, 39, 22, 23, 21, 51, 48, 0, 2, 1, 49, 41, 40, 53, 52, 50, 18, 56, 20, 19, 24, 27, 28, 29, 26, 25, 57, 64, 65, 62, 63]",288,288,9878,12868,NOT_IMPLEMENTED,NOT_IMPLEMENTED,NOT_IMPLEMENTED,NOT_IMPLEMENTED,NOT_IMPLEMENTED,NOT_IMPLEMENTED,NOT_IMPLEMENTED,21894.0,16,1368.375,-21624.0625,2,72,670,0,1,0,103566,0,,,,,,,,,,,,66,,,NOT_IMPLEMENTED,,false,26,"$PATTERN:1.SYS_CONSTRAINT.1.S_responds_to_P_globally.state,$PATTERN:1.SYS_CONSTRAINT.1.S_responds_to_P_globally.state',robotY0,robotY0',robotX1,robotX1',$COUNTER:0.packagesCounter0,$COUNTER:0.packagesCounter0',$PATTERN:0.SYS_CONSTRAINT.0.S_responds_to_P_globally.state,$PATTERN:0.SYS_CONSTRAINT.0.S_responds_to_P_globally.state',$COUNTER:1.packagesCounter1,$COUNTER:1.packagesCounter1',robotX0,robotX0',robotY1,robotY1'","lamp1X,lamp1X',elevatorY,elevatorY',lamp0Y,lamp0Y',lamp0X,lamp0X',lamp1Y,lamp1Y'",4,,,,,,6,2,67824076247781081088,16956019061945270272,1233639178240000,831565392445440,93530757061230460928,18446744073709551616,8444249301319680000,5981343255101440,CUDD,"Using BDD Package: CUDDFactory, Version: CUDD 3.0","import ""DwyerPatternsNew.spectra""",S_responds_to_P_globally,2,0,false,true,[],[],,null
1672251791,FINAL,1672251791.spectra,0,REALIZABILITY,SYS_REAL,"TEMP: false, SORT_AFTERWARDS: false, GROUP_OPTION: NO_GROUPING, INCREMENTAL_ADDITION: NO_INCREMENTAL, USE_RABIN: false, GROUP_AUX: GROUP_PAIR, STATIC_ORDER: REVERSE_CUTHILL, ROY_SIFT_MARKER: false, MAKE_LAST: false, MEMORYLESS: true, REORDER_METHOD: SIFT, NEW_PATTERN: true, INCREMENTAL_JUSTICES: INCREMENTAL_GRAPH, REDUCED_ALGORITHM: FALSE, PARALLEL: false, ORIGINAL: false, BUCHI_INTERSECTION: false, NEW_TRIGGER: true, PARTITIONED: SINGLE_FUNC, VERIFICATION: true, CREATE_GRAPH: false",2887,142,512,-1,117122,120663,"[0, 1, 2, 3, 4, 5, 6, 7, 8, 9, 10, 11, 12, 13, 14, 15, 16, 17, 18, 19, 20, 21, 22, 23, 24, 25, 26, 27, 28, 29, 30, 31, 32, 33, 34, 35, 36, 37, 38, 39, 40, 41, 42, 43, 44, 45, 46, 47, 48, 49, 50, 51, 52, 53, 54, 55, 56, 57, 58, 59, 60, 61, 62, 63, 64, 65]","[0, 1, 2, 3, 4, 5, 6, 7, 8, 9, 10, 11, 12, 13, 14, 15, 16, 17, 18, 19, 20, 21, 22, 23, 24, 25, 26, 27, 28, 29, 30, 31, 32, 33, 34, 35, 36, 37, 38, 39, 40, 41, 42, 43, 44, 45, 46, 47, 48, 49, 50, 51, 52, 53, 54, 55, 56, 57, 58, 59, 60, 61, 62, 63, 64, 65]","[58, 60, 61, 59, 54, 55, 63, 65, 64, 62, 56, 57, 31, 32, 8, 7, 10, 11, 9, 30, 6, 35, 34, 47, 46, 33, 43, 45, 42, 18, 19, 44, 21, 20, 22, 23, 36, 12, 15, 38, 14, 16, 13, 37, 17, 2, 39, 1, 3, 0, 4, 5, 48, 24, 27, 29, 50, 28, 26, 25, 49, 40, 41, 51, 53, 52]","[54, 55, 59, 61, 60, 58, 31, 32, 8, 7, 10, 11, 35, 6, 9, 30, 34, 46, 47, 33, 4, 45, 38, 14, 13, 37, 12, 36, 17, 16, 5, 15, 50, 49, 44, 43, 42, 20, 19, 3, 18, 23, 22, 21, 48, 0, 2, 1, 24, 39, 40, 41, 51, 53, 52, 27, 29, 28, 26, 25, 57, 56, 65, 64, 62, 63]",288,294,14789,111809,NOT_IMPLEMENTED,NOT_IMPLEMENTED,NOT_IMPLEMENTED,NOT_IMPLEMENTED,NOT_IMPLEMENTED,NOT_IMPLEMENTED,NOT_IMPLEMENTED,20348.0,17,1196.9411764705885,-28419.52941176471,2,72,670,0,1,0,117072,0,,,,,,,,,,,,66,,,NOT_IMPLEMENTED,,false,26,"robotX1,robotX1',robotX0,robotX0',$PATTERN:0.SYS_CONSTRAINT.0.S_responds_to_P_globally.state,$PATTERN:0.SYS_CONSTRAINT.0.S_responds_to_P_globally.state',$COUNTER:1.packagesCounter1,$COUNTER:1.packagesCounter1',$COUNTER:0.packagesCounter0,$COUNTER:0.packagesCounter0',robotY1,robotY1',robotY0,robotY0',$PATTERN:1.SYS_CONSTRAINT.1.S_responds_to_P_globally.state,$PATTERN:1.SYS_CONSTRAINT.1.S_responds_to_P_globally.state'","lamp0Y,lamp0Y',lamp0X,lamp0X',lamp1Y,lamp1Y',elevatorY,elevatorY',lamp1X,lamp1X'",4,,,,,,6,2,67824076247781081088,16956019061945270272,1233639178240000,831565392445440,93530757061230460928,18446744073709551616,8444249301319680000,5981343255101440,CUDD,"Using BDD Package: CUDDFactory, Version: CUDD 3.0","import ""DwyerPatternsNewReduced.spectra""",S_responds_to_P_globally,2,0,false,true,[],[],,null
1672251791,NOTHING,1672251791.spectra,0,REALIZABILITY,SYS_REAL,"TEMP: false, SORT_AFTERWARDS: false, GROUP_OPTION: NO_GROUPING, INCREMENTAL_ADDITION: NO_INCREMENTAL, USE_RABIN: false, GROUP_AUX: NO_GROUPING, STATIC_ORDER: NO_STATIC_ORDERING, ROY_SIFT_MARKER: false, MAKE_LAST: false, MEMORYLESS: false, REORDER_METHOD: SIFT, NEW_PATTERN: false, INCREMENTAL_JUSTICES: NO_INCREMENTAL, REDUCED_ALGORITHM: FALSE, PARALLEL: false, ORIGINAL: false, BUCHI_INTERSECTION: false, NEW_TRIGGER: false, PARTITIONED: SINGLE_FUNC, VERIFICATION: true, CREATE_GRAPH: false",3000,11,460,-1,38286,41757,"[0, 1, 2, 3, 4, 5, 6, 7, 8, 9, 10, 11, 12, 13, 14, 15, 16, 17, 18, 19, 20, 21, 22, 23, 24, 25, 26, 27, 28, 29, 30, 31, 32, 33, 34, 35, 36, 37, 38, 39, 40, 41, 42, 43, 44, 45, 46, 47, 48, 49, 50, 51, 52, 53, 54, 55, 56, 57, 58, 59, 60, 61, 62, 63, 64, 65]","[0, 1, 2, 3, 4, 5, 6, 7, 8, 9, 10, 11, 12, 13, 14, 15, 16, 17, 18, 19, 20, 21, 22, 23, 24, 25, 26, 27, 28, 29, 30, 31, 32, 33, 34, 35, 36, 37, 38, 39, 40, 41, 42, 43, 44, 45, 46, 47, 48, 49, 50, 51, 52, 53, 54, 55, 56, 57, 58, 59, 60, 61, 62, 63, 64, 65]","[61, 59, 58, 60, 54, 55, 31, 7, 32, 8, 10, 11, 35, 9, 6, 30, 34, 46, 47, 33, 43, 45, 42, 36, 12, 39, 3, 51, 48, 0, 24, 18, 41, 5, 40, 4, 53, 52, 1, 2, 15, 17, 14, 16, 13, 38, 37, 21, 19, 22, 23, 20, 44, 27, 29, 50, 28, 26, 25, 49, 56, 57, 64, 65, 62, 63]","[54, 55, 59, 61, 58, 60, 32, 31, 8, 7, 10, 11, 9, 6, 38, 14, 13, 37, 17, 16, 40, 12, 36, 49, 30, 41, 35, 34, 47, 15, 33, 39, 46, 45, 50, 48, 5, 4, 2, 1, 0, 3, 51, 52, 53, 42, 43, 44, 20, 18, 19, 56, 22, 21, 23, 24, 27, 28, 29, 26, 25, 57, 64, 65, 62, 63]",288,288,14270,9916,NOT_IMPLEMENTED,NOT_IMPLEMENTED,NOT_IMPLEMENTED,NOT_IMPLEMENTED,NOT_IMPLEMENTED,NOT_IMPLEMENTED,NOT_IMPLEMENTED,6587.0,16,411.6875,-10542.25,2,72,670,0,1,0,38254,0,,,,,,,,,,,,66,,,NOT_IMPLEMENTED,,false,26,"$PATTERN:0.SYS_CONSTRAINT.0.S_responds_to_P_globally.state,$PATTERN:0.SYS_CONSTRAINT.0.S_responds_to_P_globally.state',$COUNTER:1.packagesCounter1,$COUNTER:1.packagesCounter1',robotX1,robotX1',$COUNTER:0.packagesCounter0,$COUNTER:0.packagesCounter0',robotY1,robotY1',robotX0,robotX0',robotY0,robotY0',$PATTERN:1.SYS_CONSTRAINT.1.S_responds_to_P_globally.state,$PATTERN:1.SYS_CONSTRAINT.1.S_responds_to_P_globally.state'","lamp1Y,lamp1Y',elevatorY,elevatorY',lamp0X,lamp0X',lamp0Y,lamp0Y',lamp1X,lamp1X'",4,,,,,,6,2,67824076247781081088,16956019061945270272,1233639178240000,831565392445440,93530757061230460928,18446744073709551616,8444249301319680000,5981343255101440,CUDD,"Using BDD Package: CUDDFactory, Version: CUDD 3.0","import ""DwyerPatternsNew.spectra""",S_responds_to_P_globally,2,0,false,true,[],[],,null
1672251791,FINAL,1672251791.spectra,0,REALIZABILITY,SYS_REAL,"TEMP: false, SORT_AFTERWARDS: false, GROUP_OPTION: NO_GROUPING, INCREMENTAL_ADDITION: NO_INCREMENTAL, USE_RABIN: false, GROUP_AUX: GROUP_PAIR, STATIC_ORDER: REVERSE_CUTHILL, ROY_SIFT_MARKER: false, MAKE_LAST: false, MEMORYLESS: true, REORDER_METHOD: SIFT, NEW_PATTERN: true, INCREMENTAL_JUSTICES: INCREMENTAL_GRAPH, REDUCED_ALGORITHM: FALSE, PARALLEL: false, ORIGINAL: false, BUCHI_INTERSECTION: false, NEW_TRIGGER: true, PARTITIONED: SINGLE_FUNC, VERIFICATION: true, CREATE_GRAPH: false",2720,139,450,-1,138951,142260,"[0, 1, 2, 3, 4, 5, 6, 7, 8, 9, 10, 11, 12, 13, 14, 15, 16, 17, 18, 19, 20, 21, 22, 23, 24, 25, 26, 27, 28, 29, 30, 31, 32, 33, 34, 35, 36, 37, 38, 39, 40, 41, 42, 43, 44, 45, 46, 47, 48, 49, 50, 51, 52, 53, 54, 55, 56, 57, 58, 59, 60, 61, 62, 63, 64, 65]","[0, 1, 2, 3, 4, 5, 6, 7, 8, 9, 10, 11, 12, 13, 14, 15, 16, 17, 18, 19, 20, 21, 22, 23, 24, 25, 26, 27, 28, 29, 30, 31, 32, 33, 34, 35, 36, 37, 38, 39, 40, 41, 42, 43, 44, 45, 46, 47, 48, 49, 50, 51, 52, 53, 54, 55, 56, 57, 58, 59, 60, 61, 62, 63, 64, 65]","[58, 60, 61, 59, 54, 55, 63, 65, 64, 62, 56, 57, 31, 32, 8, 7, 10, 11, 9, 30, 6, 35, 34, 47, 46, 33, 43, 45, 42, 18, 19, 44, 21, 20, 23, 36, 12, 15, 17, 38, 14, 16, 13, 37, 39, 3, 0, 48, 1, 2, 51, 4, 5, 22, 50, 49, 26, 29, 25, 24, 27, 40, 41, 53, 52, 28]","[59, 61, 60, 58, 54, 55, 32, 31, 8, 7, 10, 11, 6, 30, 35, 34, 9, 33, 38, 14, 12, 15, 36, 13, 37, 17, 16, 63, 65, 64, 62, 56, 57, 47, 46, 50, 48, 49, 44, 43, 20, 19, 42, 18, 24, 25, 26, 2, 0, 1, 41, 40, 39, 51, 52, 53, 45, 3, 4, 5, 27, 29, 28, 23, 21, 22]",288,294,15002,126252,NOT_IMPLEMENTED,NOT_IMPLEMENTED,NOT_IMPLEMENTED,NOT_IMPLEMENTED,NOT_IMPLEMENTED,NOT_IMPLEMENTED,NOT_IMPLEMENTED,11909.0,15,793.9333333333333,-16433.333333333332,2,72,670,0,1,0,138915,0,,,,,,,,,,,,66,,,NOT_IMPLEMENTED,,false,26,"robotX1,robotX1',robotY0,robotY0',$COUNTER:1.packagesCounter1,$COUNTER:1.packagesCounter1',$PATTERN:1.SYS_CONSTRAINT.1.S_responds_to_P_globally.state,$PATTERN:1.SYS_CONSTRAINT.1.S_responds_to_P_globally.state',robotY1,robotY1',$COUNTER:0.packagesCounter0,$COUNTER:0.packagesCounter0',$PATTERN:0.SYS_CONSTRAINT.0.S_responds_to_P_globally.state,$PATTERN:0.SYS_CONSTRAINT.0.S_responds_to_P_globally.state',robotX0,robotX0'","lamp1X,lamp1X',elevatorY,elevatorY',lamp0Y,lamp0Y',lamp0X,lamp0X',lamp1Y,lamp1Y'",4,,,,,,6,2,67824076247781081088,16956019061945270272,1233639178240000,831565392445440,93530757061230460928,18446744073709551616,8444249301319680000,5981343255101440,CUDD,"Using BDD Package: CUDDFactory, Version: CUDD 3.0","import ""DwyerPatternsNewReduced.spectra""",S_responds_to_P_globally,2,0,false,true,[],[],,null
1672074579,NOTHING,1672074579.spectra,0,REALIZABILITY,SYS_REAL,"TEMP: false, SORT_AFTERWARDS: false, GROUP_OPTION: NO_GROUPING, INCREMENTAL_ADDITION: NO_INCREMENTAL, USE_RABIN: false, GROUP_AUX: NO_GROUPING, STATIC_ORDER: NO_STATIC_ORDERING, ROY_SIFT_MARKER: false, MAKE_LAST: false, MEMORYLESS: false, REORDER_METHOD: SIFT, NEW_PATTERN: false, INCREMENTAL_JUSTICES: NO_INCREMENTAL, REDUCED_ALGORITHM: FALSE, PARALLEL: false, ORIGINAL: false, BUCHI_INTERSECTION: false, NEW_TRIGGER: false, PARTITIONED: SINGLE_FUNC, VERIFICATION: true, CREATE_GRAPH: false",3078,0,969,-1,366222,370269,"[0, 1, 2, 3, 4, 5, 6, 7, 8, 9, 10, 11, 12, 13, 14, 15, 16, 17, 18, 19, 20, 21, 22, 23, 24, 25, 26, 27, 28, 29, 30, 31, 32, 33, 34, 35, 36, 37, 38, 39, 40, 41, 42, 43, 44, 45, 46, 47, 48, 49, 50, 51, 52, 53, 54, 55, 56, 57, 58, 59, 60, 61, 62, 63, 64, 65, 66, 67, 68, 69, 70, 71, 72, 73]","[0, 1, 2, 3, 4, 5, 6, 7, 8, 9, 10, 11, 12, 13, 14, 15, 16, 17, 18, 19, 20, 21, 22, 23, 24, 25, 26, 27, 28, 29, 30, 31, 32, 33, 34, 35, 36, 37, 38, 39, 40, 41, 42, 43, 44, 45, 46, 47, 48, 49, 50, 51, 52, 53, 54, 55, 56, 57, 58, 59, 60, 61, 62, 63, 64, 65, 66, 67, 68, 69, 70, 71, 72, 73]","[56, 57, 55, 54, 34, 35, 5, 4, 3, 2, 1, 0, 30, 32, 31, 33, 47, 44, 46, 43, 45, 42, 12, 13, 16, 15, 17, 14, 39, 6, 9, 11, 38, 10, 37, 7, 8, 25, 26, 36, 24, 48, 49, 50, 27, 22, 21, 23, 60, 61, 18, 19, 58, 28, 29, 40, 41, 51, 20, 59, 53, 52, 62, 63, 64, 65, 66, 67, 68, 69, 70, 71, 73, 72]","[2, 0, 1, 32, 31, 35, 34, 33, 5, 4, 3, 44, 43, 30, 46, 47, 45, 16, 14, 13, 12, 8, 11, 10, 7, 38, 9, 6, 37, 36, 50, 49, 48, 42, 24, 26, 25, 41, 40, 39, 53, 52, 51, 28, 27, 29, 17, 15, 54, 22, 21, 23, 18, 19, 20, 56, 57, 55, 59, 58, 60, 61, 62, 63, 64, 65, 66, 67, 68, 69, 70, 71, 73, 72]",2858,2858,12555,40268,NOT_IMPLEMENTED,NOT_IMPLEMENTED,NOT_IMPLEMENTED,NOT_IMPLEMENTED,NOT_IMPLEMENTED,NOT_IMPLEMENTED,NOT_IMPLEMENTED,70043.0,13,5387.923076923076,-21976.61538461539,2,72,840,0,1,0,366160,0,,,,,,,,,,,,74,,,NOT_IMPLEMENTED,,false,30,"$PAST_ONCE_aux_1,$PAST_ONCE_aux_1',robotY1,robotY1',$PAST_ONCE_aux_2,$PAST_ONCE_aux_2',$TRIGGER:0.VAR',robotY0,robotY0',$TRIGGER:1.VAR,$PAST_ONCE_aux_0,$PAST_ONCE_aux_0',$PAST_ONCE_aux_3,$PAST_ONCE_aux_3',robotX0,robotX0',$TRIGGER:1.VAR',robotX1,robotX1',$TRIGGER:0.VAR","lambY1,lambY1',lambX0,lambX0',elevatorY,elevatorY',lambX1,lambX1',lambY0,lambY0'",8,,,,,,4,2,16880410632488835088384,271191774420671660032,184925185638400000,3689542949273600,14397683749530305036288,4722366482869645213696,2161727821137838080000,162129586585337856,CUDD,"Using BDD Package: CUDDFactory, Version: CUDD 3.0","import ""DwyerPatternsNew.spectra""",,0,2,false,false,[],[],,null
