Spec,RunConfig,UniqueIdentifier,TIMEOUT,ActionType,Result,CONFIG_TXT,INITIAL_BDD_TIME,HEURISTICS_TIME,SECOND_STEP_TIME,PARALLEL_OVERHEAD_TIME,WORK_TIME,TOTAL_TIME,PRE_ROYBDD_ORDER,POST_HEURISTICS_ORDER,POST_SECOND_STEP_ORDER,POST_WORK_ORDER,PRE_ROYBDD_NODE_SIZE,POST_HEURISTICS_NODE_SIZE,POST_SECOND_STEP_NODE_SIZE,POST_WORK_NODE_SIZE,AVERAGE_AUX_SIZE,AVERAGE_SYS_DOM_IN_CONSTRAINT,AVERAGE_ENV_DOM_IN_CONSTRAINT,AVERAGE_SYS_DOM_SIZE,AVERAGE_ENV_DOM_SIZE,AVERAGE_CONSTRAINT_COMPLEXITY,INTERCONNECTNESS_INDEX,TOTAL_REORDER_TIME,REORDER_CALL_AMOUNT,AVERAGE_REORDER_TIME,AVERAGE_REORDER_GAIN,Z_FIXPOINTS,Y_FIXPOINTS,X_FIXPOINTS,W_FIXPOINTS,REAL_CASES,UNREAL_CASES,REAL_TIME,UNREAL_TIME,GRAPH_DATA,CLUSTER_INC_DATA,CLUSTER_VAR_DATA,DOMAIN_GRAPH_DATA,CONSTRAINT_GRAPH_DATA,JUST_STRING_COUNT,JUST_STRING_ENV_COUNT,TRANS_STRING_SYS_COUNT,TRANS_STRING_ENV_COUNT,INI_STRING_ENV_COUNT,INI_STRING_SYS_COUNT,TOTAL_VARS,SYS_VARS,ENV_VARS,AUX_VARS,UNUSED_CONS_VARS,ARRAYS_INSTANCES,TOTAL_DOMS,SYS_DOMS,ENV_DOMS,AUX_DOMS,DOMS_NOT_QUANTIFIED,INI_SYS_CONSTRAINTS,INI_ENV_CONSTRAINTS,TRANS_ENV_CONSTRAINTS,TRANS_SYS_CONSTRAINTS,JUSTICE_SYS_AMOUNT,JUSTICE_ENV_AMOUNT,Z_SAT_COUNT,Z_SAT_COUNT_START_S0,TRANS_ENV_SAT,TRANS_SYS_SAT,JUSTS_SYS_SAT,JUSTS_ENV_SAT,INI_ENV_SAT,INI_SYS_SAT,FACTORY_TYPE,BDDPACKAGE,IMPORT,UNIQUE_PATTERNS,PATTERN_INSTANCES,TRIGGER_INSTANCES,MONITORS_INSTANCES,COUNTERS_INSTANCES,REDUCED_PATTERN,REDUCED_TRIGGER,SWAPPED_TO_ORIGINAL,ADDITIONAL
1671485322,NOTHING,1671485322.spectra,0,REALIZABILITY,SYS_UNREAL,"TEMP: false, SORT_AFTERWARDS: false, GROUP_OPTION: NO_GROUPING, INCREMENTAL_ADDITION: NO_INCREMENTAL, USE_RABIN: false, GROUP_AUX: NO_GROUPING, STATIC_ORDER: NO_STATIC_ORDERING, ROY_SIFT_MARKER: false, MAKE_LAST: false, MEMORYLESS: false, REORDER_METHOD: SIFT, NEW_PATTERN: false, INCREMENTAL_JUSTICES: NO_INCREMENTAL, REDUCED_ALGORITHM: FALSE, PARALLEL: false, ORIGINAL: false, BUCHI_INTERSECTION: false, NEW_TRIGGER: false, PARTITIONED: SINGLE_FUNC, VERIFICATION: true, CREATE_GRAPH: false",2391,16,156,-1,238205,240768,"[0, 1, 2, 3, 4, 5, 6, 7, 8, 9, 10, 11, 12, 13, 14, 15, 16, 17, 18, 19, 20, 21, 22, 23, 24, 25, 26, 27, 28, 29, 30, 31, 32, 33, 34, 35, 36, 37, 38, 39, 40, 41, 42, 43, 44, 45, 46, 47, 48, 49, 50, 51, 52, 53, 54, 55, 56, 57, 58, 59, 60, 61]","[0, 1, 2, 3, 4, 5, 6, 7, 8, 9, 10, 11, 12, 13, 14, 15, 16, 17, 18, 19, 20, 21, 22, 23, 24, 25, 26, 27, 28, 29, 30, 31, 32, 33, 34, 35, 36, 37, 38, 39, 40, 41, 42, 43, 44, 45, 46, 47, 48, 49, 50, 51, 52, 53, 54, 55, 56, 57, 58, 59, 60, 61]","[57, 55, 56, 54, 61, 60, 59, 58, 31, 32, 35, 7, 8, 11, 10, 34, 9, 30, 6, 47, 46, 33, 42, 12, 15, 16, 17, 43, 45, 13, 14, 44, 36, 18, 21, 23, 22, 39, 0, 41, 20, 19, 40, 38, 37, 3, 4, 1, 2, 51, 53, 52, 5, 29, 28, 27, 24, 48, 26, 25, 50, 49]","[55, 57, 56, 54, 32, 31, 8, 7, 35, 11, 10, 9, 59, 61, 60, 58, 34, 6, 30, 33, 38, 20, 19, 37, 18, 36, 41, 23, 40, 22, 21, 39, 28, 27, 29, 47, 46, 50, 26, 44, 45, 43, 14, 13, 42, 12, 51, 52, 53, 17, 16, 15, 25, 49, 48, 24, 5, 3, 4, 0, 2, 1]",284,284,8606,336535,NOT_IMPLEMENTED,NOT_IMPLEMENTED,NOT_IMPLEMENTED,NOT_IMPLEMENTED,NOT_IMPLEMENTED,NOT_IMPLEMENTED,NOT_IMPLEMENTED,37446.0,15,2496.3999999999996,-33576.33333333334,1,25,470,0,0,0,0,0,,,,,,,,,,,,62,,,NOT_IMPLEMENTED,,true,22,"robotY0,robotY0',robotX0,robotX0',robotX1,robotX1',robotY1,robotY1',$COUNTER:1.packagesDeliveredByRobot1,$COUNTER:1.packagesDeliveredByRobot1',$COUNTER:0.packagesDeliveredByRobot0,$COUNTER:0.packagesDeliveredByRobot0'","deliveriesX[1],deliveriesX[1]',deliveriesY[1],deliveriesY[1]',deliveriesX[0],deliveriesX[0]',deliveriesY[0],deliveriesY[0]',elevatorY,elevatorY'",4,,,,,,2,2,0,0,102770933760000,130664452718592,81064793292668928,1152921504606846976,527765581332480000,2111062325329920,CUDD,"Using BDD Package: CUDDFactory, Version: CUDD 3.0","import ""DwyerPatternsNew.spectra""",,0,0,false,true,[],[],,null
1671485322,FINAL,1671485322.spectra,0,REALIZABILITY,SYS_UNREAL,"TEMP: false, SORT_AFTERWARDS: false, GROUP_OPTION: NO_GROUPING, INCREMENTAL_ADDITION: NO_INCREMENTAL, USE_RABIN: false, GROUP_AUX: GROUP_PAIR, STATIC_ORDER: REVERSE_CUTHILL, ROY_SIFT_MARKER: false, MAKE_LAST: false, MEMORYLESS: true, REORDER_METHOD: SIFT, NEW_PATTERN: true, INCREMENTAL_JUSTICES: INCREMENTAL_GRAPH, REDUCED_ALGORITHM: FALSE, PARALLEL: false, ORIGINAL: false, BUCHI_INTERSECTION: false, NEW_TRIGGER: true, PARTITIONED: SINGLE_FUNC, VERIFICATION: true, CREATE_GRAPH: false",2265,94,188,-1,85813,88360,"[0, 1, 2, 3, 4, 5, 6, 7, 8, 9, 10, 11, 12, 13, 14, 15, 16, 17, 18, 19, 20, 21, 22, 23, 24, 25, 26, 27, 28, 29, 30, 31, 32, 33, 34, 35, 36, 37, 38, 39, 40, 41, 42, 43, 44, 45, 46, 47, 48, 49, 50, 51, 52, 53, 54, 55, 56, 57, 58, 59, 60, 61]","[0, 1, 2, 3, 4, 5, 6, 7, 8, 9, 10, 11, 12, 13, 14, 15, 16, 17, 18, 19, 20, 21, 22, 23, 24, 25, 26, 27, 28, 29, 30, 31, 32, 33, 34, 35, 36, 37, 38, 39, 40, 41, 42, 43, 44, 45, 46, 47, 48, 49, 50, 51, 52, 53, 54, 55, 56, 57, 58, 59, 60, 61]","[54, 56, 57, 55, 31, 7, 32, 8, 11, 10, 35, 34, 9, 6, 30, 47, 46, 33, 44, 43, 13, 14, 17, 16, 15, 42, 45, 12, 36, 18, 21, 23, 39, 38, 20, 22, 19, 37, 0, 3, 40, 41, 53, 51, 52, 5, 4, 1, 2, 29, 28, 27, 24, 48, 26, 25, 50, 49, 59, 58, 60, 61]","[8, 7, 31, 32, 11, 10, 38, 20, 41, 19, 40, 37, 23, 21, 18, 36, 9, 6, 48, 30, 55, 57, 56, 54, 22, 16, 17, 53, 52, 39, 51, 35, 34, 47, 33, 46, 50, 49, 15, 44, 45, 43, 14, 13, 42, 12, 27, 28, 29, 24, 3, 25, 26, 4, 5, 0, 1, 2, 59, 58, 60, 61]",284,288,5192,168234,NOT_IMPLEMENTED,NOT_IMPLEMENTED,NOT_IMPLEMENTED,NOT_IMPLEMENTED,NOT_IMPLEMENTED,NOT_IMPLEMENTED,NOT_IMPLEMENTED,11351.0,13,873.1538461538464,-11367.307692307695,1,25,470,0,0,0,0,0,,,,,,,,,,,,62,,,NOT_IMPLEMENTED,,true,22,"$COUNTER:1.packagesDeliveredByRobot1,$COUNTER:1.packagesDeliveredByRobot1',$COUNTER:0.packagesDeliveredByRobot0,$COUNTER:0.packagesDeliveredByRobot0',robotY0,robotY0',robotX0,robotX0',robotX1,robotX1',robotY1,robotY1'","deliveriesX[0],deliveriesX[0]',elevatorY,elevatorY',deliveriesX[1],deliveriesX[1]',deliveriesY[0],deliveriesY[0]',deliveriesY[1],deliveriesY[1]'",4,,,,,,2,2,0,0,102770933760000,130664452718592,81064793292668928,1152921504606846976,527765581332480000,2111062325329920,CUDD,"Using BDD Package: CUDDFactory, Version: CUDD 3.0","import ""DwyerPatternsNewReduced.spectra""",,0,0,false,true,[],[],,null
1671485322,NOTHING,1671485322.spectra,0,REALIZABILITY,SYS_UNREAL,"TEMP: false, SORT_AFTERWARDS: false, GROUP_OPTION: NO_GROUPING, INCREMENTAL_ADDITION: NO_INCREMENTAL, USE_RABIN: false, GROUP_AUX: NO_GROUPING, STATIC_ORDER: NO_STATIC_ORDERING, ROY_SIFT_MARKER: false, MAKE_LAST: false, MEMORYLESS: false, REORDER_METHOD: SIFT, NEW_PATTERN: false, INCREMENTAL_JUSTICES: NO_INCREMENTAL, REDUCED_ALGORITHM: FALSE, PARALLEL: false, ORIGINAL: false, BUCHI_INTERSECTION: false, NEW_TRIGGER: false, PARTITIONED: SINGLE_FUNC, VERIFICATION: true, CREATE_GRAPH: false",2172,15,157,-1,237220,239564,"[0, 1, 2, 3, 4, 5, 6, 7, 8, 9, 10, 11, 12, 13, 14, 15, 16, 17, 18, 19, 20, 21, 22, 23, 24, 25, 26, 27, 28, 29, 30, 31, 32, 33, 34, 35, 36, 37, 38, 39, 40, 41, 42, 43, 44, 45, 46, 47, 48, 49, 50, 51, 52, 53, 54, 55, 56, 57, 58, 59, 60, 61]","[0, 1, 2, 3, 4, 5, 6, 7, 8, 9, 10, 11, 12, 13, 14, 15, 16, 17, 18, 19, 20, 21, 22, 23, 24, 25, 26, 27, 28, 29, 30, 31, 32, 33, 34, 35, 36, 37, 38, 39, 40, 41, 42, 43, 44, 45, 46, 47, 48, 49, 50, 51, 52, 53, 54, 55, 56, 57, 58, 59, 60, 61]","[57, 55, 56, 54, 61, 60, 59, 58, 31, 32, 35, 7, 8, 11, 10, 34, 9, 30, 6, 47, 46, 33, 42, 12, 15, 16, 17, 43, 45, 13, 14, 44, 36, 18, 21, 23, 22, 39, 0, 41, 20, 19, 40, 38, 37, 3, 4, 1, 2, 51, 53, 52, 5, 29, 28, 27, 24, 48, 26, 25, 50, 49]","[55, 57, 56, 54, 32, 31, 8, 7, 35, 11, 10, 9, 59, 61, 60, 58, 34, 6, 30, 33, 38, 20, 19, 37, 18, 36, 41, 23, 40, 22, 21, 39, 28, 27, 29, 47, 46, 50, 26, 44, 45, 43, 14, 13, 42, 12, 51, 52, 53, 17, 16, 15, 25, 49, 48, 24, 5, 3, 4, 0, 2, 1]",284,284,8606,336535,NOT_IMPLEMENTED,NOT_IMPLEMENTED,NOT_IMPLEMENTED,NOT_IMPLEMENTED,NOT_IMPLEMENTED,NOT_IMPLEMENTED,NOT_IMPLEMENTED,37425.0,15,2495.0,-33569.33333333334,1,25,470,0,0,0,0,0,,,,,,,,,,,,62,,,NOT_IMPLEMENTED,,true,22,"robotY0,robotY0',robotX0,robotX0',$COUNTER:1.packagesDeliveredByRobot1,$COUNTER:1.packagesDeliveredByRobot1',robotY1,robotY1',robotX1,robotX1',$COUNTER:0.packagesDeliveredByRobot0,$COUNTER:0.packagesDeliveredByRobot0'","elevatorY,elevatorY',deliveriesY[1],deliveriesY[1]',deliveriesX[1],deliveriesX[1]',deliveriesX[0],deliveriesX[0]',deliveriesY[0],deliveriesY[0]'",4,,,,,,2,2,0,0,102770933760000,130664452718592,81064793292668928,1152921504606846976,527765581332480000,2111062325329920,CUDD,"Using BDD Package: CUDDFactory, Version: CUDD 3.0","import ""DwyerPatternsNew.spectra""",,0,0,false,true,[],[],,null
1671485322,FINAL,1671485322.spectra,0,REALIZABILITY,SYS_UNREAL,"TEMP: false, SORT_AFTERWARDS: false, GROUP_OPTION: NO_GROUPING, INCREMENTAL_ADDITION: NO_INCREMENTAL, USE_RABIN: false, GROUP_AUX: GROUP_PAIR, STATIC_ORDER: REVERSE_CUTHILL, ROY_SIFT_MARKER: false, MAKE_LAST: false, MEMORYLESS: true, REORDER_METHOD: SIFT, NEW_PATTERN: true, INCREMENTAL_JUSTICES: INCREMENTAL_GRAPH, REDUCED_ALGORITHM: FALSE, PARALLEL: false, ORIGINAL: false, BUCHI_INTERSECTION: false, NEW_TRIGGER: true, PARTITIONED: SINGLE_FUNC, VERIFICATION: true, CREATE_GRAPH: false",2156,109,219,-1,85173,87673,"[0, 1, 2, 3, 4, 5, 6, 7, 8, 9, 10, 11, 12, 13, 14, 15, 16, 17, 18, 19, 20, 21, 22, 23, 24, 25, 26, 27, 28, 29, 30, 31, 32, 33, 34, 35, 36, 37, 38, 39, 40, 41, 42, 43, 44, 45, 46, 47, 48, 49, 50, 51, 52, 53, 54, 55, 56, 57, 58, 59, 60, 61]","[0, 1, 2, 3, 4, 5, 6, 7, 8, 9, 10, 11, 12, 13, 14, 15, 16, 17, 18, 19, 20, 21, 22, 23, 24, 25, 26, 27, 28, 29, 30, 31, 32, 33, 34, 35, 36, 37, 38, 39, 40, 41, 42, 43, 44, 45, 46, 47, 48, 49, 50, 51, 52, 53, 54, 55, 56, 57, 58, 59, 60, 61]","[54, 56, 57, 55, 31, 7, 32, 8, 11, 10, 35, 34, 9, 6, 30, 47, 46, 33, 44, 43, 13, 14, 17, 16, 15, 42, 45, 12, 36, 18, 21, 23, 39, 38, 20, 22, 19, 37, 0, 3, 40, 41, 53, 51, 52, 5, 4, 1, 2, 29, 28, 27, 24, 48, 26, 25, 50, 49, 59, 58, 60, 61]","[8, 7, 31, 32, 11, 10, 38, 20, 41, 19, 40, 37, 23, 21, 18, 36, 9, 6, 48, 30, 55, 57, 56, 54, 22, 16, 17, 53, 52, 39, 51, 35, 34, 47, 33, 46, 50, 49, 15, 44, 45, 43, 14, 13, 42, 12, 27, 28, 29, 24, 3, 25, 26, 4, 5, 0, 1, 2, 59, 58, 60, 61]",284,288,5192,168234,NOT_IMPLEMENTED,NOT_IMPLEMENTED,NOT_IMPLEMENTED,NOT_IMPLEMENTED,NOT_IMPLEMENTED,NOT_IMPLEMENTED,NOT_IMPLEMENTED,11241.0,13,864.6923076923077,-11345.384615384615,1,25,470,0,0,0,0,0,,,,,,,,,,,,62,,,NOT_IMPLEMENTED,,true,22,"$COUNTER:1.packagesDeliveredByRobot1,$COUNTER:1.packagesDeliveredByRobot1',$COUNTER:0.packagesDeliveredByRobot0,$COUNTER:0.packagesDeliveredByRobot0',robotY0,robotY0',robotX0,robotX0',robotX1,robotX1',robotY1,robotY1'","deliveriesX[0],deliveriesX[0]',elevatorY,elevatorY',deliveriesX[1],deliveriesX[1]',deliveriesY[0],deliveriesY[0]',deliveriesY[1],deliveriesY[1]'",4,,,,,,2,2,0,0,102770933760000,130664452718592,81064793292668928,1152921504606846976,527765581332480000,2111062325329920,CUDD,"Using BDD Package: CUDDFactory, Version: CUDD 3.0","import ""DwyerPatternsNewReduced.spectra""",,0,0,false,true,[],[],,null
1671485322,NOTHING,1671485322.spectra,0,REALIZABILITY,SYS_UNREAL,"TEMP: false, SORT_AFTERWARDS: false, GROUP_OPTION: NO_GROUPING, INCREMENTAL_ADDITION: NO_INCREMENTAL, USE_RABIN: false, GROUP_AUX: NO_GROUPING, STATIC_ORDER: NO_STATIC_ORDERING, ROY_SIFT_MARKER: false, MAKE_LAST: false, MEMORYLESS: false, REORDER_METHOD: SIFT, NEW_PATTERN: false, INCREMENTAL_JUSTICES: NO_INCREMENTAL, REDUCED_ALGORITHM: FALSE, PARALLEL: false, ORIGINAL: false, BUCHI_INTERSECTION: false, NEW_TRIGGER: false, PARTITIONED: SINGLE_FUNC, VERIFICATION: true, CREATE_GRAPH: false",2328,0,172,-1,241924,244424,"[0, 1, 2, 3, 4, 5, 6, 7, 8, 9, 10, 11, 12, 13, 14, 15, 16, 17, 18, 19, 20, 21, 22, 23, 24, 25, 26, 27, 28, 29, 30, 31, 32, 33, 34, 35, 36, 37, 38, 39, 40, 41, 42, 43, 44, 45, 46, 47, 48, 49, 50, 51, 52, 53, 54, 55, 56, 57, 58, 59, 60, 61]","[0, 1, 2, 3, 4, 5, 6, 7, 8, 9, 10, 11, 12, 13, 14, 15, 16, 17, 18, 19, 20, 21, 22, 23, 24, 25, 26, 27, 28, 29, 30, 31, 32, 33, 34, 35, 36, 37, 38, 39, 40, 41, 42, 43, 44, 45, 46, 47, 48, 49, 50, 51, 52, 53, 54, 55, 56, 57, 58, 59, 60, 61]","[57, 55, 56, 54, 61, 60, 59, 58, 31, 32, 35, 7, 8, 11, 10, 34, 9, 30, 6, 47, 46, 33, 42, 12, 15, 16, 17, 43, 45, 13, 14, 44, 36, 18, 21, 23, 22, 39, 0, 41, 20, 19, 40, 38, 37, 3, 4, 1, 2, 51, 53, 52, 5, 29, 28, 27, 24, 48, 26, 25, 50, 49]","[55, 57, 56, 54, 32, 31, 8, 7, 35, 11, 10, 9, 59, 61, 60, 58, 34, 6, 30, 33, 38, 20, 19, 37, 18, 36, 41, 23, 40, 22, 21, 29, 39, 28, 27, 47, 46, 50, 26, 5, 45, 42, 51, 48, 24, 3, 4, 44, 0, 2, 1, 53, 52, 43, 49, 25, 14, 13, 12, 17, 16, 15]",284,284,8606,303989,NOT_IMPLEMENTED,NOT_IMPLEMENTED,NOT_IMPLEMENTED,NOT_IMPLEMENTED,NOT_IMPLEMENTED,NOT_IMPLEMENTED,NOT_IMPLEMENTED,36691.0,15,2446.0666666666675,-35159.66666666666,1,25,470,0,0,0,0,0,,,,,,,,,,,,62,,,NOT_IMPLEMENTED,,true,22,"robotY0,robotY0',robotX0,robotX0',$COUNTER:1.packagesDeliveredByRobot1,$COUNTER:1.packagesDeliveredByRobot1',robotY1,robotY1',robotX1,robotX1',$COUNTER:0.packagesDeliveredByRobot0,$COUNTER:0.packagesDeliveredByRobot0'","elevatorY,elevatorY',deliveriesY[1],deliveriesY[1]',deliveriesX[1],deliveriesX[1]',deliveriesX[0],deliveriesX[0]',deliveriesY[0],deliveriesY[0]'",4,,,,,,2,2,0,0,102770933760000,130664452718592,81064793292668928,1152921504606846976,527765581332480000,2111062325329920,CUDD,"Using BDD Package: CUDDFactory, Version: CUDD 3.0","import ""DwyerPatternsNew.spectra""",,0,0,false,true,[],[],,null
1671485322,FINAL,1671485322.spectra,0,REALIZABILITY,SYS_UNREAL,"TEMP: false, SORT_AFTERWARDS: false, GROUP_OPTION: NO_GROUPING, INCREMENTAL_ADDITION: NO_INCREMENTAL, USE_RABIN: false, GROUP_AUX: GROUP_PAIR, STATIC_ORDER: REVERSE_CUTHILL, ROY_SIFT_MARKER: false, MAKE_LAST: false, MEMORYLESS: true, REORDER_METHOD: SIFT, NEW_PATTERN: true, INCREMENTAL_JUSTICES: INCREMENTAL_GRAPH, REDUCED_ALGORITHM: FALSE, PARALLEL: false, ORIGINAL: false, BUCHI_INTERSECTION: false, NEW_TRIGGER: true, PARTITIONED: SINGLE_FUNC, VERIFICATION: true, CREATE_GRAPH: false",2141,94,187,-1,112425,114847,"[0, 1, 2, 3, 4, 5, 6, 7, 8, 9, 10, 11, 12, 13, 14, 15, 16, 17, 18, 19, 20, 21, 22, 23, 24, 25, 26, 27, 28, 29, 30, 31, 32, 33, 34, 35, 36, 37, 38, 39, 40, 41, 42, 43, 44, 45, 46, 47, 48, 49, 50, 51, 52, 53, 54, 55, 56, 57, 58, 59, 60, 61]","[0, 1, 2, 3, 4, 5, 6, 7, 8, 9, 10, 11, 12, 13, 14, 15, 16, 17, 18, 19, 20, 21, 22, 23, 24, 25, 26, 27, 28, 29, 30, 31, 32, 33, 34, 35, 36, 37, 38, 39, 40, 41, 42, 43, 44, 45, 46, 47, 48, 49, 50, 51, 52, 53, 54, 55, 56, 57, 58, 59, 60, 61]","[54, 56, 57, 55, 31, 7, 32, 8, 11, 10, 35, 34, 9, 6, 30, 47, 46, 33, 44, 43, 13, 14, 17, 16, 15, 42, 45, 12, 36, 18, 21, 23, 39, 38, 20, 22, 19, 37, 0, 3, 40, 41, 53, 51, 52, 5, 4, 1, 2, 29, 28, 27, 24, 48, 26, 25, 50, 49, 59, 58, 60, 61]","[55, 57, 56, 54, 31, 32, 8, 7, 11, 10, 9, 38, 20, 23, 6, 18, 36, 19, 37, 30, 41, 29, 22, 40, 35, 34, 21, 28, 39, 33, 27, 53, 47, 46, 45, 50, 44, 43, 5, 42, 4, 51, 48, 3, 0, 2, 1, 52, 17, 16, 24, 26, 15, 25, 14, 13, 12, 49, 58, 59, 61, 60]",284,288,5192,244895,NOT_IMPLEMENTED,NOT_IMPLEMENTED,NOT_IMPLEMENTED,NOT_IMPLEMENTED,NOT_IMPLEMENTED,NOT_IMPLEMENTED,NOT_IMPLEMENTED,31716.0,14,2265.4285714285706,-36498.428571428565,1,25,470,0,0,0,0,0,,,,,,,,,,,,62,,,NOT_IMPLEMENTED,,true,22,"robotX0,robotX0',robotY0,robotY0',$COUNTER:0.packagesDeliveredByRobot0,$COUNTER:0.packagesDeliveredByRobot0',$COUNTER:1.packagesDeliveredByRobot1,$COUNTER:1.packagesDeliveredByRobot1',robotX1,robotX1',robotY1,robotY1'","deliveriesY[0],deliveriesY[0]',deliveriesX[0],deliveriesX[0]',deliveriesX[1],deliveriesX[1]',deliveriesY[1],deliveriesY[1]',elevatorY,elevatorY'",4,,,,,,2,2,0,0,102770933760000,130664452718592,81064793292668928,1152921504606846976,527765581332480000,2111062325329920,CUDD,"Using BDD Package: CUDDFactory, Version: CUDD 3.0","import ""DwyerPatternsNewReduced.spectra""",,0,0,false,true,[],[],,null
1671484761,NOTHING,1671484761.spectra,0,REALIZABILITY,SYS_REAL,"TEMP: false, SORT_AFTERWARDS: false, GROUP_OPTION: NO_GROUPING, INCREMENTAL_ADDITION: NO_INCREMENTAL, USE_RABIN: false, GROUP_AUX: NO_GROUPING, STATIC_ORDER: NO_STATIC_ORDERING, ROY_SIFT_MARKER: false, MAKE_LAST: false, MEMORYLESS: false, REORDER_METHOD: SIFT, NEW_PATTERN: false, INCREMENTAL_JUSTICES: NO_INCREMENTAL, REDUCED_ALGORITHM: FALSE, PARALLEL: false, ORIGINAL: false, BUCHI_INTERSECTION: false, NEW_TRIGGER: false, PARTITIONED: SINGLE_FUNC, VERIFICATION: true, CREATE_GRAPH: false",2438,0,156,-1,115076,117686,"[0, 1, 2, 3, 4, 5, 6, 7, 8, 9, 10, 11, 12, 13, 14, 15, 16, 17, 18, 19, 20, 21, 22, 23, 24, 25, 26, 27, 28, 29, 30, 31, 32, 33, 34, 35, 36, 37, 38, 39, 40, 41, 42, 43, 44, 45, 46, 47, 48, 49, 50, 51, 52, 53, 54, 55, 56, 57, 58, 59, 60, 61]","[0, 1, 2, 3, 4, 5, 6, 7, 8, 9, 10, 11, 12, 13, 14, 15, 16, 17, 18, 19, 20, 21, 22, 23, 24, 25, 26, 27, 28, 29, 30, 31, 32, 33, 34, 35, 36, 37, 38, 39, 40, 41, 42, 43, 44, 45, 46, 47, 48, 49, 50, 51, 52, 53, 54, 55, 56, 57, 58, 59, 60, 61]","[57, 55, 56, 54, 60, 58, 61, 59, 34, 35, 32, 31, 7, 8, 11, 10, 9, 6, 30, 47, 46, 33, 44, 14, 43, 13, 16, 17, 15, 42, 45, 12, 0, 3, 5, 4, 36, 18, 39, 51, 24, 48, 1, 2, 21, 23, 20, 22, 19, 41, 40, 53, 52, 38, 37, 27, 29, 26, 28, 25, 49, 50]","[55, 57, 56, 54, 59, 61, 60, 58, 34, 35, 32, 31, 8, 7, 10, 11, 6, 9, 30, 33, 38, 20, 19, 37, 18, 36, 22, 23, 50, 44, 43, 42, 21, 41, 40, 39, 45, 48, 3, 0, 51, 2, 1, 52, 53, 46, 47, 49, 4, 5, 12, 13, 14, 24, 27, 25, 26, 16, 15, 17, 28, 29]",284,284,9381,15979,NOT_IMPLEMENTED,NOT_IMPLEMENTED,NOT_IMPLEMENTED,NOT_IMPLEMENTED,NOT_IMPLEMENTED,NOT_IMPLEMENTED,NOT_IMPLEMENTED,19177.0,14,1369.7857142857147,-26302.85714285715,2,44,370,0,1,0,115060,0,,,,,,,,,,,,62,,,NOT_IMPLEMENTED,,true,22,"robotX1,robotX1',$COUNTER:0.packagesDeliveredByRobot0,$COUNTER:0.packagesDeliveredByRobot0',$COUNTER:1.packagesDeliveredByRobot1,$COUNTER:1.packagesDeliveredByRobot1',robotY1,robotY1',robotY0,robotY0',robotX0,robotX0'","deliveriesY[0],deliveriesY[0]',deliveriesY[1],deliveriesY[1]',deliveriesX[1],deliveriesX[1]',deliveriesX[0],deliveriesX[0]',elevatorY,elevatorY'",4,,,,,,2,2,4195715749307744256,4195715749307744256,90691338240000,130664452718592,81064793292668928,1152921504606846976,527765581332480000,2111062325329920,CUDD,"Using BDD Package: CUDDFactory, Version: CUDD 3.0","import ""DwyerPatternsNew.spectra""",,0,0,false,true,[],[],,null
1671484761,FINAL,1671484761.spectra,0,REALIZABILITY,SYS_REAL,"TEMP: false, SORT_AFTERWARDS: false, GROUP_OPTION: NO_GROUPING, INCREMENTAL_ADDITION: NO_INCREMENTAL, USE_RABIN: false, GROUP_AUX: GROUP_PAIR, STATIC_ORDER: REVERSE_CUTHILL, ROY_SIFT_MARKER: false, MAKE_LAST: false, MEMORYLESS: true, REORDER_METHOD: SIFT, NEW_PATTERN: true, INCREMENTAL_JUSTICES: INCREMENTAL_GRAPH, REDUCED_ALGORITHM: FALSE, PARALLEL: false, ORIGINAL: false, BUCHI_INTERSECTION: false, NEW_TRIGGER: true, PARTITIONED: SINGLE_FUNC, VERIFICATION: true, CREATE_GRAPH: false",2875,110,234,-1,55625,58860,"[0, 1, 2, 3, 4, 5, 6, 7, 8, 9, 10, 11, 12, 13, 14, 15, 16, 17, 18, 19, 20, 21, 22, 23, 24, 25, 26, 27, 28, 29, 30, 31, 32, 33, 34, 35, 36, 37, 38, 39, 40, 41, 42, 43, 44, 45, 46, 47, 48, 49, 50, 51, 52, 53, 54, 55, 56, 57, 58, 59, 60, 61]","[0, 1, 2, 3, 4, 5, 6, 7, 8, 9, 10, 11, 12, 13, 14, 15, 16, 17, 18, 19, 20, 21, 22, 23, 24, 25, 26, 27, 28, 29, 30, 31, 32, 33, 34, 35, 36, 37, 38, 39, 40, 41, 42, 43, 44, 45, 46, 47, 48, 49, 50, 51, 52, 53, 54, 55, 56, 57, 58, 59, 60, 61]","[30, 6, 9, 32, 8, 7, 31, 35, 34, 46, 47, 33, 10, 11, 44, 42, 45, 12, 14, 17, 15, 16, 43, 13, 36, 18, 39, 0, 3, 51, 5, 4, 48, 24, 1, 2, 21, 23, 20, 22, 19, 37, 38, 27, 29, 53, 52, 41, 40, 26, 28, 25, 50, 49, 57, 55, 56, 54, 59, 58, 60, 61]","[57, 55, 56, 54, 8, 7, 32, 31, 11, 10, 35, 34, 9, 6, 47, 46, 44, 43, 14, 13, 30, 33, 12, 42, 45, 20, 38, 41, 40, 19, 37, 18, 36, 22, 39, 21, 23, 2, 51, 5, 1, 4, 3, 0, 53, 52, 48, 49, 50, 17, 15, 16, 28, 27, 29, 24, 25, 26, 59, 58, 60, 61]",284,288,5347,166599,NOT_IMPLEMENTED,NOT_IMPLEMENTED,NOT_IMPLEMENTED,NOT_IMPLEMENTED,NOT_IMPLEMENTED,NOT_IMPLEMENTED,NOT_IMPLEMENTED,7615.0,12,634.5833333333334,-7881.833333333332,2,44,370,0,1,0,55625,0,,,,,,,,,,,,62,,,NOT_IMPLEMENTED,,true,22,"$COUNTER:0.packagesDeliveredByRobot0,$COUNTER:0.packagesDeliveredByRobot0',robotY1,robotY1',robotX1,robotX1',robotX0,robotX0',$COUNTER:1.packagesDeliveredByRobot1,$COUNTER:1.packagesDeliveredByRobot1',robotY0,robotY0'","deliveriesX[1],deliveriesX[1]',deliveriesY[0],deliveriesY[0]',elevatorY,elevatorY',deliveriesX[0],deliveriesX[0]',deliveriesY[1],deliveriesY[1]'",4,,,,,,2,2,4195715749307744256,4195715749307744256,90691338240000,130664452718592,81064793292668928,1152921504606846976,527765581332480000,2111062325329920,CUDD,"Using BDD Package: CUDDFactory, Version: CUDD 3.0","import ""DwyerPatternsNewReduced.spectra""",,0,0,false,true,[],[],,null
1671484761,NOTHING,1671484761.spectra,0,REALIZABILITY,SYS_REAL,"TEMP: false, SORT_AFTERWARDS: false, GROUP_OPTION: NO_GROUPING, INCREMENTAL_ADDITION: NO_INCREMENTAL, USE_RABIN: false, GROUP_AUX: NO_GROUPING, STATIC_ORDER: NO_STATIC_ORDERING, ROY_SIFT_MARKER: false, MAKE_LAST: false, MEMORYLESS: false, REORDER_METHOD: SIFT, NEW_PATTERN: false, INCREMENTAL_JUSTICES: NO_INCREMENTAL, REDUCED_ALGORITHM: FALSE, PARALLEL: false, ORIGINAL: false, BUCHI_INTERSECTION: false, NEW_TRIGGER: false, PARTITIONED: SINGLE_FUNC, VERIFICATION: true, CREATE_GRAPH: false",2797,31,141,-1,115376,118345,"[0, 1, 2, 3, 4, 5, 6, 7, 8, 9, 10, 11, 12, 13, 14, 15, 16, 17, 18, 19, 20, 21, 22, 23, 24, 25, 26, 27, 28, 29, 30, 31, 32, 33, 34, 35, 36, 37, 38, 39, 40, 41, 42, 43, 44, 45, 46, 47, 48, 49, 50, 51, 52, 53, 54, 55, 56, 57, 58, 59, 60, 61]","[0, 1, 2, 3, 4, 5, 6, 7, 8, 9, 10, 11, 12, 13, 14, 15, 16, 17, 18, 19, 20, 21, 22, 23, 24, 25, 26, 27, 28, 29, 30, 31, 32, 33, 34, 35, 36, 37, 38, 39, 40, 41, 42, 43, 44, 45, 46, 47, 48, 49, 50, 51, 52, 53, 54, 55, 56, 57, 58, 59, 60, 61]","[57, 55, 56, 54, 60, 58, 61, 59, 34, 35, 32, 31, 7, 8, 11, 10, 9, 6, 30, 47, 46, 33, 44, 14, 43, 13, 16, 17, 15, 42, 45, 12, 0, 3, 5, 4, 36, 18, 39, 51, 24, 48, 1, 2, 21, 23, 20, 22, 19, 41, 40, 53, 52, 38, 37, 27, 29, 26, 28, 25, 49, 50]","[55, 57, 56, 54, 59, 61, 60, 58, 34, 35, 32, 31, 8, 7, 10, 11, 6, 9, 30, 33, 38, 20, 19, 37, 18, 36, 22, 23, 50, 44, 43, 42, 21, 41, 40, 39, 45, 48, 3, 0, 51, 2, 1, 52, 53, 46, 47, 49, 4, 5, 12, 13, 14, 24, 27, 25, 26, 16, 15, 17, 28, 29]",284,284,9381,15979,NOT_IMPLEMENTED,NOT_IMPLEMENTED,NOT_IMPLEMENTED,NOT_IMPLEMENTED,NOT_IMPLEMENTED,NOT_IMPLEMENTED,NOT_IMPLEMENTED,18163.0,14,1297.3571428571427,-26302.85714285715,2,44,370,0,1,0,115345,0,,,,,,,,,,,,62,,,NOT_IMPLEMENTED,,true,22,"robotX1,robotX1',$COUNTER:0.packagesDeliveredByRobot0,$COUNTER:0.packagesDeliveredByRobot0',$COUNTER:1.packagesDeliveredByRobot1,$COUNTER:1.packagesDeliveredByRobot1',robotY1,robotY1',robotY0,robotY0',robotX0,robotX0'","deliveriesY[0],deliveriesY[0]',deliveriesY[1],deliveriesY[1]',deliveriesX[1],deliveriesX[1]',deliveriesX[0],deliveriesX[0]',elevatorY,elevatorY'",4,,,,,,2,2,4195715749307744256,4195715749307744256,90691338240000,130664452718592,81064793292668928,1152921504606846976,527765581332480000,2111062325329920,CUDD,"Using BDD Package: CUDDFactory, Version: CUDD 3.0","import ""DwyerPatternsNew.spectra""",,0,0,false,true,[],[],,null
1671484761,FINAL,1671484761.spectra,0,REALIZABILITY,SYS_REAL,"TEMP: false, SORT_AFTERWARDS: false, GROUP_OPTION: NO_GROUPING, INCREMENTAL_ADDITION: NO_INCREMENTAL, USE_RABIN: false, GROUP_AUX: GROUP_PAIR, STATIC_ORDER: REVERSE_CUTHILL, ROY_SIFT_MARKER: false, MAKE_LAST: false, MEMORYLESS: true, REORDER_METHOD: SIFT, NEW_PATTERN: true, INCREMENTAL_JUSTICES: INCREMENTAL_GRAPH, REDUCED_ALGORITHM: FALSE, PARALLEL: false, ORIGINAL: false, BUCHI_INTERSECTION: false, NEW_TRIGGER: true, PARTITIONED: SINGLE_FUNC, VERIFICATION: true, CREATE_GRAPH: false",3328,203,297,-1,45844,49672,"[0, 1, 2, 3, 4, 5, 6, 7, 8, 9, 10, 11, 12, 13, 14, 15, 16, 17, 18, 19, 20, 21, 22, 23, 24, 25, 26, 27, 28, 29, 30, 31, 32, 33, 34, 35, 36, 37, 38, 39, 40, 41, 42, 43, 44, 45, 46, 47, 48, 49, 50, 51, 52, 53, 54, 55, 56, 57, 58, 59, 60, 61]","[0, 1, 2, 3, 4, 5, 6, 7, 8, 9, 10, 11, 12, 13, 14, 15, 16, 17, 18, 19, 20, 21, 22, 23, 24, 25, 26, 27, 28, 29, 30, 31, 32, 33, 34, 35, 36, 37, 38, 39, 40, 41, 42, 43, 44, 45, 46, 47, 48, 49, 50, 51, 52, 53, 54, 55, 56, 57, 58, 59, 60, 61]","[30, 6, 9, 32, 8, 7, 31, 35, 34, 46, 47, 33, 10, 11, 44, 42, 45, 12, 14, 17, 15, 16, 43, 13, 36, 18, 39, 0, 3, 51, 5, 4, 48, 24, 1, 2, 21, 23, 20, 22, 19, 37, 38, 27, 29, 53, 52, 41, 40, 26, 28, 25, 50, 49, 57, 55, 56, 54, 59, 58, 60, 61]","[31, 32, 47, 46, 44, 43, 14, 13, 17, 16, 4, 5, 15, 12, 42, 45, 50, 26, 53, 52, 24, 48, 25, 49, 58, 60, 59, 61, 28, 27, 29, 35, 34, 8, 7, 30, 6, 51, 41, 33, 38, 11, 10, 22, 9, 2, 3, 0, 1, 39, 40, 36, 21, 37, 23, 18, 20, 19, 55, 54, 57, 56]",284,288,5347,107818,NOT_IMPLEMENTED,NOT_IMPLEMENTED,NOT_IMPLEMENTED,NOT_IMPLEMENTED,NOT_IMPLEMENTED,NOT_IMPLEMENTED,NOT_IMPLEMENTED,13590.0,14,970.7142857142858,-17799.5,2,44,370,0,1,0,45812,0,,,,,,,,,,,,62,,,NOT_IMPLEMENTED,,true,22,"robotX1,robotX1',robotX0,robotX0',$COUNTER:1.packagesDeliveredByRobot1,$COUNTER:1.packagesDeliveredByRobot1',robotY1,robotY1',$COUNTER:0.packagesDeliveredByRobot0,$COUNTER:0.packagesDeliveredByRobot0',robotY0,robotY0'","deliveriesY[0],deliveriesY[0]',deliveriesX[1],deliveriesX[1]',deliveriesY[1],deliveriesY[1]',elevatorY,elevatorY',deliveriesX[0],deliveriesX[0]'",4,,,,,,2,2,4195715749307744256,4195715749307744256,90691338240000,130664452718592,81064793292668928,1152921504606846976,527765581332480000,2111062325329920,CUDD,"Using BDD Package: CUDDFactory, Version: CUDD 3.0","import ""DwyerPatternsNewReduced.spectra""",,0,0,false,true,[],[],,null
1671484761,NOTHING,1671484761.spectra,0,REALIZABILITY,SYS_REAL,"TEMP: false, SORT_AFTERWARDS: false, GROUP_OPTION: NO_GROUPING, INCREMENTAL_ADDITION: NO_INCREMENTAL, USE_RABIN: false, GROUP_AUX: NO_GROUPING, STATIC_ORDER: NO_STATIC_ORDERING, ROY_SIFT_MARKER: false, MAKE_LAST: false, MEMORYLESS: false, REORDER_METHOD: SIFT, NEW_PATTERN: false, INCREMENTAL_JUSTICES: NO_INCREMENTAL, REDUCED_ALGORITHM: FALSE, PARALLEL: false, ORIGINAL: false, BUCHI_INTERSECTION: false, NEW_TRIGGER: false, PARTITIONED: SINGLE_FUNC, VERIFICATION: true, CREATE_GRAPH: false",2187,16,156,-1,116252,118611,"[0, 1, 2, 3, 4, 5, 6, 7, 8, 9, 10, 11, 12, 13, 14, 15, 16, 17, 18, 19, 20, 21, 22, 23, 24, 25, 26, 27, 28, 29, 30, 31, 32, 33, 34, 35, 36, 37, 38, 39, 40, 41, 42, 43, 44, 45, 46, 47, 48, 49, 50, 51, 52, 53, 54, 55, 56, 57, 58, 59, 60, 61]","[0, 1, 2, 3, 4, 5, 6, 7, 8, 9, 10, 11, 12, 13, 14, 15, 16, 17, 18, 19, 20, 21, 22, 23, 24, 25, 26, 27, 28, 29, 30, 31, 32, 33, 34, 35, 36, 37, 38, 39, 40, 41, 42, 43, 44, 45, 46, 47, 48, 49, 50, 51, 52, 53, 54, 55, 56, 57, 58, 59, 60, 61]","[57, 55, 56, 54, 60, 58, 61, 59, 34, 35, 32, 31, 7, 8, 11, 10, 9, 6, 30, 47, 46, 33, 44, 14, 43, 13, 16, 17, 15, 42, 45, 12, 0, 3, 5, 4, 36, 18, 39, 51, 24, 48, 1, 2, 21, 23, 20, 22, 19, 41, 40, 53, 52, 38, 37, 27, 29, 26, 28, 25, 49, 50]","[55, 57, 56, 54, 59, 61, 60, 58, 34, 35, 32, 31, 8, 7, 10, 11, 6, 9, 30, 33, 38, 20, 19, 37, 18, 36, 22, 23, 50, 44, 43, 42, 21, 41, 40, 39, 45, 48, 3, 0, 51, 2, 1, 52, 53, 46, 47, 49, 4, 5, 12, 13, 14, 24, 27, 25, 26, 16, 15, 17, 28, 29]",284,284,9381,15979,NOT_IMPLEMENTED,NOT_IMPLEMENTED,NOT_IMPLEMENTED,NOT_IMPLEMENTED,NOT_IMPLEMENTED,NOT_IMPLEMENTED,NOT_IMPLEMENTED,18044.0,14,1288.8571428571427,-26383.214285714283,2,44,370,0,1,0,116236,0,,,,,,,,,,,,62,,,NOT_IMPLEMENTED,,true,22,"robotX1,robotX1',$COUNTER:0.packagesDeliveredByRobot0,$COUNTER:0.packagesDeliveredByRobot0',robotY1,robotY1',$COUNTER:1.packagesDeliveredByRobot1,$COUNTER:1.packagesDeliveredByRobot1',robotY0,robotY0',robotX0,robotX0'","elevatorY,elevatorY',deliveriesY[0],deliveriesY[0]',deliveriesX[1],deliveriesX[1]',deliveriesY[1],deliveriesY[1]',deliveriesX[0],deliveriesX[0]'",4,,,,,,2,2,4195715749307744256,4195715749307744256,90691338240000,130664452718592,81064793292668928,1152921504606846976,527765581332480000,2111062325329920,CUDD,"Using BDD Package: CUDDFactory, Version: CUDD 3.0","import ""DwyerPatternsNew.spectra""",,0,0,false,true,[],[],,null
1671484761,FINAL,1671484761.spectra,0,REALIZABILITY,SYS_REAL,"TEMP: false, SORT_AFTERWARDS: false, GROUP_OPTION: NO_GROUPING, INCREMENTAL_ADDITION: NO_INCREMENTAL, USE_RABIN: false, GROUP_AUX: GROUP_PAIR, STATIC_ORDER: REVERSE_CUTHILL, ROY_SIFT_MARKER: false, MAKE_LAST: false, MEMORYLESS: true, REORDER_METHOD: SIFT, NEW_PATTERN: true, INCREMENTAL_JUSTICES: INCREMENTAL_GRAPH, REDUCED_ALGORITHM: FALSE, PARALLEL: false, ORIGINAL: false, BUCHI_INTERSECTION: false, NEW_TRIGGER: true, PARTITIONED: SINGLE_FUNC, VERIFICATION: true, CREATE_GRAPH: false",2141,109,188,-1,45688,48126,"[0, 1, 2, 3, 4, 5, 6, 7, 8, 9, 10, 11, 12, 13, 14, 15, 16, 17, 18, 19, 20, 21, 22, 23, 24, 25, 26, 27, 28, 29, 30, 31, 32, 33, 34, 35, 36, 37, 38, 39, 40, 41, 42, 43, 44, 45, 46, 47, 48, 49, 50, 51, 52, 53, 54, 55, 56, 57, 58, 59, 60, 61]","[0, 1, 2, 3, 4, 5, 6, 7, 8, 9, 10, 11, 12, 13, 14, 15, 16, 17, 18, 19, 20, 21, 22, 23, 24, 25, 26, 27, 28, 29, 30, 31, 32, 33, 34, 35, 36, 37, 38, 39, 40, 41, 42, 43, 44, 45, 46, 47, 48, 49, 50, 51, 52, 53, 54, 55, 56, 57, 58, 59, 60, 61]","[30, 6, 9, 32, 8, 7, 31, 35, 34, 46, 47, 33, 10, 11, 44, 42, 45, 12, 14, 17, 15, 16, 43, 13, 36, 18, 39, 0, 3, 51, 5, 4, 48, 24, 1, 2, 21, 23, 20, 22, 19, 37, 38, 27, 29, 53, 52, 41, 40, 26, 28, 25, 50, 49, 57, 55, 56, 54, 59, 58, 60, 61]","[31, 32, 47, 46, 44, 43, 14, 13, 17, 16, 4, 5, 15, 12, 42, 45, 50, 26, 53, 52, 24, 48, 25, 49, 58, 60, 59, 61, 28, 27, 29, 35, 34, 8, 7, 30, 6, 51, 41, 33, 38, 11, 10, 22, 9, 2, 3, 0, 1, 39, 40, 36, 21, 37, 23, 18, 20, 19, 55, 54, 57, 56]",284,288,5347,107818,NOT_IMPLEMENTED,NOT_IMPLEMENTED,NOT_IMPLEMENTED,NOT_IMPLEMENTED,NOT_IMPLEMENTED,NOT_IMPLEMENTED,NOT_IMPLEMENTED,13393.0,14,956.6428571428572,-17822.0,2,44,370,0,1,0,45657,0,,,,,,,,,,,,62,,,NOT_IMPLEMENTED,,true,22,"robotX1,robotX1',robotX0,robotX0',$COUNTER:1.packagesDeliveredByRobot1,$COUNTER:1.packagesDeliveredByRobot1',robotY1,robotY1',$COUNTER:0.packagesDeliveredByRobot0,$COUNTER:0.packagesDeliveredByRobot0',robotY0,robotY0'","deliveriesY[0],deliveriesY[0]',deliveriesX[1],deliveriesX[1]',deliveriesY[1],deliveriesY[1]',elevatorY,elevatorY',deliveriesX[0],deliveriesX[0]'",4,,,,,,2,2,4195715749307744256,4195715749307744256,90691338240000,130664452718592,81064793292668928,1152921504606846976,527765581332480000,2111062325329920,CUDD,"Using BDD Package: CUDDFactory, Version: CUDD 3.0","import ""DwyerPatternsNewReduced.spectra""",,0,0,false,true,[],[],,null
1671484978,NOTHING,1671484978.spectra,0,REALIZABILITY,SYS_REAL,"TEMP: false, SORT_AFTERWARDS: false, GROUP_OPTION: NO_GROUPING, INCREMENTAL_ADDITION: NO_INCREMENTAL, USE_RABIN: false, GROUP_AUX: NO_GROUPING, STATIC_ORDER: NO_STATIC_ORDERING, ROY_SIFT_MARKER: false, MAKE_LAST: false, MEMORYLESS: false, REORDER_METHOD: SIFT, NEW_PATTERN: false, INCREMENTAL_JUSTICES: NO_INCREMENTAL, REDUCED_ALGORITHM: FALSE, PARALLEL: false, ORIGINAL: false, BUCHI_INTERSECTION: false, NEW_TRIGGER: false, PARTITIONED: SINGLE_FUNC, VERIFICATION: true, CREATE_GRAPH: false",3001,46,188,-1,115704,118939,"[0, 1, 2, 3, 4, 5, 6, 7, 8, 9, 10, 11, 12, 13, 14, 15, 16, 17, 18, 19, 20, 21, 22, 23, 24, 25, 26, 27, 28, 29, 30, 31, 32, 33, 34, 35, 36, 37, 38, 39, 40, 41, 42, 43, 44, 45, 46, 47, 48, 49, 50, 51, 52, 53, 54, 55, 56, 57, 58, 59, 60, 61]","[0, 1, 2, 3, 4, 5, 6, 7, 8, 9, 10, 11, 12, 13, 14, 15, 16, 17, 18, 19, 20, 21, 22, 23, 24, 25, 26, 27, 28, 29, 30, 31, 32, 33, 34, 35, 36, 37, 38, 39, 40, 41, 42, 43, 44, 45, 46, 47, 48, 49, 50, 51, 52, 53, 54, 55, 56, 57, 58, 59, 60, 61]","[57, 55, 56, 54, 60, 58, 61, 59, 34, 35, 32, 31, 7, 8, 11, 10, 9, 6, 30, 47, 46, 33, 44, 14, 43, 13, 16, 17, 15, 42, 45, 12, 0, 3, 5, 4, 36, 18, 39, 51, 24, 48, 1, 2, 21, 23, 20, 22, 19, 41, 40, 53, 52, 38, 37, 27, 29, 26, 28, 25, 49, 50]","[55, 57, 56, 54, 59, 61, 60, 58, 34, 35, 32, 31, 8, 7, 10, 11, 6, 9, 30, 33, 38, 20, 19, 37, 18, 36, 22, 23, 50, 44, 43, 42, 21, 41, 40, 39, 45, 48, 3, 0, 51, 2, 1, 52, 53, 46, 47, 49, 4, 5, 12, 13, 14, 24, 27, 25, 26, 16, 15, 17, 28, 29]",284,284,9381,15979,NOT_IMPLEMENTED,NOT_IMPLEMENTED,NOT_IMPLEMENTED,NOT_IMPLEMENTED,NOT_IMPLEMENTED,NOT_IMPLEMENTED,NOT_IMPLEMENTED,18454.0,14,1318.1428571428573,-26302.85714285715,2,44,370,0,1,0,115672,0,,,,,,,,,,,,62,,,NOT_IMPLEMENTED,,true,22,"robotX1,robotX1',$COUNTER:0.packagesDeliveredByRobot0,$COUNTER:0.packagesDeliveredByRobot0',$COUNTER:1.packagesDeliveredByRobot1,$COUNTER:1.packagesDeliveredByRobot1',robotY1,robotY1',robotY0,robotY0',robotX0,robotX0'","deliveriesY[0],deliveriesY[0]',deliveriesY[1],deliveriesY[1]',deliveriesX[1],deliveriesX[1]',deliveriesX[0],deliveriesX[0]',elevatorY,elevatorY'",4,,,,,,2,2,4195715749307744256,4195715749307744256,90691338240000,130664452718592,81064793292668928,1152921504606846976,527765581332480000,2111062325329920,CUDD,"Using BDD Package: CUDDFactory, Version: CUDD 3.0","import ""DwyerPatternsNew.spectra""",,0,0,false,true,[],[],,null
1671484978,FINAL,1671484978.spectra,0,REALIZABILITY,SYS_REAL,"TEMP: false, SORT_AFTERWARDS: false, GROUP_OPTION: NO_GROUPING, INCREMENTAL_ADDITION: NO_INCREMENTAL, USE_RABIN: false, GROUP_AUX: GROUP_PAIR, STATIC_ORDER: REVERSE_CUTHILL, ROY_SIFT_MARKER: false, MAKE_LAST: false, MEMORYLESS: true, REORDER_METHOD: SIFT, NEW_PATTERN: true, INCREMENTAL_JUSTICES: INCREMENTAL_GRAPH, REDUCED_ALGORITHM: FALSE, PARALLEL: false, ORIGINAL: false, BUCHI_INTERSECTION: false, NEW_TRIGGER: true, PARTITIONED: SINGLE_FUNC, VERIFICATION: true, CREATE_GRAPH: false",2437,110,203,-1,48891,51641,"[0, 1, 2, 3, 4, 5, 6, 7, 8, 9, 10, 11, 12, 13, 14, 15, 16, 17, 18, 19, 20, 21, 22, 23, 24, 25, 26, 27, 28, 29, 30, 31, 32, 33, 34, 35, 36, 37, 38, 39, 40, 41, 42, 43, 44, 45, 46, 47, 48, 49, 50, 51, 52, 53, 54, 55, 56, 57, 58, 59, 60, 61]","[0, 1, 2, 3, 4, 5, 6, 7, 8, 9, 10, 11, 12, 13, 14, 15, 16, 17, 18, 19, 20, 21, 22, 23, 24, 25, 26, 27, 28, 29, 30, 31, 32, 33, 34, 35, 36, 37, 38, 39, 40, 41, 42, 43, 44, 45, 46, 47, 48, 49, 50, 51, 52, 53, 54, 55, 56, 57, 58, 59, 60, 61]","[61, 59, 60, 58, 47, 46, 32, 31, 35, 34, 30, 33, 6, 9, 7, 8, 10, 11, 42, 12, 15, 16, 17, 43, 45, 13, 14, 44, 36, 18, 39, 0, 51, 3, 5, 4, 2, 48, 24, 53, 52, 1, 21, 23, 38, 20, 22, 37, 19, 27, 29, 28, 40, 41, 25, 26, 50, 49, 55, 54, 56, 57]","[54, 55, 57, 56, 7, 8, 32, 31, 11, 10, 35, 34, 9, 33, 6, 30, 38, 20, 41, 40, 19, 37, 23, 22, 21, 18, 39, 50, 42, 2, 1, 36, 4, 5, 46, 44, 0, 53, 47, 3, 45, 43, 51, 52, 48, 14, 13, 12, 49, 17, 15, 16, 27, 28, 29, 24, 26, 25, 61, 60, 58, 59]",284,288,7188,81178,NOT_IMPLEMENTED,NOT_IMPLEMENTED,NOT_IMPLEMENTED,NOT_IMPLEMENTED,NOT_IMPLEMENTED,NOT_IMPLEMENTED,NOT_IMPLEMENTED,13817.0,14,986.9285714285716,-24791.428571428565,2,44,370,0,1,0,48875,0,,,,,,,,,,,,62,,,NOT_IMPLEMENTED,,true,22,"$COUNTER:0.packagesDeliveredByRobot0,$COUNTER:0.packagesDeliveredByRobot0',robotY1,robotY1',robotX1,robotX1',robotX0,robotX0',$COUNTER:1.packagesDeliveredByRobot1,$COUNTER:1.packagesDeliveredByRobot1',robotY0,robotY0'","deliveriesX[1],deliveriesX[1]',deliveriesY[0],deliveriesY[0]',elevatorY,elevatorY',deliveriesX[0],deliveriesX[0]',deliveriesY[1],deliveriesY[1]'",4,,,,,,2,2,4195715749307744256,4195715749307744256,90691338240000,130664452718592,81064793292668928,1152921504606846976,527765581332480000,2111062325329920,CUDD,"Using BDD Package: CUDDFactory, Version: CUDD 3.0","import ""DwyerPatternsNewReduced.spectra""",,0,0,false,true,[],[],,null
1671484978,NOTHING,1671484978.spectra,0,REALIZABILITY,SYS_REAL,"TEMP: false, SORT_AFTERWARDS: false, GROUP_OPTION: NO_GROUPING, INCREMENTAL_ADDITION: NO_INCREMENTAL, USE_RABIN: false, GROUP_AUX: NO_GROUPING, STATIC_ORDER: NO_STATIC_ORDERING, ROY_SIFT_MARKER: false, MAKE_LAST: false, MEMORYLESS: false, REORDER_METHOD: SIFT, NEW_PATTERN: false, INCREMENTAL_JUSTICES: NO_INCREMENTAL, REDUCED_ALGORITHM: FALSE, PARALLEL: false, ORIGINAL: false, BUCHI_INTERSECTION: false, NEW_TRIGGER: false, PARTITIONED: SINGLE_FUNC, VERIFICATION: true, CREATE_GRAPH: false",2906,16,140,-1,111314,114376,"[0, 1, 2, 3, 4, 5, 6, 7, 8, 9, 10, 11, 12, 13, 14, 15, 16, 17, 18, 19, 20, 21, 22, 23, 24, 25, 26, 27, 28, 29, 30, 31, 32, 33, 34, 35, 36, 37, 38, 39, 40, 41, 42, 43, 44, 45, 46, 47, 48, 49, 50, 51, 52, 53, 54, 55, 56, 57, 58, 59, 60, 61]","[0, 1, 2, 3, 4, 5, 6, 7, 8, 9, 10, 11, 12, 13, 14, 15, 16, 17, 18, 19, 20, 21, 22, 23, 24, 25, 26, 27, 28, 29, 30, 31, 32, 33, 34, 35, 36, 37, 38, 39, 40, 41, 42, 43, 44, 45, 46, 47, 48, 49, 50, 51, 52, 53, 54, 55, 56, 57, 58, 59, 60, 61]","[57, 55, 56, 54, 60, 58, 61, 59, 34, 35, 32, 31, 7, 8, 11, 10, 9, 6, 30, 47, 46, 33, 44, 14, 43, 13, 16, 17, 15, 42, 45, 12, 0, 3, 5, 4, 36, 18, 39, 51, 24, 48, 1, 2, 21, 23, 20, 22, 19, 41, 40, 53, 52, 38, 37, 27, 29, 26, 28, 25, 49, 50]","[55, 57, 56, 54, 59, 61, 60, 58, 32, 31, 8, 7, 10, 11, 9, 6, 30, 38, 20, 19, 37, 18, 36, 41, 22, 23, 21, 40, 35, 34, 47, 39, 46, 33, 50, 44, 43, 45, 42, 48, 3, 0, 51, 2, 1, 52, 53, 4, 5, 49, 12, 13, 14, 24, 27, 25, 26, 28, 29, 15, 16, 17]",284,284,9381,12443,NOT_IMPLEMENTED,NOT_IMPLEMENTED,NOT_IMPLEMENTED,NOT_IMPLEMENTED,NOT_IMPLEMENTED,NOT_IMPLEMENTED,NOT_IMPLEMENTED,19825.0,14,1416.0714285714282,-28086.5,2,44,370,0,1,0,111267,0,,,,,,,,,,,,62,,,NOT_IMPLEMENTED,,true,22,"robotX1,robotX1',$COUNTER:0.packagesDeliveredByRobot0,$COUNTER:0.packagesDeliveredByRobot0',robotY1,robotY1',$COUNTER:1.packagesDeliveredByRobot1,$COUNTER:1.packagesDeliveredByRobot1',robotY0,robotY0',robotX0,robotX0'","elevatorY,elevatorY',deliveriesY[0],deliveriesY[0]',deliveriesX[1],deliveriesX[1]',deliveriesY[1],deliveriesY[1]',deliveriesX[0],deliveriesX[0]'",4,,,,,,2,2,4195715749307744256,4195715749307744256,90691338240000,130664452718592,81064793292668928,1152921504606846976,527765581332480000,2111062325329920,CUDD,"Using BDD Package: CUDDFactory, Version: CUDD 3.0","import ""DwyerPatternsNew.spectra""",,0,0,false,true,[],[],,null
