Spec,RunConfig,UniqueIdentifier,TIMEOUT,ActionType,Result,CONFIG_TXT,INITIAL_BDD_TIME,HEURISTICS_TIME,SECOND_STEP_TIME,PARALLEL_OVERHEAD_TIME,WORK_TIME,TOTAL_TIME,PRE_ROYBDD_ORDER,POST_HEURISTICS_ORDER,POST_SECOND_STEP_ORDER,POST_WORK_ORDER,PRE_ROYBDD_NODE_SIZE,POST_HEURISTICS_NODE_SIZE,POST_SECOND_STEP_NODE_SIZE,POST_WORK_NODE_SIZE,AVERAGE_AUX_SIZE,AVERAGE_SYS_DOM_IN_CONSTRAINT,AVERAGE_ENV_DOM_IN_CONSTRAINT,AVERAGE_SYS_DOM_SIZE,AVERAGE_ENV_DOM_SIZE,AVERAGE_CONSTRAINT_COMPLEXITY,INTERCONNECTNESS_INDEX,TOTAL_REORDER_TIME,REORDER_CALL_AMOUNT,AVERAGE_REORDER_TIME,AVERAGE_REORDER_GAIN,Z_FIXPOINTS,Y_FIXPOINTS,X_FIXPOINTS,W_FIXPOINTS,REAL_CASES,UNREAL_CASES,REAL_TIME,UNREAL_TIME,GRAPH_DATA,CLUSTER_INC_DATA,CLUSTER_VAR_DATA,DOMAIN_GRAPH_DATA,CONSTRAINT_GRAPH_DATA,JUST_STRING_COUNT,JUST_STRING_ENV_COUNT,TRANS_STRING_SYS_COUNT,TRANS_STRING_ENV_COUNT,INI_STRING_ENV_COUNT,INI_STRING_SYS_COUNT,TOTAL_VARS,SYS_VARS,ENV_VARS,AUX_VARS,UNUSED_CONS_VARS,ARRAYS_INSTANCES,TOTAL_DOMS,SYS_DOMS,ENV_DOMS,AUX_DOMS,DOMS_NOT_QUANTIFIED,INI_SYS_CONSTRAINTS,INI_ENV_CONSTRAINTS,TRANS_ENV_CONSTRAINTS,TRANS_SYS_CONSTRAINTS,JUSTICE_SYS_AMOUNT,JUSTICE_ENV_AMOUNT,Z_SAT_COUNT,Z_SAT_COUNT_START_S0,TRANS_ENV_SAT,TRANS_SYS_SAT,JUSTS_SYS_SAT,JUSTS_ENV_SAT,INI_ENV_SAT,INI_SYS_SAT,FACTORY_TYPE,BDDPACKAGE,IMPORT,UNIQUE_PATTERNS,PATTERN_INSTANCES,TRIGGER_INSTANCES,MONITORS_INSTANCES,COUNTERS_INSTANCES,REDUCED_PATTERN,REDUCED_TRIGGER,SWAPPED_TO_ORIGINAL,ADDITIONAL
1672594095,NOTHING,1672594095.spectra,0,REALIZABILITY,SYS_UNREAL,"TEMP: false, SORT_AFTERWARDS: false, GROUP_OPTION: NO_GROUPING, INCREMENTAL_ADDITION: NO_INCREMENTAL, USE_RABIN: false, GROUP_AUX: NO_GROUPING, STATIC_ORDER: NO_STATIC_ORDERING, ROY_SIFT_MARKER: false, MAKE_LAST: false, MEMORYLESS: false, REORDER_METHOD: SIFT, NEW_PATTERN: false, INCREMENTAL_JUSTICES: NO_INCREMENTAL, REDUCED_ALGORITHM: FALSE, PARALLEL: false, ORIGINAL: false, BUCHI_INTERSECTION: false, NEW_TRIGGER: false, PARTITIONED: SINGLE_FUNC, VERIFICATION: true, CREATE_GRAPH: false",4339,16,3906,-1,190078,198339,"[0, 1, 2, 3, 4, 5, 6, 7, 8, 9, 10, 11, 12, 13, 14, 15, 16, 17, 18, 19, 20, 21, 22, 23, 24, 25, 26, 27, 28, 29, 30, 31, 32, 33, 34, 35, 36, 37, 38, 39, 40, 41, 42, 43, 44, 45, 46, 47, 48, 49, 50, 51, 52, 53, 54, 55, 56, 57, 58, 59, 60, 61, 62, 63, 64, 65, 66, 67, 68, 69, 70, 71, 72, 73]","[0, 1, 2, 3, 4, 5, 6, 7, 8, 9, 10, 11, 12, 13, 14, 15, 16, 17, 18, 19, 20, 21, 22, 23, 24, 25, 26, 27, 28, 29, 30, 31, 32, 33, 34, 35, 36, 37, 38, 39, 40, 41, 42, 43, 44, 45, 46, 47, 48, 49, 50, 51, 52, 53, 54, 55, 56, 57, 58, 59, 60, 61, 62, 63, 64, 65, 66, 67, 68, 69, 70, 71, 72, 73]","[65, 63, 64, 62, 31, 7, 32, 8, 30, 6, 35, 34, 10, 11, 33, 9, 36, 12, 39, 15, 41, 17, 16, 40, 37, 13, 14, 38, 71, 70, 73, 72, 47, 69, 67, 68, 66, 46, 1, 2, 0, 48, 50, 4, 49, 5, 3, 45, 51, 52, 24, 27, 28, 25, 53, 29, 26, 21, 23, 22, 42, 18, 43, 19, 20, 44, 55, 54, 57, 56, 59, 58, 61, 60]","[63, 65, 62, 64, 32, 31, 8, 7, 35, 34, 11, 10, 9, 33, 39, 12, 15, 17, 41, 16, 40, 14, 38, 13, 37, 6, 36, 30, 71, 50, 70, 53, 5, 47, 4, 46, 3, 2, 48, 0, 45, 1, 49, 51, 73, 52, 44, 69, 67, 68, 66, 72, 27, 28, 29, 24, 25, 26, 23, 21, 22, 42, 43, 18, 19, 20, 55, 54, 56, 57, 59, 58, 61, 60]",320,320,85592,135737,NOT_IMPLEMENTED,NOT_IMPLEMENTED,NOT_IMPLEMENTED,NOT_IMPLEMENTED,NOT_IMPLEMENTED,NOT_IMPLEMENTED,NOT_IMPLEMENTED,18058.0,13,1389.0769230769229,-14199.076923076924,2,32,481,0,0,0,0,0,,,,,,,,,,,,74,,,NOT_IMPLEMENTED,,false,30,"$COUNTER:0.deliveries0,$COUNTER:0.deliveries0',$PAST_ONCE_aux_3,$PAST_ONCE_aux_3',$COUNTER:1.deliveries1,$COUNTER:1.deliveries1',$PATTERN:0.SYS_CONSTRAINT.0.P_becomes_true_between_Q_and_R.state,$PATTERN:0.SYS_CONSTRAINT.0.P_becomes_true_between_Q_and_R.state',robotX0,robotX0',robotY1,robotY1',robotX1,robotX1',$PAST_ONCE_aux_2,$PAST_ONCE_aux_2',$PATTERN:1.SYS_CONSTRAINT.1.P_becomes_true_between_Q_and_R.state,$PATTERN:1.SYS_CONSTRAINT.1.P_becomes_true_between_Q_and_R.state',robotY0,robotY0'","DeliveryY0,DeliveryY0',DeliveryX1,DeliveryX1',DeliveryY1,DeliveryY1',DeliveryX0,DeliveryX0',elevatorY,elevatorY'",8,,,,,,4,2,0,0,232169825894400000,4221167900038164,19221507324805352783872,4722366482869645213696,2161727821137838080000,92734185076162560,CUDD,"Using BDD Package: CUDDFactory, Version: CUDD 3.0","import ""DwyerPatternsNew.spectra""",P_becomes_true_between_Q_and_R,2,0,false,true,[],[],,null
1672594095,FINAL,1672594095.spectra,0,REALIZABILITY,SYS_UNREAL,"TEMP: false, SORT_AFTERWARDS: false, GROUP_OPTION: NO_GROUPING, INCREMENTAL_ADDITION: NO_INCREMENTAL, USE_RABIN: false, GROUP_AUX: GROUP_PAIR, STATIC_ORDER: REVERSE_CUTHILL, ROY_SIFT_MARKER: false, MAKE_LAST: false, MEMORYLESS: true, REORDER_METHOD: SIFT, NEW_PATTERN: true, INCREMENTAL_JUSTICES: INCREMENTAL_GRAPH, REDUCED_ALGORITHM: FALSE, PARALLEL: false, ORIGINAL: false, BUCHI_INTERSECTION: false, NEW_TRIGGER: true, PARTITIONED: SINGLE_FUNC, VERIFICATION: true, CREATE_GRAPH: false",5919,255,6476,-1,156861,169511,"[0, 1, 2, 3, 4, 5, 6, 7, 8, 9, 10, 11, 12, 13, 14, 15, 16, 17, 18, 19, 20, 21, 22, 23, 24, 25, 26, 27, 28, 29, 30, 31, 32, 33, 34, 35, 36, 37, 38, 39, 40, 41, 42, 43, 44, 45, 46, 47, 48, 49, 50, 51, 52, 53, 54, 55, 56, 57, 58, 59, 60, 61, 62, 63, 64, 65, 66, 67, 68, 69]","[58, 59, 60, 61, 3, 4, 5, 0, 1, 2, 64, 65, 62, 63, 51, 52, 53, 45, 46, 47, 27, 28, 29, 21, 22, 23, 69, 54, 55, 39, 40, 41, 33, 34, 35, 16, 17, 15, 9, 10, 11, 67, 32, 30, 31, 12, 13, 14, 6, 7, 8, 48, 49, 50, 36, 37, 38, 42, 43, 44, 24, 25, 26, 18, 19, 20, 68, 66, 57, 56]","[67, 66, 68, 55, 54, 60, 58, 61, 59, 57, 56, 63, 65, 64, 62, 69, 37, 38, 14, 13, 40, 4, 41, 16, 17, 53, 52, 28, 29, 5, 50, 49, 25, 26, 1, 2, 36, 12, 39, 15, 3, 51, 48, 0, 27, 24, 32, 8, 30, 6, 7, 31, 47, 34, 33, 9, 10, 11, 45, 35, 21, 23, 22, 46, 43, 44, 42, 18, 20, 19]","[59, 61, 58, 60, 66, 67, 68, 55, 54, 57, 56, 37, 38, 14, 13, 69, 40, 4, 41, 52, 5, 53, 16, 17, 50, 49, 25, 26, 28, 29, 1, 2, 51, 39, 3, 27, 15, 48, 36, 0, 12, 24, 32, 8, 30, 6, 7, 31, 34, 10, 33, 9, 11, 35, 45, 47, 46, 63, 65, 64, 62, 42, 44, 43, 18, 20, 19, 23, 21, 22]",292,286,246993,251145,NOT_IMPLEMENTED,NOT_IMPLEMENTED,NOT_IMPLEMENTED,NOT_IMPLEMENTED,NOT_IMPLEMENTED,NOT_IMPLEMENTED,NOT_IMPLEMENTED,67586.0,16,4224.125,-7165.5625,1,10,160,0,0,0,0,0,,,,,,,,,,,,70,,,NOT_IMPLEMENTED,,false,30,"robotX0,robotX0',$PATTERN:0.SYS_CONSTRAINT.0.P_becomes_true_between_Q_and_R.state,$PATTERN:0.SYS_CONSTRAINT.0.P_becomes_true_between_Q_and_R.state',$PAST_ONCE_aux_3,$PAST_ONCE_aux_3',$COUNTER:0.deliveries0,$COUNTER:0.deliveries0',$PATTERN:1.SYS_CONSTRAINT.1.P_becomes_true_between_Q_and_R.state,$PATTERN:1.SYS_CONSTRAINT.1.P_becomes_true_between_Q_and_R.state',robotY0,robotY0',robotX1,robotX1',$PAST_ONCE_aux_2,$PAST_ONCE_aux_2',$COUNTER:1.deliveries1,$COUNTER:1.deliveries1',robotY1,robotY1'","DeliveryX1,DeliveryX1',DeliveryY1,DeliveryY1',elevatorY,elevatorY',DeliveryX0,DeliveryX0',DeliveryY0,DeliveryY0'",8,,,,,,2,2,0,0,14510614118400000,1847599299235696,20752587082923245568,295147905179352825856,135107988821114880000,23183546269040640,CUDD,"Using BDD Package: CUDDFactory, Version: CUDD 3.0","import ""DwyerPatternsNewReduced.spectra""",P_becomes_true_between_Q_and_R,2,0,false,true,"[REMOVED_HOLE, REMOVED_HOLE, REMOVED_JUSTICE, REMOVED_JUSTICE, REMOVED_VAR, REMOVED_VAR]",[],,null
1672594095,NOTHING,1672594095.spectra,0,REALIZABILITY,SYS_UNREAL,"TEMP: false, SORT_AFTERWARDS: false, GROUP_OPTION: NO_GROUPING, INCREMENTAL_ADDITION: NO_INCREMENTAL, USE_RABIN: false, GROUP_AUX: NO_GROUPING, STATIC_ORDER: NO_STATIC_ORDERING, ROY_SIFT_MARKER: false, MAKE_LAST: false, MEMORYLESS: false, REORDER_METHOD: SIFT, NEW_PATTERN: false, INCREMENTAL_JUSTICES: NO_INCREMENTAL, REDUCED_ALGORITHM: FALSE, PARALLEL: false, ORIGINAL: false, BUCHI_INTERSECTION: false, NEW_TRIGGER: false, PARTITIONED: SINGLE_FUNC, VERIFICATION: true, CREATE_GRAPH: false",5900,63,5346,-1,208942,220251,"[0, 1, 2, 3, 4, 5, 6, 7, 8, 9, 10, 11, 12, 13, 14, 15, 16, 17, 18, 19, 20, 21, 22, 23, 24, 25, 26, 27, 28, 29, 30, 31, 32, 33, 34, 35, 36, 37, 38, 39, 40, 41, 42, 43, 44, 45, 46, 47, 48, 49, 50, 51, 52, 53, 54, 55, 56, 57, 58, 59, 60, 61, 62, 63, 64, 65, 66, 67, 68, 69, 70, 71, 72, 73]","[0, 1, 2, 3, 4, 5, 6, 7, 8, 9, 10, 11, 12, 13, 14, 15, 16, 17, 18, 19, 20, 21, 22, 23, 24, 25, 26, 27, 28, 29, 30, 31, 32, 33, 34, 35, 36, 37, 38, 39, 40, 41, 42, 43, 44, 45, 46, 47, 48, 49, 50, 51, 52, 53, 54, 55, 56, 57, 58, 59, 60, 61, 62, 63, 64, 65, 66, 67, 68, 69, 70, 71, 72, 73]","[65, 63, 64, 62, 31, 7, 32, 8, 30, 6, 35, 34, 10, 11, 33, 9, 36, 12, 39, 15, 41, 17, 16, 40, 37, 13, 14, 38, 71, 70, 73, 72, 47, 69, 67, 68, 66, 46, 1, 2, 0, 48, 50, 4, 49, 5, 3, 45, 51, 52, 24, 27, 28, 25, 53, 29, 26, 21, 23, 22, 42, 18, 43, 19, 20, 44, 55, 54, 57, 56, 59, 58, 61, 60]","[63, 65, 62, 64, 32, 31, 8, 7, 35, 34, 11, 10, 9, 33, 39, 12, 15, 17, 41, 16, 40, 14, 38, 13, 37, 6, 36, 30, 71, 50, 70, 53, 5, 47, 4, 46, 3, 2, 48, 0, 45, 1, 49, 51, 73, 52, 44, 69, 67, 68, 66, 72, 27, 28, 29, 24, 25, 26, 23, 21, 22, 42, 43, 18, 19, 20, 55, 54, 56, 57, 59, 58, 61, 60]",320,320,85592,135737,NOT_IMPLEMENTED,NOT_IMPLEMENTED,NOT_IMPLEMENTED,NOT_IMPLEMENTED,NOT_IMPLEMENTED,NOT_IMPLEMENTED,NOT_IMPLEMENTED,19584.0,13,1506.461538461538,-14199.076923076924,2,32,481,0,0,0,0,0,,,,,,,,,,,,74,,,NOT_IMPLEMENTED,,false,30,"$COUNTER:0.deliveries0,$COUNTER:0.deliveries0',$PAST_ONCE_aux_3,$PAST_ONCE_aux_3',$COUNTER:1.deliveries1,$COUNTER:1.deliveries1',$PATTERN:0.SYS_CONSTRAINT.0.P_becomes_true_between_Q_and_R.state,$PATTERN:0.SYS_CONSTRAINT.0.P_becomes_true_between_Q_and_R.state',robotX0,robotX0',robotY1,robotY1',robotX1,robotX1',$PAST_ONCE_aux_2,$PAST_ONCE_aux_2',$PATTERN:1.SYS_CONSTRAINT.1.P_becomes_true_between_Q_and_R.state,$PATTERN:1.SYS_CONSTRAINT.1.P_becomes_true_between_Q_and_R.state',robotY0,robotY0'","DeliveryY0,DeliveryY0',DeliveryX1,DeliveryX1',DeliveryY1,DeliveryY1',DeliveryX0,DeliveryX0',elevatorY,elevatorY'",8,,,,,,4,2,0,0,232169825894400000,4221167900038164,19221507324805352783872,4722366482869645213696,2161727821137838080000,92734185076162560,CUDD,"Using BDD Package: CUDDFactory, Version: CUDD 3.0","import ""DwyerPatternsNew.spectra""",P_becomes_true_between_Q_and_R,2,0,false,true,[],[],,null
1672594095,FINAL,1672594095.spectra,0,REALIZABILITY,SYS_UNREAL,"TEMP: false, SORT_AFTERWARDS: false, GROUP_OPTION: NO_GROUPING, INCREMENTAL_ADDITION: NO_INCREMENTAL, USE_RABIN: false, GROUP_AUX: GROUP_PAIR, STATIC_ORDER: REVERSE_CUTHILL, ROY_SIFT_MARKER: false, MAKE_LAST: false, MEMORYLESS: true, REORDER_METHOD: SIFT, NEW_PATTERN: true, INCREMENTAL_JUSTICES: INCREMENTAL_GRAPH, REDUCED_ALGORITHM: FALSE, PARALLEL: false, ORIGINAL: false, BUCHI_INTERSECTION: false, NEW_TRIGGER: true, PARTITIONED: SINGLE_FUNC, VERIFICATION: true, CREATE_GRAPH: false",5063,265,5297,-1,132111,142736,"[0, 1, 2, 3, 4, 5, 6, 7, 8, 9, 10, 11, 12, 13, 14, 15, 16, 17, 18, 19, 20, 21, 22, 23, 24, 25, 26, 27, 28, 29, 30, 31, 32, 33, 34, 35, 36, 37, 38, 39, 40, 41, 42, 43, 44, 45, 46, 47, 48, 49, 50, 51, 52, 53, 54, 55, 56, 57, 58, 59, 60, 61, 62, 63, 64, 65, 66, 67, 68, 69]","[58, 59, 60, 61, 3, 4, 5, 0, 1, 2, 64, 65, 62, 63, 51, 52, 53, 45, 46, 47, 27, 28, 29, 21, 22, 23, 69, 54, 55, 39, 40, 41, 33, 34, 35, 16, 17, 15, 9, 10, 11, 67, 32, 30, 31, 12, 13, 14, 6, 7, 8, 48, 49, 50, 36, 37, 38, 42, 43, 44, 24, 25, 26, 18, 19, 20, 68, 66, 57, 56]","[67, 66, 68, 55, 54, 60, 58, 61, 59, 57, 56, 63, 65, 64, 62, 69, 37, 38, 14, 13, 40, 4, 41, 16, 17, 53, 52, 28, 29, 5, 50, 49, 25, 26, 1, 2, 36, 12, 39, 15, 3, 51, 48, 0, 27, 24, 32, 8, 30, 6, 7, 31, 47, 34, 33, 9, 10, 11, 45, 35, 21, 23, 22, 46, 43, 44, 42, 18, 20, 19]","[59, 61, 58, 60, 66, 67, 68, 55, 54, 57, 56, 37, 38, 14, 13, 69, 40, 4, 41, 52, 5, 53, 16, 17, 50, 49, 25, 26, 28, 29, 1, 2, 51, 39, 3, 27, 15, 48, 36, 0, 12, 24, 32, 8, 30, 6, 7, 31, 34, 10, 33, 9, 11, 35, 45, 47, 46, 63, 65, 64, 62, 42, 44, 43, 18, 20, 19, 23, 21, 22]",292,286,246993,251145,NOT_IMPLEMENTED,NOT_IMPLEMENTED,NOT_IMPLEMENTED,NOT_IMPLEMENTED,NOT_IMPLEMENTED,NOT_IMPLEMENTED,NOT_IMPLEMENTED,51506.0,16,3219.125,-7165.5625,1,10,160,0,0,0,0,0,,,,,,,,,,,,70,,,NOT_IMPLEMENTED,,false,30,"robotX1,robotX1',robotX0,robotX0',$PATTERN:1.SYS_CONSTRAINT.1.P_becomes_true_between_Q_and_R.state,$PATTERN:1.SYS_CONSTRAINT.1.P_becomes_true_between_Q_and_R.state',$PAST_ONCE_aux_2,$PAST_ONCE_aux_2',$PATTERN:0.SYS_CONSTRAINT.0.P_becomes_true_between_Q_and_R.state,$PATTERN:0.SYS_CONSTRAINT.0.P_becomes_true_between_Q_and_R.state',robotY1,robotY1',$PAST_ONCE_aux_3,$PAST_ONCE_aux_3',$COUNTER:1.deliveries1,$COUNTER:1.deliveries1',$COUNTER:0.deliveries0,$COUNTER:0.deliveries0',robotY0,robotY0'","elevatorY,elevatorY',DeliveryX0,DeliveryX0',DeliveryY1,DeliveryY1',DeliveryX1,DeliveryX1',DeliveryY0,DeliveryY0'",8,,,,,,2,2,0,0,14510614118400000,1847599299235696,20752587082923245568,295147905179352825856,135107988821114880000,23183546269040640,CUDD,"Using BDD Package: CUDDFactory, Version: CUDD 3.0","import ""DwyerPatternsNewReduced.spectra""",P_becomes_true_between_Q_and_R,2,0,false,true,"[REMOVED_HOLE, REMOVED_HOLE, REMOVED_JUSTICE, REMOVED_JUSTICE, REMOVED_VAR, REMOVED_VAR]",[],,null
1672594095,NOTHING,1672594095.spectra,0,REALIZABILITY,SYS_UNREAL,"TEMP: false, SORT_AFTERWARDS: false, GROUP_OPTION: NO_GROUPING, INCREMENTAL_ADDITION: NO_INCREMENTAL, USE_RABIN: false, GROUP_AUX: NO_GROUPING, STATIC_ORDER: NO_STATIC_ORDERING, ROY_SIFT_MARKER: false, MAKE_LAST: false, MEMORYLESS: false, REORDER_METHOD: SIFT, NEW_PATTERN: false, INCREMENTAL_JUSTICES: NO_INCREMENTAL, REDUCED_ALGORITHM: FALSE, PARALLEL: false, ORIGINAL: false, BUCHI_INTERSECTION: false, NEW_TRIGGER: false, PARTITIONED: SINGLE_FUNC, VERIFICATION: true, CREATE_GRAPH: false",4391,32,4077,-1,192644,201144,"[0, 1, 2, 3, 4, 5, 6, 7, 8, 9, 10, 11, 12, 13, 14, 15, 16, 17, 18, 19, 20, 21, 22, 23, 24, 25, 26, 27, 28, 29, 30, 31, 32, 33, 34, 35, 36, 37, 38, 39, 40, 41, 42, 43, 44, 45, 46, 47, 48, 49, 50, 51, 52, 53, 54, 55, 56, 57, 58, 59, 60, 61, 62, 63, 64, 65, 66, 67, 68, 69, 70, 71, 72, 73]","[0, 1, 2, 3, 4, 5, 6, 7, 8, 9, 10, 11, 12, 13, 14, 15, 16, 17, 18, 19, 20, 21, 22, 23, 24, 25, 26, 27, 28, 29, 30, 31, 32, 33, 34, 35, 36, 37, 38, 39, 40, 41, 42, 43, 44, 45, 46, 47, 48, 49, 50, 51, 52, 53, 54, 55, 56, 57, 58, 59, 60, 61, 62, 63, 64, 65, 66, 67, 68, 69, 70, 71, 72, 73]","[65, 63, 64, 62, 31, 7, 32, 8, 30, 6, 35, 34, 10, 11, 33, 9, 36, 12, 39, 15, 41, 17, 16, 40, 37, 13, 14, 38, 71, 70, 73, 72, 47, 69, 67, 68, 66, 46, 1, 2, 0, 48, 50, 4, 49, 5, 3, 45, 51, 52, 24, 27, 28, 25, 53, 29, 26, 21, 23, 22, 42, 18, 43, 19, 20, 44, 55, 54, 57, 56, 59, 58, 61, 60]","[63, 65, 62, 64, 32, 31, 8, 7, 35, 34, 11, 10, 9, 33, 39, 12, 15, 17, 41, 16, 40, 14, 38, 13, 37, 6, 36, 30, 71, 50, 70, 53, 5, 47, 4, 46, 3, 2, 48, 0, 45, 1, 49, 51, 73, 52, 44, 69, 67, 68, 66, 72, 27, 28, 29, 24, 25, 26, 23, 21, 22, 42, 43, 18, 19, 20, 55, 54, 56, 57, 59, 58, 61, 60]",320,320,85592,135737,NOT_IMPLEMENTED,NOT_IMPLEMENTED,NOT_IMPLEMENTED,NOT_IMPLEMENTED,NOT_IMPLEMENTED,NOT_IMPLEMENTED,NOT_IMPLEMENTED,17618.0,13,1355.230769230769,-14199.076923076924,2,32,481,0,0,0,0,0,,,,,,,,,,,,74,,,NOT_IMPLEMENTED,,false,30,"robotY0,robotY0',robotX0,robotX0',$COUNTER:0.deliveries0,$COUNTER:0.deliveries0',$COUNTER:1.deliveries1,$COUNTER:1.deliveries1',$PATTERN:0.SYS_CONSTRAINT.0.P_becomes_true_between_Q_and_R.state,$PATTERN:0.SYS_CONSTRAINT.0.P_becomes_true_between_Q_and_R.state',robotY1,robotY1',robotX1,robotX1',$PATTERN:1.SYS_CONSTRAINT.1.P_becomes_true_between_Q_and_R.state,$PATTERN:1.SYS_CONSTRAINT.1.P_becomes_true_between_Q_and_R.state',$PAST_ONCE_aux_2,$PAST_ONCE_aux_2',$PAST_ONCE_aux_3,$PAST_ONCE_aux_3'","DeliveryY0,DeliveryY0',DeliveryY1,DeliveryY1',elevatorY,elevatorY',DeliveryX0,DeliveryX0',DeliveryX1,DeliveryX1'",8,,,,,,4,2,0,0,232169825894400000,4221167900038164,19221507324805352783872,4722366482869645213696,2161727821137838080000,92734185076162560,CUDD,"Using BDD Package: CUDDFactory, Version: CUDD 3.0","import ""DwyerPatternsNew.spectra""",P_becomes_true_between_Q_and_R,2,0,false,true,[],[],,null
1672594095,FINAL,1672594095.spectra,0,REALIZABILITY,SYS_UNREAL,"TEMP: false, SORT_AFTERWARDS: false, GROUP_OPTION: NO_GROUPING, INCREMENTAL_ADDITION: NO_INCREMENTAL, USE_RABIN: false, GROUP_AUX: GROUP_PAIR, STATIC_ORDER: REVERSE_CUTHILL, ROY_SIFT_MARKER: false, MAKE_LAST: false, MEMORYLESS: true, REORDER_METHOD: SIFT, NEW_PATTERN: true, INCREMENTAL_JUSTICES: INCREMENTAL_GRAPH, REDUCED_ALGORITHM: FALSE, PARALLEL: false, ORIGINAL: false, BUCHI_INTERSECTION: false, NEW_TRIGGER: true, PARTITIONED: SINGLE_FUNC, VERIFICATION: true, CREATE_GRAPH: false",4312,406,4766,-1,124672,134156,"[0, 1, 2, 3, 4, 5, 6, 7, 8, 9, 10, 11, 12, 13, 14, 15, 16, 17, 18, 19, 20, 21, 22, 23, 24, 25, 26, 27, 28, 29, 30, 31, 32, 33, 34, 35, 36, 37, 38, 39, 40, 41, 42, 43, 44, 45, 46, 47, 48, 49, 50, 51, 52, 53, 54, 55, 56, 57, 58, 59, 60, 61, 62, 63, 64, 65, 66, 67, 68, 69]","[58, 59, 60, 61, 3, 4, 5, 0, 1, 2, 64, 65, 62, 63, 51, 52, 53, 45, 46, 47, 27, 28, 29, 21, 22, 23, 69, 54, 55, 39, 40, 41, 33, 34, 35, 16, 17, 15, 9, 10, 11, 67, 32, 30, 31, 12, 13, 14, 6, 7, 8, 48, 49, 50, 36, 37, 38, 42, 43, 44, 24, 25, 26, 18, 19, 20, 68, 66, 57, 56]","[67, 66, 68, 55, 54, 60, 58, 61, 59, 57, 56, 63, 65, 64, 62, 69, 37, 38, 14, 13, 40, 4, 41, 16, 17, 53, 52, 28, 29, 5, 50, 49, 25, 26, 1, 2, 36, 12, 39, 15, 3, 51, 48, 0, 27, 24, 32, 8, 30, 6, 7, 31, 47, 34, 33, 9, 10, 11, 45, 35, 21, 23, 22, 46, 43, 44, 42, 18, 20, 19]","[59, 61, 58, 60, 66, 67, 68, 55, 54, 57, 56, 37, 38, 14, 13, 69, 40, 4, 41, 52, 5, 53, 16, 17, 50, 49, 25, 26, 28, 29, 1, 2, 51, 39, 3, 27, 15, 48, 36, 0, 12, 24, 32, 8, 30, 6, 7, 31, 34, 10, 33, 9, 11, 35, 45, 47, 46, 63, 65, 64, 62, 42, 44, 43, 18, 20, 19, 23, 21, 22]",292,286,246993,251145,NOT_IMPLEMENTED,NOT_IMPLEMENTED,NOT_IMPLEMENTED,NOT_IMPLEMENTED,NOT_IMPLEMENTED,NOT_IMPLEMENTED,NOT_IMPLEMENTED,45496.0,16,2843.5,-7165.5625,1,10,160,0,0,0,0,0,,,,,,,,,,,,70,,,NOT_IMPLEMENTED,,false,30,"robotX1,robotX1',robotX0,robotX0',$PATTERN:1.SYS_CONSTRAINT.1.P_becomes_true_between_Q_and_R.state,$PATTERN:1.SYS_CONSTRAINT.1.P_becomes_true_between_Q_and_R.state',$PAST_ONCE_aux_2,$PAST_ONCE_aux_2',$PATTERN:0.SYS_CONSTRAINT.0.P_becomes_true_between_Q_and_R.state,$PATTERN:0.SYS_CONSTRAINT.0.P_becomes_true_between_Q_and_R.state',robotY1,robotY1',$PAST_ONCE_aux_3,$PAST_ONCE_aux_3',$COUNTER:1.deliveries1,$COUNTER:1.deliveries1',$COUNTER:0.deliveries0,$COUNTER:0.deliveries0',robotY0,robotY0'","elevatorY,elevatorY',DeliveryX0,DeliveryX0',DeliveryY1,DeliveryY1',DeliveryX1,DeliveryX1',DeliveryY0,DeliveryY0'",8,,,,,,2,2,0,0,14510614118400000,1847599299235696,20752587082923245568,295147905179352825856,135107988821114880000,23183546269040640,CUDD,"Using BDD Package: CUDDFactory, Version: CUDD 3.0","import ""DwyerPatternsNewReduced.spectra""",P_becomes_true_between_Q_and_R,2,0,false,true,"[REMOVED_HOLE, REMOVED_HOLE, REMOVED_JUSTICE, REMOVED_JUSTICE, REMOVED_VAR, REMOVED_VAR]",[],,null
GROUP2Junction1_02,NOTHING,GROUP2Junction1_02.spectra,1
GROUP2Junction1_02,FINAL,GROUP2Junction1_02.spectra,1
1672597377,FINAL,1672597377.spectra,0,REALIZABILITY,SYS_REAL,"TEMP: false, SORT_AFTERWARDS: false, GROUP_OPTION: NO_GROUPING, INCREMENTAL_ADDITION: NO_INCREMENTAL, USE_RABIN: false, GROUP_AUX: GROUP_PAIR, STATIC_ORDER: REVERSE_CUTHILL, ROY_SIFT_MARKER: false, MAKE_LAST: false, MEMORYLESS: true, REORDER_METHOD: SIFT, NEW_PATTERN: true, INCREMENTAL_JUSTICES: INCREMENTAL_GRAPH, REDUCED_ALGORITHM: FALSE, PARALLEL: false, ORIGINAL: false, BUCHI_INTERSECTION: false, NEW_TRIGGER: true, PARTITIONED: SINGLE_FUNC, VERIFICATION: true, CREATE_GRAPH: false",5125,250,4485,-1,483006,492881,"[0, 1, 2, 3, 4, 5, 6, 7, 8, 9, 10, 11, 12, 13, 14, 15, 16, 17, 18, 19, 20, 21, 22, 23, 24, 25, 26, 27, 28, 29, 30, 31, 32, 33, 34, 35, 36, 37, 38, 39, 40, 41, 42, 43, 44, 45, 46, 47, 48, 49, 50, 51, 52, 53, 54, 55, 56, 57, 58, 59, 60, 61, 62, 63, 64, 65, 66, 67, 68, 69]","[0, 1, 2, 3, 4, 5, 6, 7, 8, 9, 10, 11, 12, 13, 14, 15, 16, 17, 18, 19, 20, 21, 22, 23, 24, 25, 26, 27, 28, 29, 30, 31, 32, 33, 34, 35, 36, 37, 38, 39, 40, 41, 42, 43, 44, 45, 46, 47, 48, 49, 50, 51, 52, 53, 54, 55, 56, 57, 58, 59, 60, 61, 62, 63, 64, 65, 66, 67, 68, 69]","[57, 55, 54, 56, 63, 62, 65, 64, 69, 68, 31, 7, 32, 8, 35, 34, 33, 10, 11, 9, 30, 6, 45, 67, 66, 47, 46, 21, 23, 22, 44, 43, 42, 18, 19, 20, 39, 15, 41, 17, 16, 40, 36, 12, 38, 14, 13, 37, 0, 48, 3, 51, 24, 27, 50, 1, 2, 4, 5, 49, 25, 26, 29, 28, 53, 52, 59, 58, 60, 61]","[64, 65, 55, 57, 56, 54, 62, 63, 31, 32, 8, 7, 35, 34, 11, 10, 9, 33, 6, 30, 47, 46, 44, 45, 43, 20, 19, 18, 42, 38, 14, 41, 17, 39, 15, 16, 40, 12, 36, 13, 37, 0, 2, 1, 48, 49, 50, 5, 3, 4, 24, 23, 22, 21, 25, 26, 51, 27, 66, 67, 68, 52, 69, 28, 29, 53, 58, 60, 59, 61]",292,296,119355,580303,NOT_IMPLEMENTED,NOT_IMPLEMENTED,NOT_IMPLEMENTED,NOT_IMPLEMENTED,NOT_IMPLEMENTED,NOT_IMPLEMENTED,NOT_IMPLEMENTED,89254.0,16,5578.375,-23828.9375,2,40,340,0,1,0,482912,0,,,,,,,,,,,,70,,,NOT_IMPLEMENTED,,false,30,"$PAST_ONCE_aux_3,$PAST_ONCE_aux_3',$COUNTER:1.deliveries1,$COUNTER:1.deliveries1',robotX0,robotX0',$PAST_ONCE_aux_0,$PAST_ONCE_aux_0',$PAST_ONCE_aux_2,$PAST_ONCE_aux_2',robotY1,robotY1',robotY0,robotY0',$COUNTER:0.deliveries0,$COUNTER:0.deliveries0',robotX1,robotX1',$PAST_ONCE_aux_1,$PAST_ONCE_aux_1'","DeliveryY0,DeliveryY0',DeliveryX1,DeliveryX1',elevatorY,elevatorY',DeliveryX0,DeliveryX0',DeliveryY1,DeliveryY1'",12,,,,,,2,2,1083739453570875916288,1083739453570875916288,14510614118400000,1868954501421797,20752587082923245568,295147905179352825856,135107988821114880000,23183546269040640,CUDD,"Using BDD Package: CUDDFactory, Version: CUDD 3.0","import ""DwyerPatternsNewReduced.spectra""",,0,0,false,true,[],[],,null
1672597377,NOTHING,1672597377.spectra,1
1672597377,FINAL,1672597377.spectra,0,REALIZABILITY,SYS_REAL,"TEMP: false, SORT_AFTERWARDS: false, GROUP_OPTION: NO_GROUPING, INCREMENTAL_ADDITION: NO_INCREMENTAL, USE_RABIN: false, GROUP_AUX: GROUP_PAIR, STATIC_ORDER: REVERSE_CUTHILL, ROY_SIFT_MARKER: false, MAKE_LAST: false, MEMORYLESS: true, REORDER_METHOD: SIFT, NEW_PATTERN: true, INCREMENTAL_JUSTICES: INCREMENTAL_GRAPH, REDUCED_ALGORITHM: FALSE, PARALLEL: false, ORIGINAL: false, BUCHI_INTERSECTION: false, NEW_TRIGGER: true, PARTITIONED: SINGLE_FUNC, VERIFICATION: true, CREATE_GRAPH: false",4735,188,4187,-1,469846,478956,"[0, 1, 2, 3, 4, 5, 6, 7, 8, 9, 10, 11, 12, 13, 14, 15, 16, 17, 18, 19, 20, 21, 22, 23, 24, 25, 26, 27, 28, 29, 30, 31, 32, 33, 34, 35, 36, 37, 38, 39, 40, 41, 42, 43, 44, 45, 46, 47, 48, 49, 50, 51, 52, 53, 54, 55, 56, 57, 58, 59, 60, 61, 62, 63, 64, 65, 66, 67, 68, 69]","[0, 1, 2, 3, 4, 5, 6, 7, 8, 9, 10, 11, 12, 13, 14, 15, 16, 17, 18, 19, 20, 21, 22, 23, 24, 25, 26, 27, 28, 29, 30, 31, 32, 33, 34, 35, 36, 37, 38, 39, 40, 41, 42, 43, 44, 45, 46, 47, 48, 49, 50, 51, 52, 53, 54, 55, 56, 57, 58, 59, 60, 61, 62, 63, 64, 65, 66, 67, 68, 69]","[57, 55, 54, 56, 63, 62, 65, 64, 69, 68, 31, 7, 32, 8, 35, 34, 33, 10, 11, 9, 30, 6, 45, 67, 66, 47, 46, 21, 23, 22, 44, 43, 42, 18, 19, 20, 39, 15, 41, 17, 16, 40, 36, 12, 38, 14, 13, 37, 0, 48, 3, 51, 24, 27, 50, 1, 2, 4, 5, 49, 25, 26, 29, 28, 53, 52, 59, 58, 60, 61]","[64, 65, 55, 57, 56, 54, 62, 63, 31, 32, 8, 7, 35, 34, 11, 10, 9, 33, 6, 30, 47, 46, 44, 45, 43, 20, 19, 18, 42, 38, 14, 41, 17, 39, 15, 16, 40, 12, 36, 13, 37, 0, 2, 1, 48, 49, 50, 5, 3, 4, 24, 23, 22, 21, 25, 26, 51, 27, 66, 67, 68, 52, 69, 28, 29, 53, 58, 60, 59, 61]",292,296,119355,580303,NOT_IMPLEMENTED,NOT_IMPLEMENTED,NOT_IMPLEMENTED,NOT_IMPLEMENTED,NOT_IMPLEMENTED,NOT_IMPLEMENTED,NOT_IMPLEMENTED,88088.0,16,5505.5,-23828.9375,2,40,340,0,1,0,469799,0,,,,,,,,,,,,70,,,NOT_IMPLEMENTED,,false,30,"$PAST_ONCE_aux_3,$PAST_ONCE_aux_3',$COUNTER:1.deliveries1,$COUNTER:1.deliveries1',robotX0,robotX0',$PAST_ONCE_aux_0,$PAST_ONCE_aux_0',$PAST_ONCE_aux_2,$PAST_ONCE_aux_2',robotY1,robotY1',robotY0,robotY0',$COUNTER:0.deliveries0,$COUNTER:0.deliveries0',robotX1,robotX1',$PAST_ONCE_aux_1,$PAST_ONCE_aux_1'","DeliveryY0,DeliveryY0',DeliveryX1,DeliveryX1',elevatorY,elevatorY',DeliveryX0,DeliveryX0',DeliveryY1,DeliveryY1'",12,,,,,,2,2,1083739453570875916288,1083739453570875916288,14510614118400000,1868954501421797,20752587082923245568,295147905179352825856,135107988821114880000,23183546269040640,CUDD,"Using BDD Package: CUDDFactory, Version: CUDD 3.0","import ""DwyerPatternsNewReduced.spectra""",,0,0,false,true,[],[],,null
1672597377,FINAL,1672597377.spectra,0,REALIZABILITY,SYS_REAL,"TEMP: false, SORT_AFTERWARDS: false, GROUP_OPTION: NO_GROUPING, INCREMENTAL_ADDITION: NO_INCREMENTAL, USE_RABIN: false, GROUP_AUX: GROUP_PAIR, STATIC_ORDER: REVERSE_CUTHILL, ROY_SIFT_MARKER: false, MAKE_LAST: false, MEMORYLESS: true, REORDER_METHOD: SIFT, NEW_PATTERN: true, INCREMENTAL_JUSTICES: INCREMENTAL_GRAPH, REDUCED_ALGORITHM: FALSE, PARALLEL: false, ORIGINAL: false, BUCHI_INTERSECTION: false, NEW_TRIGGER: true, PARTITIONED: SINGLE_FUNC, VERIFICATION: true, CREATE_GRAPH: false",4297,140,5219,-1,451052,460708,"[0, 1, 2, 3, 4, 5, 6, 7, 8, 9, 10, 11, 12, 13, 14, 15, 16, 17, 18, 19, 20, 21, 22, 23, 24, 25, 26, 27, 28, 29, 30, 31, 32, 33, 34, 35, 36, 37, 38, 39, 40, 41, 42, 43, 44, 45, 46, 47, 48, 49, 50, 51, 52, 53, 54, 55, 56, 57, 58, 59, 60, 61, 62, 63, 64, 65, 66, 67, 68, 69]","[0, 1, 2, 3, 4, 5, 6, 7, 8, 9, 10, 11, 12, 13, 14, 15, 16, 17, 18, 19, 20, 21, 22, 23, 24, 25, 26, 27, 28, 29, 30, 31, 32, 33, 34, 35, 36, 37, 38, 39, 40, 41, 42, 43, 44, 45, 46, 47, 48, 49, 50, 51, 52, 53, 54, 55, 56, 57, 58, 59, 60, 61, 62, 63, 64, 65, 66, 67, 68, 69]","[57, 55, 54, 56, 63, 62, 65, 64, 69, 68, 31, 7, 32, 8, 35, 34, 33, 10, 11, 9, 30, 6, 45, 67, 66, 47, 46, 21, 23, 22, 44, 43, 42, 18, 19, 20, 39, 15, 41, 17, 16, 40, 36, 12, 38, 14, 13, 37, 0, 48, 3, 51, 24, 27, 50, 1, 2, 4, 5, 49, 25, 26, 29, 28, 53, 52, 59, 58, 60, 61]","[64, 65, 55, 57, 56, 54, 62, 63, 31, 32, 8, 7, 35, 34, 11, 10, 9, 33, 6, 30, 47, 46, 44, 45, 43, 20, 19, 18, 42, 38, 14, 41, 17, 39, 15, 16, 40, 12, 36, 13, 37, 0, 2, 1, 48, 49, 50, 5, 3, 4, 24, 23, 22, 21, 25, 26, 51, 27, 66, 67, 68, 52, 69, 28, 29, 53, 58, 60, 59, 61]",292,296,119355,580303,NOT_IMPLEMENTED,NOT_IMPLEMENTED,NOT_IMPLEMENTED,NOT_IMPLEMENTED,NOT_IMPLEMENTED,NOT_IMPLEMENTED,NOT_IMPLEMENTED,84763.0,16,5297.6875,-23828.9375,2,40,340,0,1,0,450973,0,,,,,,,,,,,,70,,,NOT_IMPLEMENTED,,false,30,"$PAST_ONCE_aux_3,$PAST_ONCE_aux_3',$COUNTER:1.deliveries1,$COUNTER:1.deliveries1',robotX0,robotX0',$PAST_ONCE_aux_0,$PAST_ONCE_aux_0',$PAST_ONCE_aux_2,$PAST_ONCE_aux_2',robotY1,robotY1',robotY0,robotY0',$COUNTER:0.deliveries0,$COUNTER:0.deliveries0',robotX1,robotX1',$PAST_ONCE_aux_1,$PAST_ONCE_aux_1'","DeliveryY0,DeliveryY0',DeliveryX1,DeliveryX1',elevatorY,elevatorY',DeliveryX0,DeliveryX0',DeliveryY1,DeliveryY1'",12,,,,,,2,2,1083739453570875916288,1083739453570875916288,14510614118400000,1868954501421797,20752587082923245568,295147905179352825856,135107988821114880000,23183546269040640,CUDD,"Using BDD Package: CUDDFactory, Version: CUDD 3.0","import ""DwyerPatternsNewReduced.spectra""",,0,0,false,true,[],[],,null
GROUP2Junction1_03,NOTHING,GROUP2Junction1_03.spectra,1
GROUP2Junction1_03,FINAL,GROUP2Junction1_03.spectra,1
1672595790,NOTHING,1672595790.spectra,1
1672595790,FINAL,1672595790.spectra,0,REALIZABILITY,SYS_REAL,"TEMP: false, SORT_AFTERWARDS: false, GROUP_OPTION: NO_GROUPING, INCREMENTAL_ADDITION: NO_INCREMENTAL, USE_RABIN: false, GROUP_AUX: GROUP_PAIR, STATIC_ORDER: REVERSE_CUTHILL, ROY_SIFT_MARKER: false, MAKE_LAST: false, MEMORYLESS: true, REORDER_METHOD: SIFT, NEW_PATTERN: true, INCREMENTAL_JUSTICES: INCREMENTAL_GRAPH, REDUCED_ALGORITHM: FALSE, PARALLEL: false, ORIGINAL: false, BUCHI_INTERSECTION: false, NEW_TRIGGER: true, PARTITIONED: SINGLE_FUNC, VERIFICATION: true, CREATE_GRAPH: false",5249,484,4969,-1,535818,546520,"[0, 1, 2, 3, 4, 5, 6, 7, 8, 9, 10, 11, 12, 13, 14, 15, 16, 17, 18, 19, 20, 21, 22, 23, 24, 25, 26, 27, 28, 29, 30, 31, 32, 33, 34, 35, 36, 37, 38, 39, 40, 41, 42, 43, 44, 45, 46, 47, 48, 49, 50, 51, 52, 53, 54, 55, 56, 57, 58, 59, 60, 61, 62, 63, 64, 65, 66, 67, 68, 69]","[0, 1, 2, 3, 4, 5, 6, 7, 8, 9, 10, 11, 12, 13, 14, 15, 16, 17, 18, 19, 20, 21, 22, 23, 24, 25, 26, 27, 28, 29, 30, 31, 32, 33, 34, 35, 36, 37, 38, 39, 40, 41, 42, 43, 44, 45, 46, 47, 48, 49, 50, 51, 52, 53, 54, 55, 56, 57, 58, 59, 60, 61, 62, 63, 64, 65, 66, 67, 68, 69]","[57, 55, 54, 56, 63, 62, 65, 64, 69, 68, 31, 7, 32, 8, 35, 34, 10, 11, 33, 9, 30, 6, 45, 67, 66, 47, 46, 21, 23, 22, 44, 43, 42, 18, 19, 20, 39, 15, 41, 17, 16, 40, 36, 12, 38, 14, 13, 37, 0, 48, 3, 51, 24, 27, 50, 1, 2, 4, 5, 49, 25, 26, 29, 28, 53, 52, 61, 60, 58, 59]","[55, 57, 56, 54, 32, 31, 8, 7, 35, 34, 11, 10, 9, 33, 6, 30, 38, 14, 36, 12, 13, 37, 64, 63, 62, 41, 17, 39, 15, 16, 40, 44, 43, 42, 2, 1, 0, 46, 50, 48, 4, 18, 49, 5, 3, 24, 26, 25, 53, 52, 47, 65, 29, 45, 51, 28, 22, 69, 66, 68, 67, 20, 19, 23, 21, 27, 61, 60, 58, 59]",292,296,119345,165966,NOT_IMPLEMENTED,NOT_IMPLEMENTED,NOT_IMPLEMENTED,NOT_IMPLEMENTED,NOT_IMPLEMENTED,NOT_IMPLEMENTED,NOT_IMPLEMENTED,134636.0,17,7919.764705882356,-57921.17647058825,2,40,340,0,1,0,535724,0,,,,,,,,,,,,70,,,NOT_IMPLEMENTED,,false,30,"robotX0,robotX0',$PAST_ONCE_aux_2,$PAST_ONCE_aux_2',robotY1,robotY1',$PAST_ONCE_aux_1,$PAST_ONCE_aux_1',$COUNTER:1.deliveries1,$COUNTER:1.deliveries1',robotY0,robotY0',$PAST_ONCE_aux_0,$PAST_ONCE_aux_0',robotX1,robotX1',$COUNTER:0.deliveries0,$COUNTER:0.deliveries0',$PAST_ONCE_aux_3,$PAST_ONCE_aux_3'","DeliveryX0,DeliveryX0',elevatorY,elevatorY',DeliveryY1,DeliveryY1',DeliveryX1,DeliveryX1',DeliveryY0,DeliveryY0'",12,,,,,,2,2,1083739453570875916288,1083739453570875916288,14510614118400000,1868954501421797,20752587082923245568,295147905179352825856,135107988821114880000,23183546269040640,CUDD,"Using BDD Package: CUDDFactory, Version: CUDD 3.0","import ""DwyerPatternsNewReduced.spectra""",,0,0,false,true,[],[],,null
1672595790,FINAL,1672595790.spectra,0,REALIZABILITY,SYS_REAL,"TEMP: false, SORT_AFTERWARDS: false, GROUP_OPTION: NO_GROUPING, INCREMENTAL_ADDITION: NO_INCREMENTAL, USE_RABIN: false, GROUP_AUX: GROUP_PAIR, STATIC_ORDER: REVERSE_CUTHILL, ROY_SIFT_MARKER: false, MAKE_LAST: false, MEMORYLESS: true, REORDER_METHOD: SIFT, NEW_PATTERN: true, INCREMENTAL_JUSTICES: INCREMENTAL_GRAPH, REDUCED_ALGORITHM: FALSE, PARALLEL: false, ORIGINAL: false, BUCHI_INTERSECTION: false, NEW_TRIGGER: true, PARTITIONED: SINGLE_FUNC, VERIFICATION: true, CREATE_GRAPH: false",5909,221,5107,-1,498194,509431,"[0, 1, 2, 3, 4, 5, 6, 7, 8, 9, 10, 11, 12, 13, 14, 15, 16, 17, 18, 19, 20, 21, 22, 23, 24, 25, 26, 27, 28, 29, 30, 31, 32, 33, 34, 35, 36, 37, 38, 39, 40, 41, 42, 43, 44, 45, 46, 47, 48, 49, 50, 51, 52, 53, 54, 55, 56, 57, 58, 59, 60, 61, 62, 63, 64, 65, 66, 67, 68, 69]","[0, 1, 2, 3, 4, 5, 6, 7, 8, 9, 10, 11, 12, 13, 14, 15, 16, 17, 18, 19, 20, 21, 22, 23, 24, 25, 26, 27, 28, 29, 30, 31, 32, 33, 34, 35, 36, 37, 38, 39, 40, 41, 42, 43, 44, 45, 46, 47, 48, 49, 50, 51, 52, 53, 54, 55, 56, 57, 58, 59, 60, 61, 62, 63, 64, 65, 66, 67, 68, 69]","[57, 55, 54, 56, 63, 62, 65, 64, 69, 68, 31, 7, 32, 8, 35, 34, 33, 10, 11, 9, 30, 6, 45, 67, 66, 47, 46, 21, 23, 22, 44, 43, 42, 18, 19, 20, 39, 15, 41, 17, 16, 40, 36, 12, 38, 14, 13, 37, 0, 48, 3, 51, 24, 27, 50, 1, 2, 4, 5, 49, 25, 26, 29, 28, 53, 52, 59, 58, 60, 61]","[64, 65, 55, 57, 56, 54, 62, 63, 31, 32, 8, 7, 35, 34, 11, 10, 9, 33, 6, 30, 47, 46, 44, 45, 43, 20, 19, 18, 42, 38, 14, 41, 17, 39, 15, 16, 40, 12, 36, 13, 37, 0, 2, 1, 48, 49, 50, 5, 3, 4, 24, 23, 22, 21, 25, 26, 51, 27, 66, 67, 68, 52, 69, 28, 29, 53, 58, 60, 59, 61]",292,296,119355,580303,NOT_IMPLEMENTED,NOT_IMPLEMENTED,NOT_IMPLEMENTED,NOT_IMPLEMENTED,NOT_IMPLEMENTED,NOT_IMPLEMENTED,NOT_IMPLEMENTED,93432.0,16,5839.5,-23828.9375,2,40,340,0,1,0,498100,0,,,,,,,,,,,,70,,,NOT_IMPLEMENTED,,false,30,"robotX0,robotX0',$PAST_ONCE_aux_2,$PAST_ONCE_aux_2',robotY1,robotY1',$PAST_ONCE_aux_1,$PAST_ONCE_aux_1',$COUNTER:1.deliveries1,$COUNTER:1.deliveries1',robotY0,robotY0',$PAST_ONCE_aux_0,$PAST_ONCE_aux_0',robotX1,robotX1',$COUNTER:0.deliveries0,$COUNTER:0.deliveries0',$PAST_ONCE_aux_3,$PAST_ONCE_aux_3'","DeliveryX0,DeliveryX0',elevatorY,elevatorY',DeliveryY1,DeliveryY1',DeliveryX1,DeliveryX1',DeliveryY0,DeliveryY0'",12,,,,,,2,2,1083739453570875916288,1083739453570875916288,14510614118400000,1868954501421797,20752587082923245568,295147905179352825856,135107988821114880000,23183546269040640,CUDD,"Using BDD Package: CUDDFactory, Version: CUDD 3.0","import ""DwyerPatternsNewReduced.spectra""",,0,0,false,true,[],[],,null
1672595790,FINAL,1672595790.spectra,0,REALIZABILITY,SYS_REAL,"TEMP: false, SORT_AFTERWARDS: false, GROUP_OPTION: NO_GROUPING, INCREMENTAL_ADDITION: NO_INCREMENTAL, USE_RABIN: false, GROUP_AUX: GROUP_PAIR, STATIC_ORDER: REVERSE_CUTHILL, ROY_SIFT_MARKER: false, MAKE_LAST: false, MEMORYLESS: true, REORDER_METHOD: SIFT, NEW_PATTERN: true, INCREMENTAL_JUSTICES: INCREMENTAL_GRAPH, REDUCED_ALGORITHM: FALSE, PARALLEL: false, ORIGINAL: false, BUCHI_INTERSECTION: false, NEW_TRIGGER: true, PARTITIONED: SINGLE_FUNC, VERIFICATION: true, CREATE_GRAPH: false",4234,172,4052,-1,475515,483973,"[0, 1, 2, 3, 4, 5, 6, 7, 8, 9, 10, 11, 12, 13, 14, 15, 16, 17, 18, 19, 20, 21, 22, 23, 24, 25, 26, 27, 28, 29, 30, 31, 32, 33, 34, 35, 36, 37, 38, 39, 40, 41, 42, 43, 44, 45, 46, 47, 48, 49, 50, 51, 52, 53, 54, 55, 56, 57, 58, 59, 60, 61, 62, 63, 64, 65, 66, 67, 68, 69]","[0, 1, 2, 3, 4, 5, 6, 7, 8, 9, 10, 11, 12, 13, 14, 15, 16, 17, 18, 19, 20, 21, 22, 23, 24, 25, 26, 27, 28, 29, 30, 31, 32, 33, 34, 35, 36, 37, 38, 39, 40, 41, 42, 43, 44, 45, 46, 47, 48, 49, 50, 51, 52, 53, 54, 55, 56, 57, 58, 59, 60, 61, 62, 63, 64, 65, 66, 67, 68, 69]","[57, 55, 54, 56, 63, 62, 65, 64, 69, 68, 31, 7, 32, 8, 35, 34, 33, 10, 11, 9, 30, 6, 45, 67, 66, 47, 46, 21, 23, 22, 44, 43, 42, 18, 19, 20, 39, 15, 41, 17, 16, 40, 36, 12, 38, 14, 13, 37, 0, 48, 3, 51, 24, 27, 50, 1, 2, 4, 5, 49, 25, 26, 29, 28, 53, 52, 59, 58, 60, 61]","[64, 65, 55, 57, 56, 54, 62, 63, 31, 32, 8, 7, 35, 34, 11, 10, 9, 33, 6, 30, 47, 46, 44, 45, 43, 20, 19, 18, 42, 38, 14, 41, 17, 39, 15, 16, 40, 12, 36, 13, 37, 0, 2, 1, 48, 49, 50, 5, 3, 4, 24, 23, 22, 21, 25, 26, 51, 27, 66, 67, 68, 52, 69, 28, 29, 53, 58, 60, 59, 61]",292,296,119355,580303,NOT_IMPLEMENTED,NOT_IMPLEMENTED,NOT_IMPLEMENTED,NOT_IMPLEMENTED,NOT_IMPLEMENTED,NOT_IMPLEMENTED,NOT_IMPLEMENTED,88742.0,16,5546.375,-23828.9375,2,40,340,0,1,0,475488,0,,,,,,,,,,,,70,,,NOT_IMPLEMENTED,,false,30,"$PAST_ONCE_aux_3,$PAST_ONCE_aux_3',$COUNTER:1.deliveries1,$COUNTER:1.deliveries1',robotX0,robotX0',$PAST_ONCE_aux_0,$PAST_ONCE_aux_0',$PAST_ONCE_aux_2,$PAST_ONCE_aux_2',robotY1,robotY1',robotY0,robotY0',$COUNTER:0.deliveries0,$COUNTER:0.deliveries0',robotX1,robotX1',$PAST_ONCE_aux_1,$PAST_ONCE_aux_1'","DeliveryY0,DeliveryY0',DeliveryX1,DeliveryX1',elevatorY,elevatorY',DeliveryX0,DeliveryX0',DeliveryY1,DeliveryY1'",12,,,,,,2,2,1083739453570875916288,1083739453570875916288,14510614118400000,1868954501421797,20752587082923245568,295147905179352825856,135107988821114880000,23183546269040640,CUDD,"Using BDD Package: CUDDFactory, Version: CUDD 3.0","import ""DwyerPatternsNewReduced.spectra""",,0,0,false,true,[],[],,null
1672673444,NOTHING,1672673444.spectra,0,REALIZABILITY,SYS_UNREAL,"TEMP: false, SORT_AFTERWARDS: false, GROUP_OPTION: NO_GROUPING, INCREMENTAL_ADDITION: NO_INCREMENTAL, USE_RABIN: false, GROUP_AUX: NO_GROUPING, STATIC_ORDER: NO_STATIC_ORDERING, ROY_SIFT_MARKER: false, MAKE_LAST: false, MEMORYLESS: false, REORDER_METHOD: SIFT, NEW_PATTERN: false, INCREMENTAL_JUSTICES: NO_INCREMENTAL, REDUCED_ALGORITHM: FALSE, PARALLEL: false, ORIGINAL: false, BUCHI_INTERSECTION: false, NEW_TRIGGER: false, PARTITIONED: SINGLE_FUNC, VERIFICATION: true, CREATE_GRAPH: false",5203,16,2375,-1,75281,82875,"[0, 1, 2, 3, 4, 5, 6, 7, 8, 9, 10, 11, 12, 13, 14, 15, 16, 17, 18, 19, 20, 21, 22, 23, 24, 25, 26, 27, 28, 29, 30, 31, 32, 33, 34, 35, 36, 37, 38, 39, 40, 41, 42, 43, 44, 45, 46, 47, 48, 49, 50, 51, 52, 53, 54, 55, 56, 57, 58, 59, 60, 61, 62, 63, 64, 65, 66, 67, 68, 69, 70, 71, 72, 73]","[0, 1, 2, 3, 4, 5, 6, 7, 8, 9, 10, 11, 12, 13, 14, 15, 16, 17, 18, 19, 20, 21, 22, 23, 24, 25, 26, 27, 28, 29, 30, 31, 32, 33, 34, 35, 36, 37, 38, 39, 40, 41, 42, 43, 44, 45, 46, 47, 48, 49, 50, 51, 52, 53, 54, 55, 56, 57, 58, 59, 60, 61, 62, 63, 64, 65, 66, 67, 68, 69, 70, 71, 72, 73]","[55, 54, 70, 56, 57, 72, 33, 71, 3, 34, 4, 35, 5, 32, 31, 1, 2, 30, 0, 46, 47, 44, 14, 43, 13, 16, 17, 45, 15, 42, 12, 73, 65, 63, 64, 62, 58, 59, 36, 6, 39, 9, 24, 27, 41, 11, 8, 7, 10, 37, 40, 38, 26, 25, 50, 48, 28, 29, 18, 21, 51, 23, 20, 22, 49, 53, 19, 52, 60, 61, 69, 68, 66, 67]","[54, 55, 70, 71, 3, 5, 4, 34, 35, 32, 33, 31, 1, 2, 0, 30, 47, 46, 17, 16, 44, 15, 45, 43, 13, 14, 12, 42, 63, 65, 64, 62, 58, 59, 38, 8, 36, 6, 7, 37, 11, 10, 41, 40, 9, 39, 48, 49, 50, 29, 27, 28, 24, 25, 26, 18, 73, 72, 56, 51, 52, 57, 53, 21, 22, 23, 19, 20, 60, 61, 68, 69, 67, 66]",296,296,36981,155936,NOT_IMPLEMENTED,NOT_IMPLEMENTED,NOT_IMPLEMENTED,NOT_IMPLEMENTED,NOT_IMPLEMENTED,NOT_IMPLEMENTED,NOT_IMPLEMENTED,25966.0,14,1854.7142857142856,-15909.071428571428,1,11,163,0,0,0,0,0,,,,,,,,,,,,74,,,NOT_IMPLEMENTED,,false,34,"r1BackToGound,r1BackToGound',robotY0,robotY0',$COUNTER:1.r1Count,$COUNTER:1.r1Count',$PAST_PREV_aux_3,$PAST_PREV_aux_3',$PATTERN:1.SYS_CONSTRAINT.1.S_responds_to_P_globally.state,$PATTERN:1.SYS_CONSTRAINT.1.S_responds_to_P_globally.state',robotY1,robotY1',$PAST_PREV_aux_2,$PAST_PREV_aux_2',robotX0,robotX0',$COUNTER:0.r0Count,$COUNTER:0.r0Count',$PATTERN:0.SYS_CONSTRAINT.0.S_responds_to_P_globally.state,$PATTERN:0.SYS_CONSTRAINT.0.S_responds_to_P_globally.state',r2BackToGound,r2BackToGound',robotX1,robotX1'","p1X,p1X',p0Y,p0Y',elvY,elvY',p0X,p0X',p1Y,p1Y'",8,,,,,,4,2,0,0,315811629629440000,8920361453493888,19221507324805352783872,4722366482869645213696,2161727821137838080000,92734185076162560,CUDD,"Using BDD Package: CUDDFactory, Version: CUDD 3.0","import ""DwyerPatternsNew.spectra""",S_responds_to_P_globally,2,0,false,true,[],[],,null
