Spec,RunConfig,UniqueIdentifier,TIMEOUT,ActionType,Result,CONFIG_TXT,INITIAL_BDD_TIME,HEURISTICS_TIME,SECOND_STEP_TIME,PARALLEL_OVERHEAD_TIME,WORK_TIME,TOTAL_TIME,PRE_ROYBDD_ORDER,POST_HEURISTICS_ORDER,POST_SECOND_STEP_ORDER,POST_WORK_ORDER,PRE_ROYBDD_NODE_SIZE,POST_HEURISTICS_NODE_SIZE,POST_SECOND_STEP_NODE_SIZE,POST_WORK_NODE_SIZE,AVERAGE_AUX_SIZE,AVERAGE_SYS_DOM_IN_CONSTRAINT,AVERAGE_ENV_DOM_IN_CONSTRAINT,AVERAGE_SYS_DOM_SIZE,AVERAGE_ENV_DOM_SIZE,AVERAGE_CONSTRAINT_COMPLEXITY,INTERCONNECTNESS_INDEX,TOTAL_REORDER_TIME,REORDER_CALL_AMOUNT,AVERAGE_REORDER_TIME,AVERAGE_REORDER_GAIN,Z_FIXPOINTS,Y_FIXPOINTS,X_FIXPOINTS,W_FIXPOINTS,REAL_CASES,UNREAL_CASES,REAL_TIME,UNREAL_TIME,GRAPH_DATA,CLUSTER_INC_DATA,CLUSTER_VAR_DATA,DOMAIN_GRAPH_DATA,CONSTRAINT_GRAPH_DATA,JUST_STRING_COUNT,JUST_STRING_ENV_COUNT,TRANS_STRING_SYS_COUNT,TRANS_STRING_ENV_COUNT,INI_STRING_ENV_COUNT,INI_STRING_SYS_COUNT,TOTAL_VARS,SYS_VARS,ENV_VARS,AUX_VARS,UNUSED_CONS_VARS,ARRAYS_INSTANCES,TOTAL_DOMS,SYS_DOMS,ENV_DOMS,AUX_DOMS,DOMS_NOT_QUANTIFIED,INI_SYS_CONSTRAINTS,INI_ENV_CONSTRAINTS,TRANS_ENV_CONSTRAINTS,TRANS_SYS_CONSTRAINTS,JUSTICE_SYS_AMOUNT,JUSTICE_ENV_AMOUNT,Z_SAT_COUNT,Z_SAT_COUNT_START_S0,TRANS_ENV_SAT,TRANS_SYS_SAT,JUSTS_SYS_SAT,JUSTS_ENV_SAT,INI_ENV_SAT,INI_SYS_SAT,FACTORY_TYPE,BDDPACKAGE,IMPORT,UNIQUE_PATTERNS,PATTERN_INSTANCES,TRIGGER_INSTANCES,MONITORS_INSTANCES,COUNTERS_INSTANCES,REDUCED_PATTERN,REDUCED_TRIGGER,SWAPPED_TO_ORIGINAL,ADDITIONAL
1669902814,NOTHING,1669902814.spectra,0,REALIZABILITY,SYS_REAL,"TEMP: false, SORT_AFTERWARDS: false, GROUP_OPTION: NO_GROUPING, INCREMENTAL_ADDITION: NO_INCREMENTAL, USE_RABIN: false, GROUP_AUX: NO_GROUPING, STATIC_ORDER: NO_STATIC_ORDERING, ROY_SIFT_MARKER: false, MAKE_LAST: false, MEMORYLESS: false, REORDER_METHOD: SIFT, NEW_PATTERN: false, INCREMENTAL_JUSTICES: NO_INCREMENTAL, REDUCED_ALGORITHM: FALSE, PARALLEL: false, ORIGINAL: false, BUCHI_INTERSECTION: false, NEW_TRIGGER: false, PARTITIONED: SINGLE_FUNC, VERIFICATION: true, CREATE_GRAPH: false",2782,17,437,-1,79874,83110,"[0, 1, 2, 3, 4, 5, 6, 7, 8, 9, 10, 11, 12, 13, 14, 15, 16, 17, 18, 19, 20, 21, 22, 23, 24, 25, 26, 27, 28, 29, 30, 31, 32, 33, 34, 35, 36, 37, 38, 39, 40, 41, 42, 43, 44, 45, 46, 47, 48, 49, 50, 51, 52, 53, 54, 55, 56, 57, 58, 59, 60, 61, 62, 63, 64, 65, 66, 67, 68, 69]","[0, 1, 2, 3, 4, 5, 6, 7, 8, 9, 10, 11, 12, 13, 14, 15, 16, 17, 18, 19, 20, 21, 22, 23, 24, 25, 26, 27, 28, 29, 30, 31, 32, 33, 34, 35, 36, 37, 38, 39, 40, 41, 42, 43, 44, 45, 46, 47, 48, 49, 50, 51, 52, 53, 54, 55, 56, 57, 58, 59, 60, 61, 62, 63, 64, 65, 66, 67, 68, 69]","[5, 2, 0, 3, 1, 4, 8, 11, 6, 9, 62, 61, 12, 15, 14, 17, 13, 16, 29, 26, 24, 27, 63, 60, 58, 59, 25, 28, 7, 10, 20, 23, 21, 18, 22, 19, 37, 69, 67, 68, 39, 30, 64, 31, 65, 41, 34, 32, 33, 35, 66, 57, 44, 56, 55, 54, 42, 45, 46, 43, 47, 36, 40, 38, 48, 49, 50, 53, 51, 52]","[40, 38, 36, 12, 14, 15, 17, 13, 63, 16, 26, 29, 24, 27, 20, 23, 19, 22, 21, 18, 28, 25, 32, 35, 31, 34, 33, 30, 2, 5, 1, 62, 4, 61, 60, 59, 3, 0, 10, 7, 9, 68, 67, 6, 66, 58, 39, 37, 41, 8, 11, 69, 65, 64, 46, 45, 43, 42, 56, 57, 54, 55, 47, 44, 50, 49, 48, 51, 52, 53]",314,314,12474,32441,NOT_IMPLEMENTED,NOT_IMPLEMENTED,NOT_IMPLEMENTED,NOT_IMPLEMENTED,NOT_IMPLEMENTED,NOT_IMPLEMENTED,NOT_IMPLEMENTED,33752.0,15,2250.133333333334,-11454.599999999999,3,86,1424,0,1,0,79827,0,,,,,,,,,,,,70,,,NOT_IMPLEMENTED,,false,30,"robotX,robotX',robotY,robotY'","$PATTERN:0.ENV_CONSTRAINT.0.S_responds_to_P_globally.state,$PATTERN:0.ENV_CONSTRAINT.0.S_responds_to_P_globally.state',targetCX,targetCX',targetBX,targetBX',targetCY,targetCY',isABlocked,isABlocked',MObstacleY,MObstacleY',isBBlocked,isBBlocked',targetAY,targetAY',isCBlocked,isCBlocked',MObstacleX,MObstacleX',$PATTERN:1.ENV_CONSTRAINT.1.S_responds_to_P_globally.state,$PATTERN:1.ENV_CONSTRAINT.1.S_responds_to_P_globally.state',targetAX,targetAX',targetBY,targetBY'",0,,,,,,4,5,1172969379503156494336,293029643801640042496,420753899520,36026737088224296960,40064022285087932416,2951479051793528258560,15041319067975680,17736239797279653888,CUDD,"Using BDD Package: CUDDFactory, Version: CUDD 3.0","import ""DwyerPatternsNew.spectra""",S_responds_to_P_globally,2,0,false,false,[],[],,null
1669902814,FINAL,1669902814.spectra,0,REALIZABILITY,SYS_REAL,"TEMP: false, SORT_AFTERWARDS: false, GROUP_OPTION: NO_GROUPING, INCREMENTAL_ADDITION: NO_INCREMENTAL, USE_RABIN: false, GROUP_AUX: GROUP_PAIR, STATIC_ORDER: REVERSE_CUTHILL, ROY_SIFT_MARKER: false, MAKE_LAST: false, MEMORYLESS: true, REORDER_METHOD: SIFT, NEW_PATTERN: true, INCREMENTAL_JUSTICES: INCREMENTAL_GRAPH, REDUCED_ALGORITHM: FALSE, PARALLEL: false, ORIGINAL: false, BUCHI_INTERSECTION: false, NEW_TRIGGER: true, PARTITIONED: SINGLE_FUNC, VERIFICATION: true, CREATE_GRAPH: false",3250,172,484,-1,85250,89156,"[0, 1, 2, 3, 4, 5, 6, 7, 8, 9, 10, 11, 12, 13, 14, 15, 16, 17, 18, 19, 20, 21, 22, 23, 24, 25, 26, 27, 28, 29, 30, 31, 32, 33, 34, 35, 36, 37, 38, 39, 40, 41, 42, 43, 44, 45, 46, 47, 48, 49, 50, 51, 52, 53, 54, 55, 56, 57, 58, 59, 60, 61, 62, 63, 64, 65, 66, 67, 68, 69]","[56, 57, 54, 55, 42, 43, 44, 48, 49, 50, 40, 38, 45, 46, 47, 51, 52, 53, 36, 64, 65, 66, 58, 59, 60, 41, 32, 30, 31, 24, 25, 26, 39, 18, 19, 20, 12, 13, 14, 67, 68, 69, 61, 62, 63, 37, 6, 7, 8, 0, 1, 2, 33, 34, 35, 27, 28, 29, 21, 22, 23, 16, 17, 15, 9, 10, 11, 3, 4, 5]","[57, 56, 55, 54, 44, 43, 46, 42, 45, 47, 67, 51, 53, 52, 49, 65, 50, 48, 40, 36, 66, 64, 68, 69, 32, 35, 33, 30, 34, 31, 23, 38, 20, 19, 22, 9, 6, 21, 18, 11, 8, 10, 63, 7, 14, 17, 62, 61, 12, 15, 13, 1, 0, 28, 41, 58, 59, 39, 37, 60, 16, 27, 2, 4, 3, 5, 29, 24, 26, 25]","[67, 51, 53, 40, 38, 36, 52, 44, 69, 68, 56, 57, 54, 55, 66, 65, 50, 49, 48, 64, 47, 43, 42, 45, 46, 11, 10, 9, 37, 63, 62, 61, 60, 59, 58, 5, 4, 3, 20, 23, 22, 19, 8, 7, 32, 21, 18, 31, 16, 13, 12, 39, 6, 33, 34, 15, 17, 28, 41, 27, 30, 14, 1, 0, 2, 25, 24, 26, 29, 35]",314,317,11577,167504,NOT_IMPLEMENTED,NOT_IMPLEMENTED,NOT_IMPLEMENTED,NOT_IMPLEMENTED,NOT_IMPLEMENTED,NOT_IMPLEMENTED,NOT_IMPLEMENTED,50879.0,22,2312.6818181818194,-37473.63636363637,3,86,1424,0,1,0,85219,0,,,,,,,,,,,,70,,,NOT_IMPLEMENTED,,false,30,"robotY,robotY',robotX,robotX'","MObstacleX,MObstacleX',targetBX,targetBX',isABlocked,isABlocked',targetAX,targetAX',$PATTERN:1.ENV_CONSTRAINT.1.S_responds_to_P_globally.state,$PATTERN:1.ENV_CONSTRAINT.1.S_responds_to_P_globally.state',targetBY,targetBY',isCBlocked,isCBlocked',isBBlocked,isBBlocked',targetAY,targetAY',targetCY,targetCY',$PATTERN:0.ENV_CONSTRAINT.0.S_responds_to_P_globally.state,$PATTERN:0.ENV_CONSTRAINT.0.S_responds_to_P_globally.state',targetCX,targetCX',MObstacleY,MObstacleY'",0,,,,,,4,5,1172969379503156494336,293029643801640042496,420753899520,36026737088224296960,40064022285087932416,2951479051793528258560,15041319067975680,17736239797279653888,CUDD,"Using BDD Package: CUDDFactory, Version: CUDD 3.0","import ""DwyerPatternsNewReduced.spectra""",S_responds_to_P_globally,2,0,false,false,[],[],,null
1669902814,NOTHING,1669902814.spectra,0,REALIZABILITY,SYS_REAL,"TEMP: false, SORT_AFTERWARDS: false, GROUP_OPTION: NO_GROUPING, INCREMENTAL_ADDITION: NO_INCREMENTAL, USE_RABIN: false, GROUP_AUX: NO_GROUPING, STATIC_ORDER: NO_STATIC_ORDERING, ROY_SIFT_MARKER: false, MAKE_LAST: false, MEMORYLESS: false, REORDER_METHOD: SIFT, NEW_PATTERN: false, INCREMENTAL_JUSTICES: NO_INCREMENTAL, REDUCED_ALGORITHM: FALSE, PARALLEL: false, ORIGINAL: false, BUCHI_INTERSECTION: false, NEW_TRIGGER: false, PARTITIONED: SINGLE_FUNC, VERIFICATION: true, CREATE_GRAPH: false",3438,15,422,-1,81165,85040,"[0, 1, 2, 3, 4, 5, 6, 7, 8, 9, 10, 11, 12, 13, 14, 15, 16, 17, 18, 19, 20, 21, 22, 23, 24, 25, 26, 27, 28, 29, 30, 31, 32, 33, 34, 35, 36, 37, 38, 39, 40, 41, 42, 43, 44, 45, 46, 47, 48, 49, 50, 51, 52, 53, 54, 55, 56, 57, 58, 59, 60, 61, 62, 63, 64, 65, 66, 67, 68, 69]","[0, 1, 2, 3, 4, 5, 6, 7, 8, 9, 10, 11, 12, 13, 14, 15, 16, 17, 18, 19, 20, 21, 22, 23, 24, 25, 26, 27, 28, 29, 30, 31, 32, 33, 34, 35, 36, 37, 38, 39, 40, 41, 42, 43, 44, 45, 46, 47, 48, 49, 50, 51, 52, 53, 54, 55, 56, 57, 58, 59, 60, 61, 62, 63, 64, 65, 66, 67, 68, 69]","[5, 2, 0, 3, 1, 4, 8, 11, 6, 9, 62, 61, 12, 15, 14, 17, 13, 16, 29, 26, 24, 27, 63, 60, 58, 59, 25, 28, 7, 10, 20, 23, 21, 18, 22, 19, 37, 69, 67, 68, 39, 30, 64, 31, 65, 41, 34, 32, 33, 35, 66, 57, 44, 56, 55, 54, 42, 45, 46, 43, 47, 36, 40, 38, 48, 49, 50, 53, 51, 52]","[40, 38, 36, 12, 14, 15, 17, 13, 63, 16, 26, 29, 24, 27, 20, 23, 19, 22, 21, 18, 28, 25, 32, 35, 31, 34, 33, 30, 2, 5, 1, 62, 4, 61, 60, 59, 3, 0, 10, 7, 9, 68, 67, 6, 66, 58, 39, 37, 41, 8, 11, 69, 65, 64, 46, 45, 43, 42, 56, 57, 54, 55, 47, 44, 50, 49, 48, 51, 52, 53]",314,314,12474,32441,NOT_IMPLEMENTED,NOT_IMPLEMENTED,NOT_IMPLEMENTED,NOT_IMPLEMENTED,NOT_IMPLEMENTED,NOT_IMPLEMENTED,NOT_IMPLEMENTED,34929.0,15,2328.6000000000004,-11454.599999999999,3,86,1424,0,1,0,81116,0,,,,,,,,,,,,70,,,NOT_IMPLEMENTED,,false,30,"robotX,robotX',robotY,robotY'","$PATTERN:0.ENV_CONSTRAINT.0.S_responds_to_P_globally.state,$PATTERN:0.ENV_CONSTRAINT.0.S_responds_to_P_globally.state',targetCX,targetCX',targetBX,targetBX',targetCY,targetCY',isABlocked,isABlocked',MObstacleY,MObstacleY',isBBlocked,isBBlocked',targetAY,targetAY',isCBlocked,isCBlocked',MObstacleX,MObstacleX',$PATTERN:1.ENV_CONSTRAINT.1.S_responds_to_P_globally.state,$PATTERN:1.ENV_CONSTRAINT.1.S_responds_to_P_globally.state',targetAX,targetAX',targetBY,targetBY'",0,,,,,,4,5,1172969379503156494336,293029643801640042496,420753899520,36026737088224296960,40064022285087932416,2951479051793528258560,15041319067975680,17736239797279653888,CUDD,"Using BDD Package: CUDDFactory, Version: CUDD 3.0","import ""DwyerPatternsNew.spectra""",S_responds_to_P_globally,2,0,false,false,[],[],,null
1669902814,FINAL,1669902814.spectra,0,REALIZABILITY,SYS_REAL,"TEMP: false, SORT_AFTERWARDS: false, GROUP_OPTION: NO_GROUPING, INCREMENTAL_ADDITION: NO_INCREMENTAL, USE_RABIN: false, GROUP_AUX: GROUP_PAIR, STATIC_ORDER: REVERSE_CUTHILL, ROY_SIFT_MARKER: false, MAKE_LAST: false, MEMORYLESS: true, REORDER_METHOD: SIFT, NEW_PATTERN: true, INCREMENTAL_JUSTICES: INCREMENTAL_GRAPH, REDUCED_ALGORITHM: FALSE, PARALLEL: false, ORIGINAL: false, BUCHI_INTERSECTION: false, NEW_TRIGGER: true, PARTITIONED: SINGLE_FUNC, VERIFICATION: true, CREATE_GRAPH: false",3920,169,507,-1,86058,90654,"[0, 1, 2, 3, 4, 5, 6, 7, 8, 9, 10, 11, 12, 13, 14, 15, 16, 17, 18, 19, 20, 21, 22, 23, 24, 25, 26, 27, 28, 29, 30, 31, 32, 33, 34, 35, 36, 37, 38, 39, 40, 41, 42, 43, 44, 45, 46, 47, 48, 49, 50, 51, 52, 53, 54, 55, 56, 57, 58, 59, 60, 61, 62, 63, 64, 65, 66, 67, 68, 69]","[56, 57, 54, 55, 42, 43, 44, 48, 49, 50, 40, 38, 45, 46, 47, 51, 52, 53, 36, 64, 65, 66, 58, 59, 60, 41, 32, 30, 31, 24, 25, 26, 39, 18, 19, 20, 12, 13, 14, 67, 68, 69, 61, 62, 63, 37, 6, 7, 8, 0, 1, 2, 33, 34, 35, 27, 28, 29, 21, 22, 23, 16, 17, 15, 9, 10, 11, 3, 4, 5]","[57, 56, 55, 54, 44, 43, 46, 42, 45, 47, 67, 51, 53, 52, 49, 65, 50, 48, 40, 36, 66, 64, 68, 69, 32, 35, 33, 30, 34, 31, 23, 38, 20, 19, 22, 9, 6, 21, 18, 11, 8, 10, 63, 7, 14, 17, 62, 61, 12, 15, 13, 1, 0, 28, 41, 58, 59, 39, 37, 60, 16, 27, 2, 4, 3, 5, 29, 24, 26, 25]","[67, 51, 53, 40, 38, 36, 52, 44, 69, 68, 56, 57, 54, 55, 66, 65, 50, 49, 48, 64, 47, 43, 42, 45, 46, 11, 10, 9, 37, 63, 62, 61, 60, 59, 58, 5, 4, 3, 20, 23, 22, 19, 8, 7, 32, 21, 18, 31, 16, 13, 12, 39, 6, 33, 34, 15, 17, 28, 41, 27, 30, 14, 1, 0, 2, 25, 24, 26, 29, 35]",314,317,11577,167504,NOT_IMPLEMENTED,NOT_IMPLEMENTED,NOT_IMPLEMENTED,NOT_IMPLEMENTED,NOT_IMPLEMENTED,NOT_IMPLEMENTED,NOT_IMPLEMENTED,50919.0,22,2314.5,-37473.63636363637,3,86,1424,0,1,0,86042,0,,,,,,,,,,,,70,,,NOT_IMPLEMENTED,,false,30,"robotY,robotY',robotX,robotX'","MObstacleX,MObstacleX',targetBX,targetBX',isABlocked,isABlocked',targetAX,targetAX',$PATTERN:1.ENV_CONSTRAINT.1.S_responds_to_P_globally.state,$PATTERN:1.ENV_CONSTRAINT.1.S_responds_to_P_globally.state',targetBY,targetBY',isCBlocked,isCBlocked',isBBlocked,isBBlocked',targetAY,targetAY',targetCY,targetCY',$PATTERN:0.ENV_CONSTRAINT.0.S_responds_to_P_globally.state,$PATTERN:0.ENV_CONSTRAINT.0.S_responds_to_P_globally.state',targetCX,targetCX',MObstacleY,MObstacleY'",0,,,,,,4,5,1172969379503156494336,293029643801640042496,420753899520,36026737088224296960,40064022285087932416,2951479051793528258560,15041319067975680,17736239797279653888,CUDD,"Using BDD Package: CUDDFactory, Version: CUDD 3.0","import ""DwyerPatternsNewReduced.spectra""",S_responds_to_P_globally,2,0,false,false,[],[],,null
1669902814,NOTHING,1669902814.spectra,0,REALIZABILITY,SYS_REAL,"TEMP: false, SORT_AFTERWARDS: false, GROUP_OPTION: NO_GROUPING, INCREMENTAL_ADDITION: NO_INCREMENTAL, USE_RABIN: false, GROUP_AUX: NO_GROUPING, STATIC_ORDER: NO_STATIC_ORDERING, ROY_SIFT_MARKER: false, MAKE_LAST: false, MEMORYLESS: false, REORDER_METHOD: SIFT, NEW_PATTERN: false, INCREMENTAL_JUSTICES: NO_INCREMENTAL, REDUCED_ALGORITHM: FALSE, PARALLEL: false, ORIGINAL: false, BUCHI_INTERSECTION: false, NEW_TRIGGER: false, PARTITIONED: SINGLE_FUNC, VERIFICATION: true, CREATE_GRAPH: false",3281,32,531,-1,73219,77063,"[0, 1, 2, 3, 4, 5, 6, 7, 8, 9, 10, 11, 12, 13, 14, 15, 16, 17, 18, 19, 20, 21, 22, 23, 24, 25, 26, 27, 28, 29, 30, 31, 32, 33, 34, 35, 36, 37, 38, 39, 40, 41, 42, 43, 44, 45, 46, 47, 48, 49, 50, 51, 52, 53, 54, 55, 56, 57, 58, 59, 60, 61, 62, 63, 64, 65, 66, 67, 68, 69]","[0, 1, 2, 3, 4, 5, 6, 7, 8, 9, 10, 11, 12, 13, 14, 15, 16, 17, 18, 19, 20, 21, 22, 23, 24, 25, 26, 27, 28, 29, 30, 31, 32, 33, 34, 35, 36, 37, 38, 39, 40, 41, 42, 43, 44, 45, 46, 47, 48, 49, 50, 51, 52, 53, 54, 55, 56, 57, 58, 59, 60, 61, 62, 63, 64, 65, 66, 67, 68, 69]","[38, 40, 36, 2, 5, 0, 3, 1, 4, 6, 9, 17, 14, 12, 15, 62, 61, 13, 16, 28, 25, 27, 24, 63, 69, 58, 59, 60, 29, 26, 10, 7, 8, 11, 20, 23, 22, 19, 21, 18, 37, 67, 68, 39, 31, 65, 30, 64, 41, 34, 32, 33, 35, 66, 57, 44, 56, 55, 54, 42, 45, 46, 43, 47, 49, 50, 48, 53, 52, 51]","[40, 38, 36, 2, 5, 63, 4, 1, 14, 17, 13, 16, 62, 60, 61, 59, 29, 26, 25, 28, 58, 0, 3, 15, 8, 20, 12, 24, 27, 23, 11, 7, 10, 9, 22, 19, 21, 6, 39, 31, 30, 18, 37, 34, 33, 67, 68, 35, 41, 69, 32, 66, 65, 64, 46, 45, 57, 56, 55, 54, 42, 43, 47, 44, 50, 49, 48, 53, 52, 51]",314,314,12242,28958,NOT_IMPLEMENTED,NOT_IMPLEMENTED,NOT_IMPLEMENTED,NOT_IMPLEMENTED,NOT_IMPLEMENTED,NOT_IMPLEMENTED,NOT_IMPLEMENTED,28793.0,15,1919.5333333333335,-8679.799999999997,3,86,1424,0,1,0,73110,0,,,,,,,,,,,,70,,,NOT_IMPLEMENTED,,false,30,"robotX,robotX',robotY,robotY'","$PATTERN:0.ENV_CONSTRAINT.0.S_responds_to_P_globally.state,$PATTERN:0.ENV_CONSTRAINT.0.S_responds_to_P_globally.state',targetCX,targetCX',targetBX,targetBX',targetCY,targetCY',isABlocked,isABlocked',MObstacleY,MObstacleY',isBBlocked,isBBlocked',targetAY,targetAY',isCBlocked,isCBlocked',MObstacleX,MObstacleX',$PATTERN:1.ENV_CONSTRAINT.1.S_responds_to_P_globally.state,$PATTERN:1.ENV_CONSTRAINT.1.S_responds_to_P_globally.state',targetAX,targetAX',targetBY,targetBY'",0,,,,,,4,5,1172969379503156494336,293029643801640042496,420753899520,36026737088224296960,40064022285087932416,2951479051793528258560,15041319067975680,17736239797279653888,CUDD,"Using BDD Package: CUDDFactory, Version: CUDD 3.0","import ""DwyerPatternsNew.spectra""",S_responds_to_P_globally,2,0,false,false,[],[],,null
1669902814,FINAL,1669902814.spectra,0,REALIZABILITY,SYS_REAL,"TEMP: false, SORT_AFTERWARDS: false, GROUP_OPTION: NO_GROUPING, INCREMENTAL_ADDITION: NO_INCREMENTAL, USE_RABIN: false, GROUP_AUX: GROUP_PAIR, STATIC_ORDER: REVERSE_CUTHILL, ROY_SIFT_MARKER: false, MAKE_LAST: false, MEMORYLESS: true, REORDER_METHOD: SIFT, NEW_PATTERN: true, INCREMENTAL_JUSTICES: INCREMENTAL_GRAPH, REDUCED_ALGORITHM: FALSE, PARALLEL: false, ORIGINAL: false, BUCHI_INTERSECTION: false, NEW_TRIGGER: true, PARTITIONED: SINGLE_FUNC, VERIFICATION: true, CREATE_GRAPH: false",3234,157,376,-1,66515,70282,"[0, 1, 2, 3, 4, 5, 6, 7, 8, 9, 10, 11, 12, 13, 14, 15, 16, 17, 18, 19, 20, 21, 22, 23, 24, 25, 26, 27, 28, 29, 30, 31, 32, 33, 34, 35, 36, 37, 38, 39, 40, 41, 42, 43, 44, 45, 46, 47, 48, 49, 50, 51, 52, 53, 54, 55, 56, 57, 58, 59, 60, 61, 62, 63, 64, 65, 66, 67, 68, 69]","[56, 57, 54, 55, 42, 43, 44, 48, 49, 50, 40, 38, 45, 46, 47, 51, 52, 53, 36, 64, 65, 66, 58, 59, 60, 41, 32, 30, 31, 24, 25, 26, 39, 18, 19, 20, 12, 13, 14, 67, 68, 69, 61, 62, 63, 37, 6, 7, 8, 0, 1, 2, 33, 34, 35, 27, 28, 29, 21, 22, 23, 16, 17, 15, 9, 10, 11, 3, 4, 5]","[57, 56, 55, 54, 44, 43, 46, 42, 45, 47, 67, 51, 53, 52, 49, 65, 50, 48, 40, 36, 66, 64, 68, 69, 32, 35, 33, 30, 34, 31, 23, 38, 20, 19, 22, 9, 6, 21, 18, 11, 8, 10, 63, 7, 14, 17, 62, 61, 12, 15, 13, 1, 0, 28, 41, 58, 59, 39, 37, 60, 16, 27, 2, 4, 3, 5, 29, 24, 26, 25]","[69, 53, 51, 67, 40, 52, 68, 38, 36, 44, 47, 56, 57, 54, 55, 66, 65, 50, 49, 48, 64, 46, 45, 63, 62, 42, 43, 35, 60, 34, 61, 20, 23, 19, 8, 11, 7, 59, 58, 31, 33, 41, 29, 22, 10, 9, 6, 18, 39, 1, 37, 0, 25, 13, 12, 27, 2, 30, 32, 28, 21, 24, 26, 14, 16, 15, 17, 4, 5, 3]",314,317,11577,166340,NOT_IMPLEMENTED,NOT_IMPLEMENTED,NOT_IMPLEMENTED,NOT_IMPLEMENTED,NOT_IMPLEMENTED,NOT_IMPLEMENTED,NOT_IMPLEMENTED,21782.0,19,1146.4210526315792,-15074.684210526313,3,86,1424,0,1,0,66485,0,,,,,,,,,,,,70,,,NOT_IMPLEMENTED,,false,30,"robotX,robotX',robotY,robotY'","targetAY,targetAY',targetCY,targetCY',$PATTERN:0.ENV_CONSTRAINT.0.S_responds_to_P_globally.state,$PATTERN:0.ENV_CONSTRAINT.0.S_responds_to_P_globally.state',targetCX,targetCX',MObstacleY,MObstacleY',isCBlocked,isCBlocked',targetBY,targetBY',targetAX,targetAX',MObstacleX,MObstacleX',targetBX,targetBX',$PATTERN:1.ENV_CONSTRAINT.1.S_responds_to_P_globally.state,$PATTERN:1.ENV_CONSTRAINT.1.S_responds_to_P_globally.state',isBBlocked,isBBlocked',isABlocked,isABlocked'",0,,,,,,4,5,1172969379503156494336,293029643801640042496,420753899520,36026737088224296960,40064022285087932416,2951479051793528258560,15041319067975680,17736239797279653888,CUDD,"Using BDD Package: CUDDFactory, Version: CUDD 3.0","import ""DwyerPatternsNewReduced.spectra""",S_responds_to_P_globally,2,0,false,false,[],[],,null
1669645171,NOTHING,1669645171.spectra,0,REALIZABILITY,SYS_UNREAL,"TEMP: false, SORT_AFTERWARDS: false, GROUP_OPTION: NO_GROUPING, INCREMENTAL_ADDITION: NO_INCREMENTAL, USE_RABIN: false, GROUP_AUX: NO_GROUPING, STATIC_ORDER: NO_STATIC_ORDERING, ROY_SIFT_MARKER: false, MAKE_LAST: false, MEMORYLESS: false, REORDER_METHOD: SIFT, NEW_PATTERN: false, INCREMENTAL_JUSTICES: NO_INCREMENTAL, REDUCED_ALGORITHM: FALSE, PARALLEL: false, ORIGINAL: false, BUCHI_INTERSECTION: false, NEW_TRIGGER: false, PARTITIONED: SINGLE_FUNC, VERIFICATION: true, CREATE_GRAPH: false",3219,15,516,-1,106626,110376,"[0, 1, 2, 3, 4, 5, 6, 7, 8, 9, 10, 11, 12, 13, 14, 15, 16, 17, 18, 19, 20, 21, 22, 23, 24, 25, 26, 27, 28, 29, 30, 31, 32, 33, 34, 35, 36, 37, 38, 39, 40, 41, 42, 43, 44, 45, 46, 47, 48, 49, 50, 51, 52, 53, 54, 55, 56, 57, 58, 59, 60, 61, 62, 63, 64, 65, 66, 67, 68, 69, 70, 71, 72, 73, 74, 75]","[0, 1, 2, 3, 4, 5, 6, 7, 8, 9, 10, 11, 12, 13, 14, 15, 16, 17, 18, 19, 20, 21, 22, 23, 24, 25, 26, 27, 28, 29, 30, 31, 32, 33, 34, 35, 36, 37, 38, 39, 40, 41, 42, 43, 44, 45, 46, 47, 48, 49, 50, 51, 52, 53, 54, 55, 56, 57, 58, 59, 60, 61, 62, 63, 64, 65, 66, 67, 68, 69, 70, 71, 72, 73, 74, 75]","[36, 2, 63, 5, 61, 3, 62, 0, 40, 1, 4, 15, 38, 12, 17, 14, 16, 13, 27, 24, 28, 25, 59, 58, 26, 60, 29, 69, 67, 11, 8, 7, 10, 9, 6, 18, 68, 64, 30, 21, 19, 65, 22, 37, 41, 39, 66, 23, 20, 32, 31, 33, 34, 35, 57, 55, 70, 71, 72, 73, 75, 74, 56, 54, 44, 43, 42, 46, 45, 47, 50, 49, 48, 52, 51, 53]","[63, 62, 12, 61, 15, 17, 14, 13, 16, 19, 22, 18, 26, 29, 28, 25, 24, 21, 23, 27, 31, 30, 40, 38, 20, 32, 2, 5, 1, 4, 0, 3, 6, 7, 36, 8, 59, 58, 60, 66, 65, 10, 9, 11, 37, 33, 41, 35, 34, 68, 64, 67, 69, 39, 57, 55, 46, 45, 51, 52, 56, 54, 42, 43, 44, 47, 53, 50, 48, 49, 70, 71, 72, 73, 75, 74]",608,608,9197,276900,NOT_IMPLEMENTED,NOT_IMPLEMENTED,NOT_IMPLEMENTED,NOT_IMPLEMENTED,NOT_IMPLEMENTED,NOT_IMPLEMENTED,NOT_IMPLEMENTED,40207.0,17,2365.1176470588225,-21005.05882352942,2,61,2240,0,0,0,0,0,,,,,,,,,,,,76,,,NOT_IMPLEMENTED,,false,32,"$TRIGGER:0.VAR,robotY,robotY',$TRIGGER:0.VAR',robotX,robotX'","$PATTERN:1.ENV_CONSTRAINT.1.S_responds_to_P_globally.state,$PATTERN:1.ENV_CONSTRAINT.1.S_responds_to_P_globally.state',MObstacleX,MObstacleX',isCBlocked,isCBlocked',targetBY,targetBY',targetCY,targetCY',isABlocked,isABlocked',isBBlocked,isBBlocked',targetBX,targetBX',targetAY,targetAY',MObstacleY,MObstacleY',targetAX,targetAX',targetCX,targetCX',$PATTERN:0.ENV_CONSTRAINT.0.S_responds_to_P_globally.state,$PATTERN:0.ENV_CONSTRAINT.0.S_responds_to_P_globally.state'",0,,,,,,6,10,0,0,24766709760000,180133685441121484800,13189422012702329405440,312266483679755289755648,818247757297876992,141889918378237231104,CUDD,"Using BDD Package: CUDDFactory, Version: CUDD 3.0","import ""DwyerPatternsNew.spectra""",S_responds_to_P_globally,2,1,false,false,[],[],,null
1669645171,FINAL,1669645171.spectra,0,REALIZABILITY,SYS_UNREAL,"TEMP: false, SORT_AFTERWARDS: false, GROUP_OPTION: NO_GROUPING, INCREMENTAL_ADDITION: NO_INCREMENTAL, USE_RABIN: false, GROUP_AUX: GROUP_PAIR, STATIC_ORDER: REVERSE_CUTHILL, ROY_SIFT_MARKER: false, MAKE_LAST: false, MEMORYLESS: true, REORDER_METHOD: SIFT, NEW_PATTERN: true, INCREMENTAL_JUSTICES: INCREMENTAL_GRAPH, REDUCED_ALGORITHM: FALSE, PARALLEL: false, ORIGINAL: false, BUCHI_INTERSECTION: false, NEW_TRIGGER: true, PARTITIONED: SINGLE_FUNC, VERIFICATION: true, CREATE_GRAPH: false",3375,203,234,-1,33188,37000,"[0, 1, 2, 3, 4, 5, 6, 7, 8, 9, 10, 11, 12, 13, 14, 15, 16, 17, 18, 19, 20, 21, 22, 23, 24, 25, 26, 27, 28, 29, 30, 31, 32, 33, 34, 35, 36, 37, 38, 39, 40, 41, 42, 43, 44, 45, 46, 47, 48, 49, 50, 51, 52, 53, 54, 55, 56, 57, 58, 59, 60, 61, 62, 63, 64, 65, 66, 67, 68, 69, 70, 71, 72, 73]","[54, 55, 56, 57, 42, 43, 44, 70, 71, 72, 73, 40, 36, 51, 52, 53, 45, 46, 47, 48, 49, 50, 38, 64, 65, 66, 58, 59, 60, 41, 32, 30, 31, 24, 25, 26, 37, 6, 7, 8, 0, 1, 2, 67, 68, 69, 61, 62, 63, 39, 18, 19, 20, 12, 13, 14, 33, 34, 35, 27, 28, 29, 9, 10, 11, 3, 4, 5, 21, 22, 23, 16, 17, 15]","[72, 73, 71, 70, 55, 54, 57, 56, 44, 43, 42, 51, 52, 53, 46, 68, 67, 69, 62, 61, 45, 47, 40, 38, 36, 50, 48, 49, 11, 8, 6, 9, 7, 10, 33, 30, 32, 35, 31, 34, 18, 21, 23, 20, 63, 66, 64, 65, 22, 19, 5, 2, 4, 1, 3, 0, 41, 39, 60, 58, 59, 37, 24, 12, 13, 25, 26, 27, 28, 29, 14, 15, 16, 17]","[40, 38, 36, 50, 48, 49, 44, 43, 42, 72, 73, 70, 71, 47, 45, 46, 56, 57, 69, 54, 55, 53, 52, 51, 68, 67, 63, 62, 61, 34, 35, 8, 11, 10, 7, 6, 9, 32, 31, 23, 20, 19, 30, 22, 33, 21, 18, 66, 65, 64, 60, 59, 58, 26, 29, 41, 27, 24, 25, 28, 39, 37, 17, 0, 16, 15, 12, 13, 14, 1, 2, 4, 5, 3]",522,596,9556,174809,NOT_IMPLEMENTED,NOT_IMPLEMENTED,NOT_IMPLEMENTED,NOT_IMPLEMENTED,NOT_IMPLEMENTED,NOT_IMPLEMENTED,NOT_IMPLEMENTED,14189.0,14,1013.5,-10256.714285714283,1,29,1322,0,0,0,0,0,,,,,,,,,,,,74,,,NOT_IMPLEMENTED,,false,32,"robotX,robotX',robotY,robotY',$TRIGGER:0.VAR',$TRIGGER:0.VAR","MObstacleX,MObstacleX',$PATTERN:1.ENV_CONSTRAINT.1.S_responds_to_P_globally.state,$PATTERN:1.ENV_CONSTRAINT.1.S_responds_to_P_globally.state',targetAY,targetAY',targetBY,targetBY',targetAX,targetAX',isCBlocked,isCBlocked',$PATTERN:0.ENV_CONSTRAINT.0.S_responds_to_P_globally.state,$PATTERN:0.ENV_CONSTRAINT.0.S_responds_to_P_globally.state',isBBlocked,isBBlocked',isABlocked,isABlocked',targetCX,targetCX',MObstacleY,MObstacleY',targetCY,targetCY',targetBX,targetBX'",0,,,,,,6,10,0,0,6191677440000,39352282050214232064,5658538744610404958208,78066620919938822438912,204561939324469248,70944959189118615552,CUDD,"Using BDD Package: CUDDFactory, Version: CUDD 3.0","import ""DwyerPatternsNewReduced.spectra""",S_responds_to_P_globally,2,1,false,false,[],[REMOVED_HOLE],,null
1669645171,NOTHING,1669645171.spectra,0,REALIZABILITY,SYS_UNREAL,"TEMP: false, SORT_AFTERWARDS: false, GROUP_OPTION: NO_GROUPING, INCREMENTAL_ADDITION: NO_INCREMENTAL, USE_RABIN: false, GROUP_AUX: NO_GROUPING, STATIC_ORDER: NO_STATIC_ORDERING, ROY_SIFT_MARKER: false, MAKE_LAST: false, MEMORYLESS: false, REORDER_METHOD: SIFT, NEW_PATTERN: false, INCREMENTAL_JUSTICES: NO_INCREMENTAL, REDUCED_ALGORITHM: FALSE, PARALLEL: false, ORIGINAL: false, BUCHI_INTERSECTION: false, NEW_TRIGGER: false, PARTITIONED: SINGLE_FUNC, VERIFICATION: true, CREATE_GRAPH: false",3469,16,421,-1,210968,214890,"[0, 1, 2, 3, 4, 5, 6, 7, 8, 9, 10, 11, 12, 13, 14, 15, 16, 17, 18, 19, 20, 21, 22, 23, 24, 25, 26, 27, 28, 29, 30, 31, 32, 33, 34, 35, 36, 37, 38, 39, 40, 41, 42, 43, 44, 45, 46, 47, 48, 49, 50, 51, 52, 53, 54, 55, 56, 57, 58, 59, 60, 61, 62, 63, 64, 65, 66, 67, 68, 69, 70, 71, 72, 73, 74, 75]","[0, 1, 2, 3, 4, 5, 6, 7, 8, 9, 10, 11, 12, 13, 14, 15, 16, 17, 18, 19, 20, 21, 22, 23, 24, 25, 26, 27, 28, 29, 30, 31, 32, 33, 34, 35, 36, 37, 38, 39, 40, 41, 42, 43, 44, 45, 46, 47, 48, 49, 50, 51, 52, 53, 54, 55, 56, 57, 58, 59, 60, 61, 62, 63, 64, 65, 66, 67, 68, 69, 70, 71, 72, 73, 74, 75]","[36, 2, 63, 5, 62, 4, 61, 1, 38, 0, 3, 40, 12, 15, 17, 14, 16, 13, 27, 24, 25, 28, 59, 58, 26, 60, 29, 11, 8, 7, 10, 68, 9, 6, 18, 67, 21, 22, 70, 71, 72, 73, 74, 75, 65, 31, 64, 66, 37, 39, 41, 23, 69, 19, 20, 32, 30, 33, 34, 35, 57, 55, 56, 54, 44, 43, 42, 46, 45, 47, 50, 49, 48, 52, 51, 53]","[63, 5, 4, 62, 72, 70, 71, 60, 61, 58, 2, 59, 1, 26, 29, 25, 28, 14, 17, 13, 0, 16, 3, 24, 27, 15, 12, 68, 10, 7, 9, 6, 8, 11, 34, 22, 21, 33, 37, 67, 39, 23, 69, 73, 74, 75, 66, 65, 64, 18, 41, 30, 20, 19, 35, 32, 31, 46, 45, 47, 57, 40, 36, 38, 56, 55, 54, 42, 43, 44, 50, 49, 48, 53, 52, 51]",609,609,10969,907495,NOT_IMPLEMENTED,NOT_IMPLEMENTED,NOT_IMPLEMENTED,NOT_IMPLEMENTED,NOT_IMPLEMENTED,NOT_IMPLEMENTED,NOT_IMPLEMENTED,135917.0,17,7995.1176470588225,-5176.117647058823,2,61,2240,0,0,0,0,0,,,,,,,,,,,,76,,,NOT_IMPLEMENTED,,false,32,"robotY,robotY',$TRIGGER:0.VAR,robotX,robotX',$TRIGGER:0.VAR'","$PATTERN:0.ENV_CONSTRAINT.0.S_responds_to_P_globally.state,$PATTERN:0.ENV_CONSTRAINT.0.S_responds_to_P_globally.state',targetCX,targetCX',targetAY,targetAY',MObstacleY,MObstacleY',targetCY,targetCY',targetBX,targetBX',isABlocked,isABlocked',MObstacleX,MObstacleX',$PATTERN:1.ENV_CONSTRAINT.1.S_responds_to_P_globally.state,$PATTERN:1.ENV_CONSTRAINT.1.S_responds_to_P_globally.state',targetBY,targetBY',targetAX,targetAX',isCBlocked,isCBlocked',isBBlocked,isBBlocked'",0,,,,,,6,10,0,0,24766709760000,180133685441121484800,13189422012702329405440,312266483679755289755648,818247757297876992,141889918378237231104,CUDD,"Using BDD Package: CUDDFactory, Version: CUDD 3.0","import ""DwyerPatternsNew.spectra""",S_responds_to_P_globally,2,1,false,false,[],[],,null
1669645171,FINAL,1669645171.spectra,0,REALIZABILITY,SYS_UNREAL,"TEMP: false, SORT_AFTERWARDS: false, GROUP_OPTION: NO_GROUPING, INCREMENTAL_ADDITION: NO_INCREMENTAL, USE_RABIN: false, GROUP_AUX: GROUP_PAIR, STATIC_ORDER: REVERSE_CUTHILL, ROY_SIFT_MARKER: false, MAKE_LAST: false, MEMORYLESS: true, REORDER_METHOD: SIFT, NEW_PATTERN: true, INCREMENTAL_JUSTICES: INCREMENTAL_GRAPH, REDUCED_ALGORITHM: FALSE, PARALLEL: false, ORIGINAL: false, BUCHI_INTERSECTION: false, NEW_TRIGGER: true, PARTITIONED: SINGLE_FUNC, VERIFICATION: true, CREATE_GRAPH: false",3281,203,313,-1,31734,35531,"[0, 1, 2, 3, 4, 5, 6, 7, 8, 9, 10, 11, 12, 13, 14, 15, 16, 17, 18, 19, 20, 21, 22, 23, 24, 25, 26, 27, 28, 29, 30, 31, 32, 33, 34, 35, 36, 37, 38, 39, 40, 41, 42, 43, 44, 45, 46, 47, 48, 49, 50, 51, 52, 53, 54, 55, 56, 57, 58, 59, 60, 61, 62, 63, 64, 65, 66, 67, 68, 69, 70, 71, 72, 73]","[54, 55, 56, 57, 42, 43, 44, 70, 71, 72, 73, 40, 36, 51, 52, 53, 45, 46, 47, 48, 49, 50, 38, 64, 65, 66, 58, 59, 60, 41, 32, 30, 31, 24, 25, 26, 37, 6, 7, 8, 0, 1, 2, 67, 68, 69, 61, 62, 63, 39, 18, 19, 20, 12, 13, 14, 33, 34, 35, 27, 28, 29, 9, 10, 11, 3, 4, 5, 21, 22, 23, 16, 17, 15]","[72, 73, 71, 70, 57, 56, 55, 54, 44, 43, 42, 51, 52, 53, 46, 68, 67, 69, 62, 61, 45, 47, 40, 38, 36, 50, 48, 49, 11, 8, 6, 9, 7, 10, 33, 30, 32, 35, 31, 34, 18, 21, 23, 20, 63, 66, 64, 65, 22, 19, 5, 2, 0, 3, 4, 1, 41, 39, 60, 58, 59, 37, 24, 12, 13, 25, 26, 27, 28, 29, 14, 15, 16, 17]","[40, 38, 36, 50, 48, 49, 44, 47, 46, 45, 43, 42, 72, 73, 70, 71, 63, 69, 56, 57, 68, 54, 55, 53, 52, 51, 8, 6, 7, 32, 31, 30, 22, 19, 23, 20, 21, 67, 10, 18, 66, 60, 65, 64, 39, 61, 62, 59, 58, 34, 35, 33, 9, 11, 26, 41, 37, 25, 24, 1, 13, 12, 0, 28, 27, 29, 2, 14, 15, 16, 17, 5, 3, 4]",521,590,9548,180649,NOT_IMPLEMENTED,NOT_IMPLEMENTED,NOT_IMPLEMENTED,NOT_IMPLEMENTED,NOT_IMPLEMENTED,NOT_IMPLEMENTED,NOT_IMPLEMENTED,13121.0,14,937.2142857142859,-11830.5,1,29,1322,0,0,0,0,0,,,,,,,,,,,,74,,,NOT_IMPLEMENTED,,false,32,"robotX,robotX',robotY,robotY',$TRIGGER:0.VAR',$TRIGGER:0.VAR","MObstacleX,MObstacleX',$PATTERN:1.ENV_CONSTRAINT.1.S_responds_to_P_globally.state,$PATTERN:1.ENV_CONSTRAINT.1.S_responds_to_P_globally.state',targetAY,targetAY',targetBY,targetBY',targetAX,targetAX',isCBlocked,isCBlocked',$PATTERN:0.ENV_CONSTRAINT.0.S_responds_to_P_globally.state,$PATTERN:0.ENV_CONSTRAINT.0.S_responds_to_P_globally.state',isBBlocked,isBBlocked',isABlocked,isABlocked',targetCX,targetCX',MObstacleY,MObstacleY',targetCY,targetCY',targetBX,targetBX'",0,,,,,,6,10,0,0,6191677440000,39352282050214232064,5658538744610404958208,78066620919938822438912,204561939324469248,70944959189118615552,CUDD,"Using BDD Package: CUDDFactory, Version: CUDD 3.0","import ""DwyerPatternsNewReduced.spectra""",S_responds_to_P_globally,2,1,false,false,[],[REMOVED_HOLE],,null
1669645171,NOTHING,1669645171.spectra,0,REALIZABILITY,SYS_UNREAL,"TEMP: false, SORT_AFTERWARDS: false, GROUP_OPTION: NO_GROUPING, INCREMENTAL_ADDITION: NO_INCREMENTAL, USE_RABIN: false, GROUP_AUX: NO_GROUPING, STATIC_ORDER: NO_STATIC_ORDERING, ROY_SIFT_MARKER: false, MAKE_LAST: false, MEMORYLESS: false, REORDER_METHOD: SIFT, NEW_PATTERN: false, INCREMENTAL_JUSTICES: NO_INCREMENTAL, REDUCED_ALGORITHM: FALSE, PARALLEL: false, ORIGINAL: false, BUCHI_INTERSECTION: false, NEW_TRIGGER: false, PARTITIONED: SINGLE_FUNC, VERIFICATION: true, CREATE_GRAPH: false",3672,33,639,-1,138718,143062,"[0, 1, 2, 3, 4, 5, 6, 7, 8, 9, 10, 11, 12, 13, 14, 15, 16, 17, 18, 19, 20, 21, 22, 23, 24, 25, 26, 27, 28, 29, 30, 31, 32, 33, 34, 35, 36, 37, 38, 39, 40, 41, 42, 43, 44, 45, 46, 47, 48, 49, 50, 51, 52, 53, 54, 55, 56, 57, 58, 59, 60, 61, 62, 63, 64, 65, 66, 67, 68, 69, 70, 71, 72, 73, 74, 75]","[0, 1, 2, 3, 4, 5, 6, 7, 8, 9, 10, 11, 12, 13, 14, 15, 16, 17, 18, 19, 20, 21, 22, 23, 24, 25, 26, 27, 28, 29, 30, 31, 32, 33, 34, 35, 36, 37, 38, 39, 40, 41, 42, 43, 44, 45, 46, 47, 48, 49, 50, 51, 52, 53, 54, 55, 56, 57, 58, 59, 60, 61, 62, 63, 64, 65, 66, 67, 68, 69, 70, 71, 72, 73, 74, 75]","[36, 2, 63, 5, 62, 4, 61, 1, 40, 0, 3, 11, 38, 8, 9, 6, 12, 15, 17, 14, 16, 13, 27, 24, 26, 60, 59, 58, 25, 28, 29, 7, 70, 71, 72, 73, 74, 75, 68, 10, 22, 19, 65, 31, 18, 64, 37, 66, 39, 41, 20, 23, 21, 32, 30, 34, 35, 33, 57, 55, 56, 54, 43, 44, 42, 46, 45, 47, 50, 49, 48, 69, 67, 52, 51, 53]","[70, 71, 72, 73, 74, 75, 1, 63, 62, 4, 2, 5, 17, 16, 13, 14, 61, 3, 26, 29, 25, 0, 28, 24, 27, 7, 10, 6, 9, 11, 8, 12, 15, 60, 59, 58, 69, 68, 66, 65, 37, 64, 67, 41, 39, 21, 30, 23, 22, 18, 20, 19, 32, 31, 40, 38, 36, 33, 35, 34, 55, 54, 57, 56, 42, 43, 45, 44, 46, 47, 50, 48, 49, 53, 51, 52]",621,621,11232,925259,NOT_IMPLEMENTED,NOT_IMPLEMENTED,NOT_IMPLEMENTED,NOT_IMPLEMENTED,NOT_IMPLEMENTED,NOT_IMPLEMENTED,NOT_IMPLEMENTED,83648.0,16,5228.0,-6811.5,2,61,2240,0,0,0,0,0,,,,,,,,,,,,76,,,NOT_IMPLEMENTED,,false,32,"robotY,robotY',$TRIGGER:0.VAR,robotX,robotX',$TRIGGER:0.VAR'","$PATTERN:0.ENV_CONSTRAINT.0.S_responds_to_P_globally.state,$PATTERN:0.ENV_CONSTRAINT.0.S_responds_to_P_globally.state',targetCX,targetCX',targetAY,targetAY',MObstacleY,MObstacleY',targetCY,targetCY',targetBX,targetBX',isABlocked,isABlocked',MObstacleX,MObstacleX',$PATTERN:1.ENV_CONSTRAINT.1.S_responds_to_P_globally.state,$PATTERN:1.ENV_CONSTRAINT.1.S_responds_to_P_globally.state',targetBY,targetBY',targetAX,targetAX',isCBlocked,isCBlocked',isBBlocked,isBBlocked'",0,,,,,,6,10,0,0,24766709760000,180133685441121484800,13189422012702329405440,312266483679755289755648,818247757297876992,141889918378237231104,CUDD,"Using BDD Package: CUDDFactory, Version: CUDD 3.0","import ""DwyerPatternsNew.spectra""",S_responds_to_P_globally,2,1,false,false,[],[],,null
1669645171,FINAL,1669645171.spectra,0,REALIZABILITY,SYS_UNREAL,"TEMP: false, SORT_AFTERWARDS: false, GROUP_OPTION: NO_GROUPING, INCREMENTAL_ADDITION: NO_INCREMENTAL, USE_RABIN: false, GROUP_AUX: GROUP_PAIR, STATIC_ORDER: REVERSE_CUTHILL, ROY_SIFT_MARKER: false, MAKE_LAST: false, MEMORYLESS: true, REORDER_METHOD: SIFT, NEW_PATTERN: true, INCREMENTAL_JUSTICES: INCREMENTAL_GRAPH, REDUCED_ALGORITHM: FALSE, PARALLEL: false, ORIGINAL: false, BUCHI_INTERSECTION: false, NEW_TRIGGER: true, PARTITIONED: SINGLE_FUNC, VERIFICATION: true, CREATE_GRAPH: false",3704,421,329,-1,33875,38329,"[0, 1, 2, 3, 4, 5, 6, 7, 8, 9, 10, 11, 12, 13, 14, 15, 16, 17, 18, 19, 20, 21, 22, 23, 24, 25, 26, 27, 28, 29, 30, 31, 32, 33, 34, 35, 36, 37, 38, 39, 40, 41, 42, 43, 44, 45, 46, 47, 48, 49, 50, 51, 52, 53, 54, 55, 56, 57, 58, 59, 60, 61, 62, 63, 64, 65, 66, 67, 68, 69, 70, 71, 72, 73]","[54, 55, 56, 57, 42, 43, 44, 70, 71, 72, 73, 40, 36, 51, 52, 53, 45, 46, 47, 48, 49, 50, 38, 64, 65, 66, 58, 59, 60, 41, 32, 30, 31, 24, 25, 26, 37, 6, 7, 8, 0, 1, 2, 67, 68, 69, 61, 62, 63, 39, 18, 19, 20, 12, 13, 14, 33, 34, 35, 27, 28, 29, 9, 10, 11, 3, 4, 5, 21, 22, 23, 16, 17, 15]","[72, 73, 71, 70, 55, 54, 57, 56, 44, 43, 42, 51, 52, 53, 46, 68, 67, 69, 62, 61, 45, 47, 40, 38, 36, 50, 48, 49, 11, 8, 6, 9, 7, 10, 33, 30, 32, 35, 31, 34, 18, 21, 23, 20, 63, 66, 64, 65, 22, 19, 5, 2, 0, 3, 4, 1, 41, 39, 60, 58, 59, 37, 24, 12, 13, 25, 26, 28, 27, 29, 14, 15, 16, 17]","[69, 53, 52, 68, 40, 38, 36, 50, 48, 49, 44, 43, 42, 72, 73, 70, 71, 67, 46, 45, 47, 63, 62, 57, 56, 54, 55, 61, 51, 23, 8, 7, 6, 32, 31, 20, 22, 19, 21, 11, 10, 18, 9, 35, 34, 33, 30, 66, 60, 65, 64, 39, 59, 58, 26, 29, 41, 28, 25, 27, 37, 24, 0, 13, 1, 12, 2, 14, 15, 16, 17, 5, 3, 4]",522,591,9550,175222,NOT_IMPLEMENTED,NOT_IMPLEMENTED,NOT_IMPLEMENTED,NOT_IMPLEMENTED,NOT_IMPLEMENTED,NOT_IMPLEMENTED,NOT_IMPLEMENTED,14126.0,14,1009.0,-10933.642857142859,1,29,1322,0,0,0,0,0,,,,,,,,,,,,74,,,NOT_IMPLEMENTED,,false,32,"robotX,robotX',robotY,robotY',$TRIGGER:0.VAR',$TRIGGER:0.VAR","MObstacleX,MObstacleX',$PATTERN:1.ENV_CONSTRAINT.1.S_responds_to_P_globally.state,$PATTERN:1.ENV_CONSTRAINT.1.S_responds_to_P_globally.state',targetAY,targetAY',targetBY,targetBY',targetAX,targetAX',isCBlocked,isCBlocked',$PATTERN:0.ENV_CONSTRAINT.0.S_responds_to_P_globally.state,$PATTERN:0.ENV_CONSTRAINT.0.S_responds_to_P_globally.state',isBBlocked,isBBlocked',isABlocked,isABlocked',targetCX,targetCX',MObstacleY,MObstacleY',targetCY,targetCY',targetBX,targetBX'",0,,,,,,6,10,0,0,6191677440000,39352282050214232064,5658538744610404958208,78066620919938822438912,204561939324469248,70944959189118615552,CUDD,"Using BDD Package: CUDDFactory, Version: CUDD 3.0","import ""DwyerPatternsNewReduced.spectra""",S_responds_to_P_globally,2,1,false,false,[],[REMOVED_HOLE],,null
1669813890,NOTHING,1669813890.spectra,0,REALIZABILITY,SYS_REAL,"TEMP: false, SORT_AFTERWARDS: false, GROUP_OPTION: NO_GROUPING, INCREMENTAL_ADDITION: NO_INCREMENTAL, USE_RABIN: false, GROUP_AUX: NO_GROUPING, STATIC_ORDER: NO_STATIC_ORDERING, ROY_SIFT_MARKER: false, MAKE_LAST: false, MEMORYLESS: false, REORDER_METHOD: SIFT, NEW_PATTERN: false, INCREMENTAL_JUSTICES: NO_INCREMENTAL, REDUCED_ALGORITHM: FALSE, PARALLEL: false, ORIGINAL: false, BUCHI_INTERSECTION: false, NEW_TRIGGER: false, PARTITIONED: SINGLE_FUNC, VERIFICATION: true, CREATE_GRAPH: false",3360,15,188,-1,56922,60485,"[0, 1, 2, 3, 4, 5, 6, 7, 8, 9, 10, 11, 12, 13, 14, 15, 16, 17, 18, 19, 20, 21, 22, 23, 24, 25, 26, 27, 28, 29, 30, 31, 32, 33, 34, 35, 36, 37, 38, 39, 40, 41, 42, 43, 44, 45, 46, 47, 48, 49, 50, 51, 52, 53, 54, 55, 56, 57, 58, 59, 60, 61, 62, 63, 64, 65, 66, 67, 68, 69, 70, 71, 72, 73, 74, 75, 76, 77, 78, 79, 80, 81, 82, 83, 84, 85, 86, 87, 88, 89, 90, 91, 92, 93, 94, 95, 96, 97, 98, 99, 100, 101, 102, 103, 104, 105, 106, 107, 108, 109, 110, 111, 112, 113, 114, 115, 116, 117, 118, 119, 120, 121, 122, 123, 124, 125]","[0, 1, 2, 3, 4, 5, 6, 7, 8, 9, 10, 11, 12, 13, 14, 15, 16, 17, 18, 19, 20, 21, 22, 23, 24, 25, 26, 27, 28, 29, 30, 31, 32, 33, 34, 35, 36, 37, 38, 39, 40, 41, 42, 43, 44, 45, 46, 47, 48, 49, 50, 51, 52, 53, 54, 55, 56, 57, 58, 59, 60, 61, 62, 63, 64, 65, 66, 67, 68, 69, 70, 71, 72, 73, 74, 75, 76, 77, 78, 79, 80, 81, 82, 83, 84, 85, 86, 87, 88, 89, 90, 91, 92, 93, 94, 95, 96, 97, 98, 99, 100, 101, 102, 103, 104, 105, 106, 107, 108, 109, 110, 111, 112, 113, 114, 115, 116, 117, 118, 119, 120, 121, 122, 123, 124, 125]","[2, 113, 112, 111, 1, 0, 3, 4, 5, 8, 6, 7, 14, 12, 13, 15, 16, 17, 117, 20, 19, 18, 21, 9, 119, 23, 11, 22, 10, 118, 26, 24, 25, 27, 28, 29, 32, 30, 31, 34, 33, 35, 38, 36, 37, 39, 40, 41, 44, 42, 43, 45, 46, 47, 50, 48, 49, 51, 52, 53, 56, 54, 55, 58, 57, 59, 109, 110, 64, 108, 62, 61, 60, 63, 65, 71, 70, 69, 68, 67, 66, 77, 75, 72, 76, 73, 74, 80, 79, 78, 82, 81, 83, 89, 87, 84, 88, 85, 86, 92, 91, 90, 94, 93, 95, 101, 99, 96, 100, 97, 98, 107, 104, 102, 103, 106, 105, 115, 114, 116, 122, 121, 120, 125, 124, 123]","[2, 1, 0, 113, 5, 4, 3, 8, 7, 6, 14, 12, 13, 112, 111, 17, 15, 16, 20, 18, 19, 119, 23, 21, 22, 11, 10, 9, 26, 117, 25, 24, 110, 109, 29, 28, 27, 32, 31, 30, 35, 33, 34, 37, 36, 38, 44, 42, 43, 108, 116, 115, 114, 47, 46, 45, 41, 40, 39, 65, 89, 88, 53, 52, 51, 58, 57, 59, 49, 48, 50, 56, 55, 54, 87, 62, 61, 60, 85, 84, 86, 101, 99, 100, 107, 106, 105, 64, 63, 118, 92, 95, 91, 94, 90, 93, 74, 77, 73, 76, 72, 75, 83, 80, 82, 79, 81, 78, 70, 69, 71, 67, 66, 68, 125, 103, 102, 104, 98, 96, 97, 122, 121, 120, 124, 123]",645,645,3378,8726,NOT_IMPLEMENTED,NOT_IMPLEMENTED,NOT_IMPLEMENTED,NOT_IMPLEMENTED,NOT_IMPLEMENTED,NOT_IMPLEMENTED,NOT_IMPLEMENTED,44510.0,20,2225.5,-48997.0,2,35,224,0,1,0,56844,0,,,,,,,,,,,,126,,,NOT_IMPLEMENTED,,true,42,"$COUNTER:0.staysAtCharger,$COUNTER:0.staysAtCharger',robotX,robotX',robotY,robotY'","target3[1],target3[1]',target1[1],target1[1]',fixedObstacle2[0],fixedObstacle2[0]',fixedObstacle3[1],fixedObstacle3[1]',fixedObstacle5[0],fixedObstacle5[0]',movingObstacle[0],movingObstacle[0]',fixedObstacle1[0],fixedObstacle1[0]',target2[0],target2[0]',fixedObstacle4[0],fixedObstacle4[0]',target3[0],target3[0]',target1[0],target1[0]',fixedObstacle2[1],fixedObstacle2[1]',target2[1],target2[1]',fixedObstacle5[1],fixedObstacle5[1]',fixedObstacle3[0],fixedObstacle3[0]',fixedObstacle4[1],fixedObstacle4[1]',movingObstacle[1],movingObstacle[1]',fixedObstacle1[1],fixedObstacle1[1]'",2,,,,,,5,2,85054823366931290782946478629591187456,85054823366931290782946478629591187456,2600000000000000000,244519470930251920452900764856090624,4216145049130280034366763019326717952,21267647932558653966460912964485513216,188894659314785808547840000,151172552306384805466914884123885568,CUDD,"Using BDD Package: CUDDFactory, Version: CUDD 3.0","import ""DwyerPatternsNew.spectra""",,0,0,false,true,[],[],,null
