Spec,RunConfig,UniqueIdentifier,TIMEOUT,ActionType,Result,CONFIG_TXT,INITIAL_BDD_TIME,HEURISTICS_TIME,SECOND_STEP_TIME,PARALLEL_OVERHEAD_TIME,WORK_TIME,TOTAL_TIME,PRE_ROYBDD_ORDER,POST_HEURISTICS_ORDER,POST_SECOND_STEP_ORDER,POST_WORK_ORDER,PRE_ROYBDD_NODE_SIZE,POST_HEURISTICS_NODE_SIZE,POST_SECOND_STEP_NODE_SIZE,POST_WORK_NODE_SIZE,AVERAGE_AUX_SIZE,AVERAGE_SYS_DOM_IN_CONSTRAINT,AVERAGE_ENV_DOM_IN_CONSTRAINT,AVERAGE_SYS_DOM_SIZE,AVERAGE_ENV_DOM_SIZE,AVERAGE_CONSTRAINT_COMPLEXITY,INTERCONNECTNESS_INDEX,TOTAL_REORDER_TIME,REORDER_CALL_AMOUNT,AVERAGE_REORDER_TIME,AVERAGE_REORDER_GAIN,Z_FIXPOINTS,Y_FIXPOINTS,X_FIXPOINTS,W_FIXPOINTS,REAL_CASES,UNREAL_CASES,REAL_TIME,UNREAL_TIME,GRAPH_DATA,CLUSTER_INC_DATA,CLUSTER_VAR_DATA,DOMAIN_GRAPH_DATA,CONSTRAINT_GRAPH_DATA,JUST_STRING_COUNT,JUST_STRING_ENV_COUNT,TRANS_STRING_SYS_COUNT,TRANS_STRING_ENV_COUNT,INI_STRING_ENV_COUNT,INI_STRING_SYS_COUNT,TOTAL_VARS,SYS_VARS,ENV_VARS,AUX_VARS,UNUSED_CONS_VARS,ARRAYS_INSTANCES,TOTAL_DOMS,SYS_DOMS,ENV_DOMS,AUX_DOMS,DOMS_NOT_QUANTIFIED,INI_SYS_CONSTRAINTS,INI_ENV_CONSTRAINTS,TRANS_ENV_CONSTRAINTS,TRANS_SYS_CONSTRAINTS,JUSTICE_SYS_AMOUNT,JUSTICE_ENV_AMOUNT,Z_SAT_COUNT,Z_SAT_COUNT_START_S0,TRANS_ENV_SAT,TRANS_SYS_SAT,JUSTS_SYS_SAT,JUSTS_ENV_SAT,INI_ENV_SAT,INI_SYS_SAT,FACTORY_TYPE,BDDPACKAGE,IMPORT,UNIQUE_PATTERNS,PATTERN_INSTANCES,TRIGGER_INSTANCES,MONITORS_INSTANCES,COUNTERS_INSTANCES,REDUCED_PATTERN,REDUCED_TRIGGER,SWAPPED_TO_ORIGINAL,ADDITIONAL
1669965418,NOTHING,1669965418.spectra,0,REALIZABILITY,SYS_REAL,"TEMP: false, SORT_AFTERWARDS: false, GROUP_OPTION: NO_GROUPING, INCREMENTAL_ADDITION: NO_INCREMENTAL, USE_RABIN: false, GROUP_AUX: NO_GROUPING, STATIC_ORDER: NO_STATIC_ORDERING, ROY_SIFT_MARKER: false, MAKE_LAST: false, MEMORYLESS: false, REORDER_METHOD: SIFT, NEW_PATTERN: false, INCREMENTAL_JUSTICES: NO_INCREMENTAL, REDUCED_ALGORITHM: FALSE, PARALLEL: false, ORIGINAL: false, BUCHI_INTERSECTION: false, NEW_TRIGGER: false, PARTITIONED: SINGLE_FUNC, VERIFICATION: true, CREATE_GRAPH: false",7969,31,656,-1,184049,192705,"[0, 1, 2, 3, 4, 5, 6, 7, 8, 9, 10, 11, 12, 13, 14, 15, 16, 17, 18, 19, 20, 21, 22, 23, 24, 25, 26, 27, 28, 29, 30, 31, 32, 33, 34, 35, 36, 37, 38, 39, 40, 41, 42, 43, 44, 45, 46, 47, 48, 49, 50, 51, 52, 53, 54, 55, 56, 57, 58, 59, 60, 61, 62, 63, 64, 65, 66, 67, 68, 69]","[0, 1, 2, 3, 4, 5, 6, 7, 8, 9, 10, 11, 12, 13, 14, 15, 16, 17, 18, 19, 20, 21, 22, 23, 24, 25, 26, 27, 28, 29, 30, 31, 32, 33, 34, 35, 36, 37, 38, 39, 40, 41, 42, 43, 44, 45, 46, 47, 48, 49, 50, 51, 52, 53, 54, 55, 56, 57, 58, 59, 60, 61, 62, 63, 64, 65, 66, 67, 68, 69]","[40, 38, 5, 36, 2, 0, 3, 1, 4, 15, 12, 14, 17, 13, 16, 24, 27, 26, 29, 28, 25, 58, 59, 60, 11, 8, 9, 6, 7, 62, 61, 63, 69, 68, 67, 10, 20, 23, 18, 21, 22, 19, 37, 39, 30, 64, 31, 65, 41, 34, 32, 33, 35, 66, 57, 44, 56, 55, 54, 42, 45, 46, 43, 47, 49, 50, 48, 53, 52, 51]","[40, 38, 36, 14, 17, 13, 63, 15, 12, 16, 20, 23, 19, 22, 18, 21, 26, 29, 25, 28, 27, 32, 24, 35, 34, 31, 30, 33, 2, 5, 1, 62, 4, 7, 6, 0, 61, 60, 59, 58, 3, 10, 68, 9, 39, 41, 67, 8, 65, 64, 37, 69, 66, 46, 45, 11, 42, 43, 56, 57, 54, 55, 47, 44, 50, 48, 49, 51, 53, 52]",314,314,12758,39225,NOT_IMPLEMENTED,NOT_IMPLEMENTED,NOT_IMPLEMENTED,NOT_IMPLEMENTED,NOT_IMPLEMENTED,NOT_IMPLEMENTED,NOT_IMPLEMENTED,106583.0,16,6661.4375,-16108.375,3,86,1985,0,1,0,183862,0,,,,,,,,,,,,70,,,NOT_IMPLEMENTED,,false,30,"robotX,robotX',robotY,robotY'","targetCY,targetCY',targetAY,targetAY',isABlocked,isABlocked',targetCX,targetCX',$PATTERN:0.ENV_CONSTRAINT.0.S_responds_to_P_globally.state,$PATTERN:0.ENV_CONSTRAINT.0.S_responds_to_P_globally.state',isBBlocked,isBBlocked',isCBlocked,isCBlocked',MObstacleX,MObstacleX',targetAX,targetAX',targetBY,targetBY',MObstacleY,MObstacleY',$PATTERN:1.ENV_CONSTRAINT.1.S_responds_to_P_globally.state,$PATTERN:1.ENV_CONSTRAINT.1.S_responds_to_P_globally.state',targetBX,targetBX'",0,,,,,,4,8,1173009025143675027456,293069289442158575616,420753899520,35226142930708201472,40064022285087932416,6475960091376659464192,15041319067975680,18017767413109489664,CUDD,"Using BDD Package: CUDDFactory, Version: CUDD 3.0","import ""DwyerPatternsNew.spectra""",S_responds_to_P_globally,2,0,false,false,[],[],,null
1669965418,FINAL,1669965418.spectra,0,REALIZABILITY,SYS_REAL,"TEMP: false, SORT_AFTERWARDS: false, GROUP_OPTION: NO_GROUPING, INCREMENTAL_ADDITION: NO_INCREMENTAL, USE_RABIN: false, GROUP_AUX: GROUP_PAIR, STATIC_ORDER: REVERSE_CUTHILL, ROY_SIFT_MARKER: false, MAKE_LAST: false, MEMORYLESS: true, REORDER_METHOD: SIFT, NEW_PATTERN: true, INCREMENTAL_JUSTICES: INCREMENTAL_GRAPH, REDUCED_ALGORITHM: FALSE, PARALLEL: false, ORIGINAL: false, BUCHI_INTERSECTION: false, NEW_TRIGGER: true, PARTITIONED: SINGLE_FUNC, VERIFICATION: true, CREATE_GRAPH: false",4860,281,813,-1,186616,192570,"[0, 1, 2, 3, 4, 5, 6, 7, 8, 9, 10, 11, 12, 13, 14, 15, 16, 17, 18, 19, 20, 21, 22, 23, 24, 25, 26, 27, 28, 29, 30, 31, 32, 33, 34, 35, 36, 37, 38, 39, 40, 41, 42, 43, 44, 45, 46, 47, 48, 49, 50, 51, 52, 53, 54, 55, 56, 57, 58, 59, 60, 61, 62, 63, 64, 65, 66, 67, 68, 69]","[51, 52, 53, 33, 34, 35, 27, 28, 29, 9, 10, 11, 3, 4, 5, 21, 22, 23, 16, 17, 15, 37, 40, 39, 38, 41, 67, 68, 69, 61, 62, 63, 32, 30, 31, 24, 25, 26, 48, 49, 50, 6, 7, 8, 0, 1, 2, 18, 19, 20, 12, 13, 14, 36, 64, 65, 66, 58, 59, 60, 54, 55, 45, 46, 47, 42, 43, 44, 57, 56]","[51, 52, 68, 67, 53, 35, 36, 32, 31, 34, 30, 33, 26, 29, 25, 28, 24, 27, 8, 11, 6, 9, 69, 62, 61, 7, 10, 20, 23, 22, 19, 21, 18, 63, 64, 66, 65, 37, 39, 58, 60, 59, 41, 16, 4, 3, 12, 0, 5, 1, 2, 15, 17, 13, 14, 49, 48, 50, 44, 56, 57, 55, 54, 47, 46, 45, 38, 40, 43, 42]","[69, 53, 40, 38, 36, 52, 51, 32, 68, 67, 35, 30, 33, 31, 34, 26, 29, 25, 28, 24, 27, 20, 11, 10, 23, 19, 22, 8, 7, 18, 21, 14, 17, 13, 16, 15, 63, 62, 12, 66, 6, 2, 1, 0, 61, 60, 59, 58, 41, 39, 9, 4, 3, 37, 5, 65, 64, 43, 42, 45, 46, 47, 55, 54, 56, 57, 44, 49, 50, 48]",314,312,16141,278435,NOT_IMPLEMENTED,NOT_IMPLEMENTED,NOT_IMPLEMENTED,NOT_IMPLEMENTED,NOT_IMPLEMENTED,NOT_IMPLEMENTED,NOT_IMPLEMENTED,52451.0,17,3085.3529411764707,-11614.117647058823,3,86,1985,0,1,0,186569,0,,,,,,,,,,,,70,,,NOT_IMPLEMENTED,,false,30,"robotY,robotY',robotX,robotX'","targetBY,targetBY',MObstacleX,MObstacleX',targetAX,targetAX',isBBlocked,isBBlocked',targetBX,targetBX',isCBlocked,isCBlocked',isABlocked,isABlocked',$PATTERN:1.ENV_CONSTRAINT.1.S_responds_to_P_globally.state,$PATTERN:1.ENV_CONSTRAINT.1.S_responds_to_P_globally.state',targetAY,targetAY',targetCY,targetCY',$PATTERN:0.ENV_CONSTRAINT.0.S_responds_to_P_globally.state,$PATTERN:0.ENV_CONSTRAINT.0.S_responds_to_P_globally.state',MObstacleY,MObstacleY',targetCX,targetCX'",0,,,,,,4,8,1173009025143675027456,293069289442158575616,420753899520,35226142930708201472,40064022285087932416,6475960091376659464192,15041319067975680,18017767413109489664,CUDD,"Using BDD Package: CUDDFactory, Version: CUDD 3.0","import ""DwyerPatternsNewReduced.spectra""",S_responds_to_P_globally,2,0,false,false,[],[],,null
1669965418,NOTHING,1669965418.spectra,0,REALIZABILITY,SYS_REAL,"TEMP: false, SORT_AFTERWARDS: false, GROUP_OPTION: NO_GROUPING, INCREMENTAL_ADDITION: NO_INCREMENTAL, USE_RABIN: false, GROUP_AUX: NO_GROUPING, STATIC_ORDER: NO_STATIC_ORDERING, ROY_SIFT_MARKER: false, MAKE_LAST: false, MEMORYLESS: false, REORDER_METHOD: SIFT, NEW_PATTERN: false, INCREMENTAL_JUSTICES: NO_INCREMENTAL, REDUCED_ALGORITHM: FALSE, PARALLEL: false, ORIGINAL: false, BUCHI_INTERSECTION: false, NEW_TRIGGER: false, PARTITIONED: SINGLE_FUNC, VERIFICATION: true, CREATE_GRAPH: false",4625,16,782,-1,179470,184893,"[0, 1, 2, 3, 4, 5, 6, 7, 8, 9, 10, 11, 12, 13, 14, 15, 16, 17, 18, 19, 20, 21, 22, 23, 24, 25, 26, 27, 28, 29, 30, 31, 32, 33, 34, 35, 36, 37, 38, 39, 40, 41, 42, 43, 44, 45, 46, 47, 48, 49, 50, 51, 52, 53, 54, 55, 56, 57, 58, 59, 60, 61, 62, 63, 64, 65, 66, 67, 68, 69]","[0, 1, 2, 3, 4, 5, 6, 7, 8, 9, 10, 11, 12, 13, 14, 15, 16, 17, 18, 19, 20, 21, 22, 23, 24, 25, 26, 27, 28, 29, 30, 31, 32, 33, 34, 35, 36, 37, 38, 39, 40, 41, 42, 43, 44, 45, 46, 47, 48, 49, 50, 51, 52, 53, 54, 55, 56, 57, 58, 59, 60, 61, 62, 63, 64, 65, 66, 67, 68, 69]","[40, 38, 5, 36, 2, 0, 3, 1, 4, 15, 12, 14, 17, 13, 16, 24, 27, 26, 29, 28, 25, 58, 59, 60, 11, 8, 9, 6, 7, 62, 61, 63, 69, 68, 67, 10, 20, 23, 18, 21, 22, 19, 37, 39, 30, 64, 31, 65, 41, 34, 32, 33, 35, 66, 57, 44, 56, 55, 54, 42, 45, 46, 43, 47, 49, 50, 48, 53, 52, 51]","[40, 38, 36, 14, 17, 13, 63, 15, 12, 16, 20, 23, 19, 22, 18, 21, 26, 29, 25, 28, 27, 32, 24, 35, 34, 31, 30, 33, 2, 5, 1, 62, 4, 7, 6, 0, 61, 60, 59, 58, 3, 10, 68, 9, 39, 41, 67, 8, 65, 64, 37, 69, 66, 46, 45, 11, 42, 43, 56, 57, 54, 55, 47, 44, 50, 48, 49, 51, 53, 52]",314,314,12758,39225,NOT_IMPLEMENTED,NOT_IMPLEMENTED,NOT_IMPLEMENTED,NOT_IMPLEMENTED,NOT_IMPLEMENTED,NOT_IMPLEMENTED,NOT_IMPLEMENTED,102709.0,16,6419.3125,-16108.375,3,86,1985,0,1,0,179392,0,,,,,,,,,,,,70,,,NOT_IMPLEMENTED,,false,30,"robotY,robotY',robotX,robotX'","isCBlocked,isCBlocked',targetAX,targetAX',isABlocked,isABlocked',MObstacleY,MObstacleY',targetCX,targetCX',isBBlocked,isBBlocked',$PATTERN:0.ENV_CONSTRAINT.0.S_responds_to_P_globally.state,$PATTERN:0.ENV_CONSTRAINT.0.S_responds_to_P_globally.state',targetCY,targetCY',targetAY,targetAY',targetBX,targetBX',$PATTERN:1.ENV_CONSTRAINT.1.S_responds_to_P_globally.state,$PATTERN:1.ENV_CONSTRAINT.1.S_responds_to_P_globally.state',MObstacleX,MObstacleX',targetBY,targetBY'",0,,,,,,4,8,1173009025143675027456,293069289442158575616,420753899520,35226142930708201472,40064022285087932416,6475960091376659464192,15041319067975680,18017767413109489664,CUDD,"Using BDD Package: CUDDFactory, Version: CUDD 3.0","import ""DwyerPatternsNew.spectra""",S_responds_to_P_globally,2,0,false,false,[],[],,null
1669965418,FINAL,1669965418.spectra,0,REALIZABILITY,SYS_REAL,"TEMP: false, SORT_AFTERWARDS: false, GROUP_OPTION: NO_GROUPING, INCREMENTAL_ADDITION: NO_INCREMENTAL, USE_RABIN: false, GROUP_AUX: GROUP_PAIR, STATIC_ORDER: REVERSE_CUTHILL, ROY_SIFT_MARKER: false, MAKE_LAST: false, MEMORYLESS: true, REORDER_METHOD: SIFT, NEW_PATTERN: true, INCREMENTAL_JUSTICES: INCREMENTAL_GRAPH, REDUCED_ALGORITHM: FALSE, PARALLEL: false, ORIGINAL: false, BUCHI_INTERSECTION: false, NEW_TRIGGER: true, PARTITIONED: SINGLE_FUNC, VERIFICATION: true, CREATE_GRAPH: false",3782,330,763,-1,210068,214943,"[0, 1, 2, 3, 4, 5, 6, 7, 8, 9, 10, 11, 12, 13, 14, 15, 16, 17, 18, 19, 20, 21, 22, 23, 24, 25, 26, 27, 28, 29, 30, 31, 32, 33, 34, 35, 36, 37, 38, 39, 40, 41, 42, 43, 44, 45, 46, 47, 48, 49, 50, 51, 52, 53, 54, 55, 56, 57, 58, 59, 60, 61, 62, 63, 64, 65, 66, 67, 68, 69]","[51, 52, 53, 33, 34, 35, 27, 28, 29, 9, 10, 11, 3, 4, 5, 21, 22, 23, 16, 17, 15, 37, 40, 39, 38, 41, 67, 68, 69, 61, 62, 63, 32, 30, 31, 24, 25, 26, 48, 49, 50, 6, 7, 8, 0, 1, 2, 18, 19, 20, 12, 13, 14, 36, 64, 65, 66, 58, 59, 60, 54, 55, 45, 46, 47, 42, 43, 44, 57, 56]","[51, 52, 68, 67, 53, 35, 36, 32, 31, 34, 30, 33, 26, 29, 25, 28, 24, 27, 8, 11, 6, 9, 69, 62, 61, 7, 10, 20, 23, 22, 19, 21, 18, 63, 64, 66, 65, 37, 39, 58, 60, 59, 41, 16, 4, 3, 12, 0, 5, 1, 2, 15, 17, 13, 14, 49, 48, 50, 44, 56, 57, 55, 54, 47, 46, 45, 38, 40, 43, 42]","[69, 53, 40, 38, 36, 52, 51, 32, 68, 67, 35, 30, 33, 31, 34, 26, 29, 25, 28, 24, 27, 20, 11, 10, 23, 19, 22, 8, 7, 18, 21, 14, 17, 13, 16, 15, 63, 62, 12, 66, 6, 2, 1, 0, 61, 60, 59, 58, 41, 39, 9, 4, 3, 37, 5, 65, 64, 43, 42, 45, 46, 47, 55, 54, 56, 57, 44, 49, 50, 48]",314,312,16141,278435,NOT_IMPLEMENTED,NOT_IMPLEMENTED,NOT_IMPLEMENTED,NOT_IMPLEMENTED,NOT_IMPLEMENTED,NOT_IMPLEMENTED,NOT_IMPLEMENTED,61327.0,17,3607.470588235294,-11614.117647058823,3,86,1985,0,1,0,210021,0,,,,,,,,,,,,70,,,NOT_IMPLEMENTED,,false,30,"robotY,robotY',robotX,robotX'","targetBY,targetBY',MObstacleX,MObstacleX',targetAX,targetAX',isBBlocked,isBBlocked',targetBX,targetBX',isCBlocked,isCBlocked',isABlocked,isABlocked',$PATTERN:1.ENV_CONSTRAINT.1.S_responds_to_P_globally.state,$PATTERN:1.ENV_CONSTRAINT.1.S_responds_to_P_globally.state',targetAY,targetAY',targetCY,targetCY',$PATTERN:0.ENV_CONSTRAINT.0.S_responds_to_P_globally.state,$PATTERN:0.ENV_CONSTRAINT.0.S_responds_to_P_globally.state',MObstacleY,MObstacleY',targetCX,targetCX'",0,,,,,,4,8,1173009025143675027456,293069289442158575616,420753899520,35226142930708201472,40064022285087932416,6475960091376659464192,15041319067975680,18017767413109489664,CUDD,"Using BDD Package: CUDDFactory, Version: CUDD 3.0","import ""DwyerPatternsNewReduced.spectra""",S_responds_to_P_globally,2,0,false,false,[],[],,null
1669965418,NOTHING,1669965418.spectra,0,REALIZABILITY,SYS_REAL,"TEMP: false, SORT_AFTERWARDS: false, GROUP_OPTION: NO_GROUPING, INCREMENTAL_ADDITION: NO_INCREMENTAL, USE_RABIN: false, GROUP_AUX: NO_GROUPING, STATIC_ORDER: NO_STATIC_ORDERING, ROY_SIFT_MARKER: false, MAKE_LAST: false, MEMORYLESS: false, REORDER_METHOD: SIFT, NEW_PATTERN: false, INCREMENTAL_JUSTICES: NO_INCREMENTAL, REDUCED_ALGORITHM: FALSE, PARALLEL: false, ORIGINAL: false, BUCHI_INTERSECTION: false, NEW_TRIGGER: false, PARTITIONED: SINGLE_FUNC, VERIFICATION: true, CREATE_GRAPH: false",4844,15,563,-1,184580,190002,"[0, 1, 2, 3, 4, 5, 6, 7, 8, 9, 10, 11, 12, 13, 14, 15, 16, 17, 18, 19, 20, 21, 22, 23, 24, 25, 26, 27, 28, 29, 30, 31, 32, 33, 34, 35, 36, 37, 38, 39, 40, 41, 42, 43, 44, 45, 46, 47, 48, 49, 50, 51, 52, 53, 54, 55, 56, 57, 58, 59, 60, 61, 62, 63, 64, 65, 66, 67, 68, 69]","[0, 1, 2, 3, 4, 5, 6, 7, 8, 9, 10, 11, 12, 13, 14, 15, 16, 17, 18, 19, 20, 21, 22, 23, 24, 25, 26, 27, 28, 29, 30, 31, 32, 33, 34, 35, 36, 37, 38, 39, 40, 41, 42, 43, 44, 45, 46, 47, 48, 49, 50, 51, 52, 53, 54, 55, 56, 57, 58, 59, 60, 61, 62, 63, 64, 65, 66, 67, 68, 69]","[40, 38, 5, 36, 2, 0, 3, 1, 4, 15, 12, 14, 17, 13, 16, 24, 27, 26, 29, 28, 25, 58, 59, 60, 11, 8, 9, 6, 7, 62, 61, 63, 69, 68, 67, 10, 20, 23, 18, 21, 22, 19, 37, 39, 30, 64, 31, 65, 41, 34, 32, 33, 35, 66, 57, 44, 56, 55, 54, 42, 45, 46, 43, 47, 49, 50, 48, 53, 52, 51]","[40, 38, 36, 14, 17, 13, 63, 15, 12, 16, 20, 23, 19, 22, 18, 21, 26, 29, 25, 28, 27, 32, 24, 35, 34, 31, 30, 33, 2, 5, 1, 62, 4, 7, 6, 0, 61, 60, 59, 58, 3, 10, 68, 9, 39, 41, 67, 8, 65, 64, 37, 69, 66, 46, 45, 11, 42, 43, 56, 57, 54, 55, 47, 44, 50, 48, 49, 51, 53, 52]",314,314,12758,39225,NOT_IMPLEMENTED,NOT_IMPLEMENTED,NOT_IMPLEMENTED,NOT_IMPLEMENTED,NOT_IMPLEMENTED,NOT_IMPLEMENTED,NOT_IMPLEMENTED,110393.0,16,6899.5625,-16108.375,3,86,1985,0,1,0,184502,0,,,,,,,,,,,,70,,,NOT_IMPLEMENTED,,false,30,"robotX,robotX',robotY,robotY'","targetCY,targetCY',targetAY,targetAY',isABlocked,isABlocked',targetCX,targetCX',$PATTERN:0.ENV_CONSTRAINT.0.S_responds_to_P_globally.state,$PATTERN:0.ENV_CONSTRAINT.0.S_responds_to_P_globally.state',isBBlocked,isBBlocked',isCBlocked,isCBlocked',MObstacleX,MObstacleX',targetAX,targetAX',targetBY,targetBY',MObstacleY,MObstacleY',$PATTERN:1.ENV_CONSTRAINT.1.S_responds_to_P_globally.state,$PATTERN:1.ENV_CONSTRAINT.1.S_responds_to_P_globally.state',targetBX,targetBX'",0,,,,,,4,8,1173009025143675027456,293069289442158575616,420753899520,35226142930708201472,40064022285087932416,6475960091376659464192,15041319067975680,18017767413109489664,CUDD,"Using BDD Package: CUDDFactory, Version: CUDD 3.0","import ""DwyerPatternsNew.spectra""",S_responds_to_P_globally,2,0,false,false,[],[],,null
1669965418,FINAL,1669965418.spectra,0,REALIZABILITY,SYS_REAL,"TEMP: false, SORT_AFTERWARDS: false, GROUP_OPTION: NO_GROUPING, INCREMENTAL_ADDITION: NO_INCREMENTAL, USE_RABIN: false, GROUP_AUX: GROUP_PAIR, STATIC_ORDER: REVERSE_CUTHILL, ROY_SIFT_MARKER: false, MAKE_LAST: false, MEMORYLESS: true, REORDER_METHOD: SIFT, NEW_PATTERN: true, INCREMENTAL_JUSTICES: INCREMENTAL_GRAPH, REDUCED_ALGORITHM: FALSE, PARALLEL: false, ORIGINAL: false, BUCHI_INTERSECTION: false, NEW_TRIGGER: true, PARTITIONED: SINGLE_FUNC, VERIFICATION: true, CREATE_GRAPH: false",6188,266,999,-1,215270,222723,"[0, 1, 2, 3, 4, 5, 6, 7, 8, 9, 10, 11, 12, 13, 14, 15, 16, 17, 18, 19, 20, 21, 22, 23, 24, 25, 26, 27, 28, 29, 30, 31, 32, 33, 34, 35, 36, 37, 38, 39, 40, 41, 42, 43, 44, 45, 46, 47, 48, 49, 50, 51, 52, 53, 54, 55, 56, 57, 58, 59, 60, 61, 62, 63, 64, 65, 66, 67, 68, 69]","[51, 52, 53, 33, 34, 35, 27, 28, 29, 9, 10, 11, 3, 4, 5, 21, 22, 23, 16, 17, 15, 37, 40, 39, 38, 41, 67, 68, 69, 61, 62, 63, 32, 30, 31, 24, 25, 26, 48, 49, 50, 6, 7, 8, 0, 1, 2, 18, 19, 20, 12, 13, 14, 36, 64, 65, 66, 58, 59, 60, 54, 55, 45, 46, 47, 42, 43, 44, 57, 56]","[51, 52, 68, 67, 53, 35, 36, 32, 31, 34, 30, 33, 26, 29, 25, 28, 24, 27, 8, 11, 6, 9, 69, 62, 61, 7, 10, 20, 23, 22, 19, 21, 18, 63, 64, 66, 65, 37, 39, 58, 60, 59, 41, 16, 4, 3, 12, 0, 5, 1, 2, 15, 17, 13, 14, 49, 48, 50, 44, 56, 57, 55, 54, 47, 46, 45, 38, 40, 43, 42]","[69, 53, 40, 38, 36, 52, 51, 32, 68, 67, 35, 30, 33, 31, 34, 26, 29, 25, 28, 24, 27, 20, 11, 10, 23, 19, 22, 8, 7, 18, 21, 14, 17, 13, 16, 15, 63, 62, 12, 66, 6, 2, 1, 0, 61, 60, 59, 58, 41, 39, 9, 4, 3, 37, 5, 65, 64, 43, 42, 45, 46, 47, 55, 54, 56, 57, 44, 49, 50, 48]",314,312,16142,278436,NOT_IMPLEMENTED,NOT_IMPLEMENTED,NOT_IMPLEMENTED,NOT_IMPLEMENTED,NOT_IMPLEMENTED,NOT_IMPLEMENTED,NOT_IMPLEMENTED,66018.0,17,3883.4117647058833,-11613.823529411764,3,86,1985,0,1,0,215223,0,,,,,,,,,,,,70,,,NOT_IMPLEMENTED,,false,30,"robotY,robotY',robotX,robotX'","targetBY,targetBY',MObstacleX,MObstacleX',targetAX,targetAX',isBBlocked,isBBlocked',targetBX,targetBX',isCBlocked,isCBlocked',isABlocked,isABlocked',$PATTERN:1.ENV_CONSTRAINT.1.S_responds_to_P_globally.state,$PATTERN:1.ENV_CONSTRAINT.1.S_responds_to_P_globally.state',targetAY,targetAY',targetCY,targetCY',$PATTERN:0.ENV_CONSTRAINT.0.S_responds_to_P_globally.state,$PATTERN:0.ENV_CONSTRAINT.0.S_responds_to_P_globally.state',MObstacleY,MObstacleY',targetCX,targetCX'",0,,,,,,4,8,1173009025143675027456,293069289442158575616,420753899520,35226142930708201472,40064022285087932416,6475960091376659464192,15041319067975680,18017767413109489664,CUDD,"Using BDD Package: CUDDFactory, Version: CUDD 3.0","import ""DwyerPatternsNewReduced.spectra""",S_responds_to_P_globally,2,0,false,false,[],[],,null
Cleaner-10,NOTHING,Cleaner-10.spectra,0,REALIZABILITY,SYS_REAL,"TEMP: false, SORT_AFTERWARDS: false, GROUP_OPTION: NO_GROUPING, INCREMENTAL_ADDITION: NO_INCREMENTAL, USE_RABIN: false, GROUP_AUX: NO_GROUPING, STATIC_ORDER: NO_STATIC_ORDERING, ROY_SIFT_MARKER: false, MAKE_LAST: false, MEMORYLESS: false, REORDER_METHOD: SIFT, NEW_PATTERN: false, INCREMENTAL_JUSTICES: NO_INCREMENTAL, REDUCED_ALGORITHM: FALSE, PARALLEL: false, ORIGINAL: false, BUCHI_INTERSECTION: false, NEW_TRIGGER: false, PARTITIONED: SINGLE_FUNC, VERIFICATION: true, CREATE_GRAPH: false",3503,16,531,-1,128777,132827,"[0, 1, 2, 3, 4, 5, 6, 7, 8, 9, 10, 11, 12, 13, 14, 15, 16, 17, 18, 19, 20, 21, 22, 23, 24, 25, 26, 27, 28, 29, 30, 31, 32, 33, 34, 35, 36, 37, 38, 39, 40, 41, 42, 43, 44, 45, 46, 47, 48, 49, 50, 51, 52, 53, 54, 55, 56, 57, 58, 59, 60, 61, 62, 63, 64, 65, 66, 67, 68, 69, 70, 71, 72, 73, 74, 75, 76, 77, 78, 79, 80, 81, 82, 83, 84, 85, 86, 87, 88, 89]","[0, 1, 2, 3, 4, 5, 6, 7, 8, 9, 10, 11, 12, 13, 14, 15, 16, 17, 18, 19, 20, 21, 22, 23, 24, 25, 26, 27, 28, 29, 30, 31, 32, 33, 34, 35, 36, 37, 38, 39, 40, 41, 42, 43, 44, 45, 46, 47, 48, 49, 50, 51, 52, 53, 54, 55, 56, 57, 58, 59, 60, 61, 62, 63, 64, 65, 66, 67, 68, 69, 70, 71, 72, 73, 74, 75, 76, 77, 78, 79, 80, 81, 82, 83, 84, 85, 86, 87, 88, 89]","[15, 17, 89, 68, 22, 6, 41, 82, 80, 84, 86, 19, 3, 20, 4, 23, 7, 21, 5, 18, 2, 36, 81, 85, 87, 83, 37, 38, 39, 25, 9, 28, 12, 24, 27, 11, 29, 8, 13, 26, 10, 42, 43, 57, 49, 47, 46, 44, 45, 48, 30, 31, 32, 40, 35, 34, 33, 16, 53, 50, 54, 51, 52, 55, 56, 14, 71, 61, 59, 60, 58, 1, 62, 63, 64, 65, 69, 66, 88, 67, 70, 0, 79, 75, 74, 73, 72, 76, 77, 78]","[86, 84, 82, 80, 20, 23, 26, 4, 19, 3, 22, 6, 7, 10, 29, 13, 5, 21, 2, 9, 8, 25, 28, 12, 11, 27, 24, 18, 38, 87, 36, 83, 85, 81, 37, 39, 0, 42, 49, 48, 40, 46, 44, 45, 47, 15, 43, 41, 30, 31, 32, 33, 34, 35, 17, 57, 14, 16, 53, 50, 54, 51, 52, 55, 56, 69, 66, 67, 88, 70, 1, 68, 62, 61, 58, 59, 60, 63, 64, 65, 89, 71, 79, 75, 74, 73, 72, 76, 77, 78]",386,386,11183,50741,NOT_IMPLEMENTED,NOT_IMPLEMENTED,NOT_IMPLEMENTED,NOT_IMPLEMENTED,NOT_IMPLEMENTED,NOT_IMPLEMENTED,NOT_IMPLEMENTED,26870.0,12,2239.1666666666665,-7634.583333333333,2,388,4284,0,1,0,128730,0,,,,,,,,,,,,90,,,NOT_IMPLEMENTED,,false,42,"sleepMode,sleepMode',$PAST_PREV_aux_3,$PAST_PREV_aux_3',$COUNTER:2.movesFromStart,$COUNTER:2.movesFromStart',$COUNTER:0.movesOnTarget,$COUNTER:0.movesOnTarget',robotState,robotState',$COUNTER:1.movesFromLastCleanup,$COUNTER:1.movesFromLastCleanup',ignoreTarget,ignoreTarget',$PAST_PREV_aux_2,$PAST_PREV_aux_2',$COUNTER:3.tank,$COUNTER:3.tank',robotX,robotX',$PAST_PREV_aux_1,$PAST_PREV_aux_1',$COUNTER:4.movesInOrange,$COUNTER:4.movesInOrange',$PAST_PREV_aux_4,$PAST_PREV_aux_4',pos,pos',$PAST_PREV_aux_0,$PAST_PREV_aux_0',robotY,robotY'","targetY,targetY',tankIsClean,tankIsClean',targetX,targetX',nextTarget,nextTarget',greenLight,greenLight'",20,,,,,,3,3,221556799223335434890248192,221556799223335434890248192,136797512275767882550345728,398826820018176,1242775742563838791597948928,2513356778978814054214139904,246620867201384351640059904,35747322042253312,CUDD,"Using BDD Package: CUDDFactory, Version: CUDD 3.0","import ""DwyerPatternsNew.spectra""",,0,0,false,true,[],[],,null
Cleaner-10,FINAL,Cleaner-10.spectra,0,REALIZABILITY,SYS_REAL,"TEMP: false, SORT_AFTERWARDS: false, GROUP_OPTION: NO_GROUPING, INCREMENTAL_ADDITION: NO_INCREMENTAL, USE_RABIN: false, GROUP_AUX: GROUP_PAIR, STATIC_ORDER: REVERSE_CUTHILL, ROY_SIFT_MARKER: false, MAKE_LAST: false, MEMORYLESS: true, REORDER_METHOD: SIFT, NEW_PATTERN: true, INCREMENTAL_JUSTICES: INCREMENTAL_GRAPH, REDUCED_ALGORITHM: FALSE, PARALLEL: false, ORIGINAL: false, BUCHI_INTERSECTION: false, NEW_TRIGGER: true, PARTITIONED: SINGLE_FUNC, VERIFICATION: true, CREATE_GRAPH: false",3157,234,438,-1,157720,161549,"[0, 1, 2, 3, 4, 5, 6, 7, 8, 9, 10, 11, 12, 13, 14, 15, 16, 17, 18, 19, 20, 21, 22, 23, 24, 25, 26, 27, 28, 29, 30, 31, 32, 33, 34, 35, 36, 37, 38, 39, 40, 41, 42, 43, 44, 45, 46, 47, 48, 49, 50, 51, 52, 53, 54, 55, 56, 57, 58, 59, 60, 61, 62, 63, 64, 65, 66, 67, 68, 69, 70, 71, 72, 73, 74, 75, 76, 77, 78, 79, 80, 81, 82, 83, 84, 85, 86, 87, 88, 89]","[0, 1, 2, 3, 4, 5, 6, 7, 8, 9, 10, 11, 12, 13, 14, 15, 16, 17, 18, 19, 20, 21, 22, 23, 24, 25, 26, 27, 28, 29, 30, 31, 32, 33, 34, 35, 36, 37, 38, 39, 40, 41, 42, 43, 44, 45, 46, 47, 48, 49, 50, 51, 52, 53, 54, 55, 56, 57, 58, 59, 60, 61, 62, 63, 64, 65, 66, 67, 68, 69, 70, 71, 72, 73, 74, 75, 76, 77, 78, 79, 80, 81, 82, 83, 84, 85, 86, 87, 88, 89]","[89, 15, 17, 83, 39, 85, 36, 37, 38, 81, 87, 82, 80, 84, 86, 18, 21, 5, 41, 2, 19, 3, 22, 6, 20, 4, 23, 7, 25, 28, 12, 9, 27, 24, 11, 29, 8, 13, 26, 10, 42, 30, 31, 32, 0, 79, 75, 76, 72, 77, 73, 74, 78, 33, 34, 35, 43, 14, 1, 58, 61, 59, 60, 62, 63, 64, 65, 88, 71, 68, 67, 70, 66, 69, 40, 46, 44, 45, 47, 48, 49, 16, 57, 53, 52, 51, 50, 54, 55, 56]","[86, 84, 82, 87, 85, 83, 81, 80, 20, 4, 23, 19, 3, 22, 6, 7, 26, 29, 13, 10, 21, 5, 12, 28, 27, 11, 2, 9, 25, 8, 24, 18, 36, 38, 37, 39, 42, 0, 40, 79, 78, 77, 73, 72, 74, 76, 75, 15, 46, 44, 45, 47, 49, 48, 30, 31, 32, 43, 41, 33, 34, 35, 14, 67, 70, 66, 69, 68, 71, 17, 1, 88, 89, 61, 58, 62, 59, 60, 63, 64, 65, 16, 57, 53, 50, 52, 51, 54, 55, 56]",386,404,8968,274788,NOT_IMPLEMENTED,NOT_IMPLEMENTED,NOT_IMPLEMENTED,NOT_IMPLEMENTED,NOT_IMPLEMENTED,NOT_IMPLEMENTED,NOT_IMPLEMENTED,11156.0,11,1014.1818181818182,-5784.818181818181,2,388,4284,0,1,0,157689,0,,,,,,,,,,,,90,,,NOT_IMPLEMENTED,,false,42,"$PAST_PREV_aux_1,$PAST_PREV_aux_1',sleepMode,sleepMode',$COUNTER:3.tank,$COUNTER:3.tank',$PAST_PREV_aux_4,$PAST_PREV_aux_4',robotY,robotY',$PAST_PREV_aux_2,$PAST_PREV_aux_2',$COUNTER:4.movesInOrange,$COUNTER:4.movesInOrange',pos,pos',ignoreTarget,ignoreTarget',$COUNTER:1.movesFromLastCleanup,$COUNTER:1.movesFromLastCleanup',$COUNTER:2.movesFromStart,$COUNTER:2.movesFromStart',robotState,robotState',$COUNTER:0.movesOnTarget,$COUNTER:0.movesOnTarget',robotX,robotX',$PAST_PREV_aux_3,$PAST_PREV_aux_3',$PAST_PREV_aux_0,$PAST_PREV_aux_0'","greenLight,greenLight',targetY,targetY',tankIsClean,tankIsClean',targetX,targetX',nextTarget,nextTarget'",20,,,,,,3,3,221556799223335434890248192,221556799223335434890248192,136797512275767882550345728,398826820018176,1242775742563838791597948928,2513356778978814054214139904,246620867201384351640059904,35747322042253312,CUDD,"Using BDD Package: CUDDFactory, Version: CUDD 3.0","import ""DwyerPatternsNewReduced.spectra""",,0,0,false,true,[],[],,null
Cleaner-10,NOTHING,Cleaner-10.spectra,0,REALIZABILITY,SYS_REAL,"TEMP: false, SORT_AFTERWARDS: false, GROUP_OPTION: NO_GROUPING, INCREMENTAL_ADDITION: NO_INCREMENTAL, USE_RABIN: false, GROUP_AUX: NO_GROUPING, STATIC_ORDER: NO_STATIC_ORDERING, ROY_SIFT_MARKER: false, MAKE_LAST: false, MEMORYLESS: false, REORDER_METHOD: SIFT, NEW_PATTERN: false, INCREMENTAL_JUSTICES: NO_INCREMENTAL, REDUCED_ALGORITHM: FALSE, PARALLEL: false, ORIGINAL: false, BUCHI_INTERSECTION: false, NEW_TRIGGER: false, PARTITIONED: SINGLE_FUNC, VERIFICATION: true, CREATE_GRAPH: false",4781,32,453,-1,102455,107721,"[0, 1, 2, 3, 4, 5, 6, 7, 8, 9, 10, 11, 12, 13, 14, 15, 16, 17, 18, 19, 20, 21, 22, 23, 24, 25, 26, 27, 28, 29, 30, 31, 32, 33, 34, 35, 36, 37, 38, 39, 40, 41, 42, 43, 44, 45, 46, 47, 48, 49, 50, 51, 52, 53, 54, 55, 56, 57, 58, 59, 60, 61, 62, 63, 64, 65, 66, 67, 68, 69, 70, 71, 72, 73, 74, 75, 76, 77, 78, 79, 80, 81, 82, 83, 84, 85, 86, 87, 88, 89]","[0, 1, 2, 3, 4, 5, 6, 7, 8, 9, 10, 11, 12, 13, 14, 15, 16, 17, 18, 19, 20, 21, 22, 23, 24, 25, 26, 27, 28, 29, 30, 31, 32, 33, 34, 35, 36, 37, 38, 39, 40, 41, 42, 43, 44, 45, 46, 47, 48, 49, 50, 51, 52, 53, 54, 55, 56, 57, 58, 59, 60, 61, 62, 63, 64, 65, 66, 67, 68, 69, 70, 71, 72, 73, 74, 75, 76, 77, 78, 79, 80, 81, 82, 83, 84, 85, 86, 87, 88, 89]","[89, 15, 17, 7, 23, 41, 20, 21, 5, 22, 6, 19, 4, 3, 18, 2, 38, 39, 83, 87, 85, 81, 27, 82, 80, 84, 86, 24, 36, 37, 8, 11, 29, 25, 9, 28, 12, 13, 26, 10, 43, 57, 30, 31, 32, 0, 35, 33, 34, 47, 46, 44, 45, 48, 49, 40, 16, 53, 50, 54, 51, 52, 55, 56, 14, 68, 61, 65, 58, 60, 59, 63, 1, 62, 64, 88, 67, 66, 71, 70, 69, 75, 42, 74, 73, 72, 78, 77, 76, 79]","[86, 84, 82, 80, 20, 23, 7, 22, 6, 26, 4, 19, 3, 10, 29, 13, 21, 5, 12, 28, 11, 27, 2, 9, 8, 25, 24, 18, 38, 87, 36, 83, 85, 81, 37, 39, 0, 42, 40, 30, 31, 32, 15, 33, 34, 35, 41, 43, 49, 47, 46, 44, 45, 48, 17, 57, 16, 53, 50, 54, 51, 52, 55, 56, 68, 14, 1, 65, 64, 60, 63, 62, 58, 59, 61, 69, 66, 67, 88, 89, 70, 71, 79, 75, 74, 72, 73, 76, 78, 77]",386,386,15070,69900,NOT_IMPLEMENTED,NOT_IMPLEMENTED,NOT_IMPLEMENTED,NOT_IMPLEMENTED,NOT_IMPLEMENTED,NOT_IMPLEMENTED,NOT_IMPLEMENTED,14799.0,11,1345.3636363636365,-5323.0,2,388,4284,0,1,0,102392,0,,,,,,,,,,,,90,,,NOT_IMPLEMENTED,,false,42,"$COUNTER:4.movesInOrange,$COUNTER:4.movesInOrange',$PAST_PREV_aux_2,$PAST_PREV_aux_2',sleepMode,sleepMode',$PAST_PREV_aux_0,$PAST_PREV_aux_0',$PAST_PREV_aux_3,$PAST_PREV_aux_3',$COUNTER:3.tank,$COUNTER:3.tank',$COUNTER:1.movesFromLastCleanup,$COUNTER:1.movesFromLastCleanup',robotState,robotState',robotY,robotY',robotX,robotX',pos,pos',$COUNTER:0.movesOnTarget,$COUNTER:0.movesOnTarget',$PAST_PREV_aux_4,$PAST_PREV_aux_4',ignoreTarget,ignoreTarget',$PAST_PREV_aux_1,$PAST_PREV_aux_1',$COUNTER:2.movesFromStart,$COUNTER:2.movesFromStart'","targetY,targetY',targetX,targetX',greenLight,greenLight',nextTarget,nextTarget',tankIsClean,tankIsClean'",20,,,,,,3,3,221556799223335434890248192,221556799223335434890248192,136797512275767882550345728,398826820018176,1242775742563838791597948928,2513356778978814054214139904,246620867201384351640059904,35747322042253312,CUDD,"Using BDD Package: CUDDFactory, Version: CUDD 3.0","import ""DwyerPatternsNew.spectra""",,0,0,false,true,[],[],,null
Cleaner-10,FINAL,Cleaner-10.spectra,0,REALIZABILITY,SYS_REAL,"TEMP: false, SORT_AFTERWARDS: false, GROUP_OPTION: NO_GROUPING, INCREMENTAL_ADDITION: NO_INCREMENTAL, USE_RABIN: false, GROUP_AUX: GROUP_PAIR, STATIC_ORDER: REVERSE_CUTHILL, ROY_SIFT_MARKER: false, MAKE_LAST: false, MEMORYLESS: true, REORDER_METHOD: SIFT, NEW_PATTERN: true, INCREMENTAL_JUSTICES: INCREMENTAL_GRAPH, REDUCED_ALGORITHM: FALSE, PARALLEL: false, ORIGINAL: false, BUCHI_INTERSECTION: false, NEW_TRIGGER: true, PARTITIONED: SINGLE_FUNC, VERIFICATION: true, CREATE_GRAPH: false",3218,156,536,-1,179326,183236,"[0, 1, 2, 3, 4, 5, 6, 7, 8, 9, 10, 11, 12, 13, 14, 15, 16, 17, 18, 19, 20, 21, 22, 23, 24, 25, 26, 27, 28, 29, 30, 31, 32, 33, 34, 35, 36, 37, 38, 39, 40, 41, 42, 43, 44, 45, 46, 47, 48, 49, 50, 51, 52, 53, 54, 55, 56, 57, 58, 59, 60, 61, 62, 63, 64, 65, 66, 67, 68, 69, 70, 71, 72, 73, 74, 75, 76, 77, 78, 79, 80, 81, 82, 83, 84, 85, 86, 87, 88, 89]","[0, 1, 2, 3, 4, 5, 6, 7, 8, 9, 10, 11, 12, 13, 14, 15, 16, 17, 18, 19, 20, 21, 22, 23, 24, 25, 26, 27, 28, 29, 30, 31, 32, 33, 34, 35, 36, 37, 38, 39, 40, 41, 42, 43, 44, 45, 46, 47, 48, 49, 50, 51, 52, 53, 54, 55, 56, 57, 58, 59, 60, 61, 62, 63, 64, 65, 66, 67, 68, 69, 70, 71, 72, 73, 74, 75, 76, 77, 78, 79, 80, 81, 82, 83, 84, 85, 86, 87, 88, 89]","[89, 17, 15, 39, 38, 83, 87, 81, 85, 21, 5, 41, 18, 2, 19, 3, 22, 6, 20, 4, 23, 7, 36, 37, 27, 80, 82, 84, 86, 24, 11, 8, 25, 29, 9, 28, 12, 13, 26, 10, 42, 0, 75, 74, 72, 76, 73, 77, 78, 79, 30, 31, 32, 34, 33, 14, 65, 58, 61, 62, 60, 59, 63, 64, 1, 43, 35, 88, 71, 70, 67, 66, 69, 68, 40, 49, 46, 44, 45, 47, 48, 16, 57, 53, 52, 51, 50, 54, 55, 56]","[86, 84, 82, 87, 85, 83, 81, 80, 20, 4, 23, 19, 3, 22, 6, 7, 29, 13, 26, 10, 21, 5, 12, 28, 27, 11, 2, 9, 8, 25, 24, 18, 36, 38, 37, 39, 0, 40, 42, 79, 78, 76, 72, 73, 74, 77, 75, 43, 49, 46, 44, 45, 47, 48, 41, 30, 31, 32, 15, 33, 34, 35, 14, 67, 70, 66, 69, 68, 71, 88, 89, 17, 1, 62, 61, 58, 59, 60, 63, 64, 65, 16, 57, 53, 50, 52, 51, 54, 55, 56]",386,404,10822,269987,NOT_IMPLEMENTED,NOT_IMPLEMENTED,NOT_IMPLEMENTED,NOT_IMPLEMENTED,NOT_IMPLEMENTED,NOT_IMPLEMENTED,NOT_IMPLEMENTED,13228.0,11,1202.5454545454547,-5406.818181818182,2,388,4284,0,1,0,179310,0,,,,,,,,,,,,90,,,NOT_IMPLEMENTED,,false,42,"$PAST_PREV_aux_1,$PAST_PREV_aux_1',sleepMode,sleepMode',$COUNTER:3.tank,$COUNTER:3.tank',$PAST_PREV_aux_4,$PAST_PREV_aux_4',robotY,robotY',$PAST_PREV_aux_2,$PAST_PREV_aux_2',$COUNTER:4.movesInOrange,$COUNTER:4.movesInOrange',pos,pos',ignoreTarget,ignoreTarget',$COUNTER:1.movesFromLastCleanup,$COUNTER:1.movesFromLastCleanup',$COUNTER:2.movesFromStart,$COUNTER:2.movesFromStart',robotState,robotState',$COUNTER:0.movesOnTarget,$COUNTER:0.movesOnTarget',robotX,robotX',$PAST_PREV_aux_3,$PAST_PREV_aux_3',$PAST_PREV_aux_0,$PAST_PREV_aux_0'","greenLight,greenLight',targetY,targetY',tankIsClean,tankIsClean',targetX,targetX',nextTarget,nextTarget'",20,,,,,,3,3,221556799223335434890248192,221556799223335434890248192,136797512275767882550345728,398826820018176,1242775742563838791597948928,2513356778978814054214139904,246620867201384351640059904,35747322042253312,CUDD,"Using BDD Package: CUDDFactory, Version: CUDD 3.0","import ""DwyerPatternsNewReduced.spectra""",,0,0,false,true,[],[],,null
Cleaner-10,NOTHING,Cleaner-10.spectra,0,REALIZABILITY,SYS_REAL,"TEMP: false, SORT_AFTERWARDS: false, GROUP_OPTION: NO_GROUPING, INCREMENTAL_ADDITION: NO_INCREMENTAL, USE_RABIN: false, GROUP_AUX: NO_GROUPING, STATIC_ORDER: NO_STATIC_ORDERING, ROY_SIFT_MARKER: false, MAKE_LAST: false, MEMORYLESS: false, REORDER_METHOD: SIFT, NEW_PATTERN: false, INCREMENTAL_JUSTICES: NO_INCREMENTAL, REDUCED_ALGORITHM: FALSE, PARALLEL: false, ORIGINAL: false, BUCHI_INTERSECTION: false, NEW_TRIGGER: false, PARTITIONED: SINGLE_FUNC, VERIFICATION: true, CREATE_GRAPH: false",3921,16,359,-1,108752,113048,"[0, 1, 2, 3, 4, 5, 6, 7, 8, 9, 10, 11, 12, 13, 14, 15, 16, 17, 18, 19, 20, 21, 22, 23, 24, 25, 26, 27, 28, 29, 30, 31, 32, 33, 34, 35, 36, 37, 38, 39, 40, 41, 42, 43, 44, 45, 46, 47, 48, 49, 50, 51, 52, 53, 54, 55, 56, 57, 58, 59, 60, 61, 62, 63, 64, 65, 66, 67, 68, 69, 70, 71, 72, 73, 74, 75, 76, 77, 78, 79, 80, 81, 82, 83, 84, 85, 86, 87, 88, 89]","[0, 1, 2, 3, 4, 5, 6, 7, 8, 9, 10, 11, 12, 13, 14, 15, 16, 17, 18, 19, 20, 21, 22, 23, 24, 25, 26, 27, 28, 29, 30, 31, 32, 33, 34, 35, 36, 37, 38, 39, 40, 41, 42, 43, 44, 45, 46, 47, 48, 49, 50, 51, 52, 53, 54, 55, 56, 57, 58, 59, 60, 61, 62, 63, 64, 65, 66, 67, 68, 69, 70, 71, 72, 73, 74, 75, 76, 77, 78, 79, 80, 81, 82, 83, 84, 85, 86, 87, 88, 89]","[89, 15, 17, 21, 5, 41, 23, 7, 20, 22, 6, 19, 3, 4, 18, 2, 38, 39, 83, 87, 85, 81, 27, 82, 80, 84, 86, 24, 36, 37, 8, 11, 29, 25, 9, 28, 12, 13, 26, 10, 43, 57, 30, 31, 32, 0, 35, 33, 34, 47, 46, 44, 45, 48, 49, 40, 16, 53, 50, 54, 51, 52, 55, 56, 14, 68, 61, 65, 58, 60, 59, 63, 1, 62, 64, 88, 67, 66, 71, 70, 69, 75, 42, 74, 73, 72, 78, 77, 76, 79]","[86, 84, 82, 80, 20, 23, 7, 22, 6, 26, 4, 19, 3, 10, 29, 13, 5, 21, 12, 11, 28, 27, 2, 9, 8, 25, 24, 18, 38, 87, 36, 83, 85, 81, 37, 39, 0, 42, 43, 40, 30, 31, 32, 15, 33, 34, 35, 41, 49, 47, 46, 44, 45, 48, 17, 57, 16, 53, 50, 54, 51, 52, 55, 56, 68, 71, 14, 1, 62, 61, 58, 59, 60, 63, 64, 65, 69, 67, 88, 66, 89, 70, 79, 75, 74, 72, 73, 76, 78, 77]",386,386,15098,68988,NOT_IMPLEMENTED,NOT_IMPLEMENTED,NOT_IMPLEMENTED,NOT_IMPLEMENTED,NOT_IMPLEMENTED,NOT_IMPLEMENTED,NOT_IMPLEMENTED,15638.0,11,1421.6363636363635,-5306.636363636364,2,388,4284,0,1,0,108689,0,,,,,,,,,,,,90,,,NOT_IMPLEMENTED,,false,42,"sleepMode,sleepMode',$PAST_PREV_aux_3,$PAST_PREV_aux_3',$COUNTER:2.movesFromStart,$COUNTER:2.movesFromStart',$COUNTER:0.movesOnTarget,$COUNTER:0.movesOnTarget',robotState,robotState',$COUNTER:1.movesFromLastCleanup,$COUNTER:1.movesFromLastCleanup',ignoreTarget,ignoreTarget',$PAST_PREV_aux_2,$PAST_PREV_aux_2',$COUNTER:3.tank,$COUNTER:3.tank',robotX,robotX',$PAST_PREV_aux_1,$PAST_PREV_aux_1',$COUNTER:4.movesInOrange,$COUNTER:4.movesInOrange',$PAST_PREV_aux_4,$PAST_PREV_aux_4',pos,pos',$PAST_PREV_aux_0,$PAST_PREV_aux_0',robotY,robotY'","targetY,targetY',tankIsClean,tankIsClean',targetX,targetX',nextTarget,nextTarget',greenLight,greenLight'",20,,,,,,3,3,221556799223335434890248192,221556799223335434890248192,136797512275767882550345728,398826820018176,1242775742563838791597948928,2513356778978814054214139904,246620867201384351640059904,35747322042253312,CUDD,"Using BDD Package: CUDDFactory, Version: CUDD 3.0","import ""DwyerPatternsNew.spectra""",,0,0,false,true,[],[],,null
Cleaner-10,FINAL,Cleaner-10.spectra,0,REALIZABILITY,SYS_REAL,"TEMP: false, SORT_AFTERWARDS: false, GROUP_OPTION: NO_GROUPING, INCREMENTAL_ADDITION: NO_INCREMENTAL, USE_RABIN: false, GROUP_AUX: GROUP_PAIR, STATIC_ORDER: REVERSE_CUTHILL, ROY_SIFT_MARKER: false, MAKE_LAST: false, MEMORYLESS: true, REORDER_METHOD: SIFT, NEW_PATTERN: true, INCREMENTAL_JUSTICES: INCREMENTAL_GRAPH, REDUCED_ALGORITHM: FALSE, PARALLEL: false, ORIGINAL: false, BUCHI_INTERSECTION: false, NEW_TRIGGER: true, PARTITIONED: SINGLE_FUNC, VERIFICATION: true, CREATE_GRAPH: false",3062,172,406,-1,183740,187380,"[0, 1, 2, 3, 4, 5, 6, 7, 8, 9, 10, 11, 12, 13, 14, 15, 16, 17, 18, 19, 20, 21, 22, 23, 24, 25, 26, 27, 28, 29, 30, 31, 32, 33, 34, 35, 36, 37, 38, 39, 40, 41, 42, 43, 44, 45, 46, 47, 48, 49, 50, 51, 52, 53, 54, 55, 56, 57, 58, 59, 60, 61, 62, 63, 64, 65, 66, 67, 68, 69, 70, 71, 72, 73, 74, 75, 76, 77, 78, 79, 80, 81, 82, 83, 84, 85, 86, 87, 88, 89]","[0, 1, 2, 3, 4, 5, 6, 7, 8, 9, 10, 11, 12, 13, 14, 15, 16, 17, 18, 19, 20, 21, 22, 23, 24, 25, 26, 27, 28, 29, 30, 31, 32, 33, 34, 35, 36, 37, 38, 39, 40, 41, 42, 43, 44, 45, 46, 47, 48, 49, 50, 51, 52, 53, 54, 55, 56, 57, 58, 59, 60, 61, 62, 63, 64, 65, 66, 67, 68, 69, 70, 71, 72, 73, 74, 75, 76, 77, 78, 79, 80, 81, 82, 83, 84, 85, 86, 87, 88, 89]","[15, 17, 87, 83, 37, 85, 36, 81, 38, 39, 80, 82, 84, 86, 18, 21, 2, 19, 3, 22, 23, 20, 4, 5, 7, 6, 25, 9, 28, 12, 24, 27, 11, 29, 8, 13, 26, 10, 42, 41, 30, 31, 32, 89, 68, 71, 70, 67, 69, 66, 88, 14, 0, 79, 75, 76, 72, 77, 73, 74, 78, 33, 34, 35, 47, 44, 46, 45, 48, 49, 40, 16, 43, 57, 53, 52, 56, 50, 51, 54, 55, 1, 61, 58, 59, 60, 62, 63, 64, 65]","[86, 84, 82, 87, 85, 83, 81, 80, 20, 4, 23, 19, 3, 22, 26, 10, 6, 7, 29, 13, 21, 5, 28, 12, 27, 11, 2, 9, 8, 25, 24, 18, 36, 38, 37, 39, 0, 40, 42, 76, 72, 73, 77, 74, 78, 79, 75, 15, 43, 41, 17, 49, 47, 46, 44, 45, 48, 71, 70, 67, 66, 69, 68, 88, 14, 89, 30, 31, 32, 33, 34, 35, 1, 65, 61, 58, 62, 59, 60, 63, 64, 16, 57, 53, 50, 51, 52, 54, 55, 56]",386,404,7511,268569,NOT_IMPLEMENTED,NOT_IMPLEMENTED,NOT_IMPLEMENTED,NOT_IMPLEMENTED,NOT_IMPLEMENTED,NOT_IMPLEMENTED,NOT_IMPLEMENTED,22926.0,11,2084.181818181818,-6370.363636363636,2,388,4284,0,1,0,183724,0,,,,,,,,,,,,90,,,NOT_IMPLEMENTED,,false,42,"$PAST_PREV_aux_1,$PAST_PREV_aux_1',sleepMode,sleepMode',$COUNTER:3.tank,$COUNTER:3.tank',$PAST_PREV_aux_4,$PAST_PREV_aux_4',robotY,robotY',$PAST_PREV_aux_2,$PAST_PREV_aux_2',$COUNTER:4.movesInOrange,$COUNTER:4.movesInOrange',pos,pos',ignoreTarget,ignoreTarget',$COUNTER:1.movesFromLastCleanup,$COUNTER:1.movesFromLastCleanup',$COUNTER:2.movesFromStart,$COUNTER:2.movesFromStart',robotState,robotState',$COUNTER:0.movesOnTarget,$COUNTER:0.movesOnTarget',robotX,robotX',$PAST_PREV_aux_3,$PAST_PREV_aux_3',$PAST_PREV_aux_0,$PAST_PREV_aux_0'","greenLight,greenLight',targetY,targetY',tankIsClean,tankIsClean',targetX,targetX',nextTarget,nextTarget'",20,,,,,,3,3,221556799223335434890248192,221556799223335434890248192,136797512275767882550345728,398826820018176,1242775742563838791597948928,2513356778978814054214139904,246620867201384351640059904,35747322042253312,CUDD,"Using BDD Package: CUDDFactory, Version: CUDD 3.0","import ""DwyerPatternsNewReduced.spectra""",,0,0,false,true,[],[],,null
1669966849,NOTHING,1669966849.spectra,0,REALIZABILITY,SYS_REAL,"TEMP: false, SORT_AFTERWARDS: false, GROUP_OPTION: NO_GROUPING, INCREMENTAL_ADDITION: NO_INCREMENTAL, USE_RABIN: false, GROUP_AUX: NO_GROUPING, STATIC_ORDER: NO_STATIC_ORDERING, ROY_SIFT_MARKER: false, MAKE_LAST: false, MEMORYLESS: false, REORDER_METHOD: SIFT, NEW_PATTERN: false, INCREMENTAL_JUSTICES: NO_INCREMENTAL, REDUCED_ALGORITHM: FALSE, PARALLEL: false, ORIGINAL: false, BUCHI_INTERSECTION: false, NEW_TRIGGER: false, PARTITIONED: SINGLE_FUNC, VERIFICATION: true, CREATE_GRAPH: false",3211,15,594,-1,72204,76024,"[0, 1, 2, 3, 4, 5, 6, 7, 8, 9, 10, 11, 12, 13, 14, 15, 16, 17, 18, 19, 20, 21, 22, 23, 24, 25, 26, 27, 28, 29, 30, 31, 32, 33, 34, 35, 36, 37, 38, 39, 40, 41, 42, 43, 44, 45, 46, 47, 48, 49, 50, 51, 52, 53, 54, 55, 56, 57, 58, 59, 60, 61, 62, 63]","[0, 1, 2, 3, 4, 5, 6, 7, 8, 9, 10, 11, 12, 13, 14, 15, 16, 17, 18, 19, 20, 21, 22, 23, 24, 25, 26, 27, 28, 29, 30, 31, 32, 33, 34, 35, 36, 37, 38, 39, 40, 41, 42, 43, 44, 45, 46, 47, 48, 49, 50, 51, 52, 53, 54, 55, 56, 57, 58, 59, 60, 61, 62, 63]","[2, 5, 0, 3, 1, 4, 17, 14, 12, 15, 13, 56, 55, 16, 6, 9, 29, 26, 24, 27, 57, 63, 62, 61, 53, 25, 28, 52, 54, 8, 36, 11, 10, 7, 23, 20, 21, 18, 38, 22, 19, 40, 58, 59, 37, 39, 31, 41, 60, 35, 34, 33, 30, 32, 51, 44, 50, 49, 48, 43, 42, 46, 45, 47]","[40, 38, 36, 14, 17, 57, 15, 55, 56, 12, 13, 16, 26, 29, 25, 28, 20, 23, 18, 21, 19, 22, 24, 27, 35, 33, 30, 34, 31, 32, 2, 5, 0, 3, 1, 4, 54, 53, 7, 52, 10, 9, 62, 61, 6, 59, 58, 41, 39, 60, 63, 37, 11, 45, 8, 46, 42, 43, 51, 50, 48, 44, 47, 49]",283,283,11991,29304,NOT_IMPLEMENTED,NOT_IMPLEMENTED,NOT_IMPLEMENTED,NOT_IMPLEMENTED,NOT_IMPLEMENTED,NOT_IMPLEMENTED,NOT_IMPLEMENTED,20794.0,16,1299.625,-11586.5,2,76,1667,0,1,0,72128,0,,,,,,,,,,,,64,,,NOT_IMPLEMENTED,,false,28,"robotY,robotY',robotX,robotX'","$PATTERN:1.ENV_CONSTRAINT.1.S_responds_to_P_globally.state,$PATTERN:1.ENV_CONSTRAINT.1.S_responds_to_P_globally.state',targetBY,targetBY',targetCY,targetCY',targetBX,targetBX',targetCX,targetCX',targetAY,targetAY',isABlocked,isABlocked',targetAX,targetAX',isCBlocked,isCBlocked',isBBlocked,isBBlocked',$PATTERN:0.ENV_CONSTRAINT.0.S_responds_to_P_globally.state,$PATTERN:0.ENV_CONSTRAINT.0.S_responds_to_P_globally.state',MObstacleX,MObstacleX'",0,,,,,,4,8,18257188750117306368,4559729695968460800,84218019840,550408483292315648,626000348204498944,101186876427760304128,13913220137877504,281527615829835776,CUDD,"Using BDD Package: CUDDFactory, Version: CUDD 3.0","import ""DwyerPatternsNew.spectra""",S_responds_to_P_globally,2,0,false,false,[],[],,null
