Spec,RunConfig,UniqueIdentifier,TIMEOUT,ActionType,Result,CONFIG_TXT,INITIAL_BDD_TIME,HEURISTICS_TIME,SECOND_STEP_TIME,PARALLEL_OVERHEAD_TIME,WORK_TIME,TOTAL_TIME,PRE_ROYBDD_ORDER,POST_HEURISTICS_ORDER,POST_SECOND_STEP_ORDER,POST_WORK_ORDER,PRE_ROYBDD_NODE_SIZE,POST_HEURISTICS_NODE_SIZE,POST_SECOND_STEP_NODE_SIZE,POST_WORK_NODE_SIZE,AVERAGE_AUX_SIZE,AVERAGE_SYS_DOM_IN_CONSTRAINT,AVERAGE_ENV_DOM_IN_CONSTRAINT,AVERAGE_SYS_DOM_SIZE,AVERAGE_ENV_DOM_SIZE,AVERAGE_CONSTRAINT_COMPLEXITY,INTERCONNECTNESS_INDEX,TOTAL_REORDER_TIME,REORDER_CALL_AMOUNT,AVERAGE_REORDER_TIME,AVERAGE_REORDER_GAIN,Z_FIXPOINTS,Y_FIXPOINTS,X_FIXPOINTS,W_FIXPOINTS,REAL_CASES,UNREAL_CASES,REAL_TIME,UNREAL_TIME,GRAPH_DATA,CLUSTER_INC_DATA,CLUSTER_VAR_DATA,DOMAIN_GRAPH_DATA,CONSTRAINT_GRAPH_DATA,JUST_STRING_COUNT,JUST_STRING_ENV_COUNT,TRANS_STRING_SYS_COUNT,TRANS_STRING_ENV_COUNT,INI_STRING_ENV_COUNT,INI_STRING_SYS_COUNT,TOTAL_VARS,SYS_VARS,ENV_VARS,AUX_VARS,UNUSED_CONS_VARS,ARRAYS_INSTANCES,TOTAL_DOMS,SYS_DOMS,ENV_DOMS,AUX_DOMS,DOMS_NOT_QUANTIFIED,INI_SYS_CONSTRAINTS,INI_ENV_CONSTRAINTS,TRANS_ENV_CONSTRAINTS,TRANS_SYS_CONSTRAINTS,JUSTICE_SYS_AMOUNT,JUSTICE_ENV_AMOUNT,Z_SAT_COUNT,Z_SAT_COUNT_START_S0,TRANS_ENV_SAT,TRANS_SYS_SAT,JUSTS_SYS_SAT,JUSTS_ENV_SAT,INI_ENV_SAT,INI_SYS_SAT,FACTORY_TYPE,BDDPACKAGE,IMPORT,UNIQUE_PATTERNS,PATTERN_INSTANCES,TRIGGER_INSTANCES,MONITORS_INSTANCES,COUNTERS_INSTANCES,REDUCED_PATTERN,REDUCED_TRIGGER,SWAPPED_TO_ORIGINAL,ADDITIONAL
RobotsMPUnlabelled3,NOTHING,RobotsMPUnlabelled3.spectra,0,REALIZABILITY,SYS_REAL,"TEMP: false, SORT_AFTERWARDS: false, GROUP_OPTION: NO_GROUPING, INCREMENTAL_ADDITION: NO_INCREMENTAL, USE_RABIN: false, GROUP_AUX: NO_GROUPING, STATIC_ORDER: NO_STATIC_ORDERING, ROY_SIFT_MARKER: false, MAKE_LAST: false, MEMORYLESS: false, REORDER_METHOD: SIFT, NEW_PATTERN: false, INCREMENTAL_JUSTICES: NO_INCREMENTAL, REDUCED_ALGORITHM: FALSE, PARALLEL: false, ORIGINAL: false, BUCHI_INTERSECTION: false, NEW_TRIGGER: false, PARTITIONED: SINGLE_FUNC, VERIFICATION: true, CREATE_GRAPH: false",3025,16,1500,-1,104863,109404,"[0, 1, 2, 3, 4, 5, 6, 7, 8, 9, 10, 11, 12, 13, 14, 15, 16, 17, 18, 19, 20, 21, 22, 23, 24, 25, 26, 27, 28, 29, 30, 31, 32, 33, 34, 35, 36, 37, 38, 39, 40, 41, 42, 43, 44, 45, 46, 47]","[0, 1, 2, 3, 4, 5, 6, 7, 8, 9, 10, 11, 12, 13, 14, 15, 16, 17, 18, 19, 20, 21, 22, 23, 24, 25, 26, 27, 28, 29, 30, 31, 32, 33, 34, 35, 36, 37, 38, 39, 40, 41, 42, 43, 44, 45, 46, 47]","[32, 28, 8, 2, 0, 10, 4, 26, 24, 6, 34, 30, 25, 31, 33, 35, 29, 27, 5, 9, 1, 11, 3, 7, 19, 23, 15, 17, 18, 14, 21, 13, 37, 47, 45, 41, 16, 12, 22, 20, 39, 43, 42, 46, 36, 38, 44, 40]","[8, 10, 0, 2, 4, 32, 28, 24, 6, 33, 29, 25, 1, 5, 9, 11, 3, 7, 14, 18, 15, 19, 23, 22, 35, 31, 27, 34, 26, 21, 13, 17, 30, 45, 41, 37, 43, 42, 47, 46, 39, 38, 20, 12, 16, 36, 44, 40]",122,122,56027,287821,NOT_IMPLEMENTED,NOT_IMPLEMENTED,NOT_IMPLEMENTED,NOT_IMPLEMENTED,NOT_IMPLEMENTED,NOT_IMPLEMENTED,NOT_IMPLEMENTED,86388.0,15,5759.200000000002,-7922.266666666668,2,22,33,0,1,0,104800,0,,,,,,,,,,,,48,,,NOT_IMPLEMENTED,,true,24,"robotsX[0],robotsX[0]',robotsX[1],robotsX[1]',robotsY[2],robotsY[2]',robotsX[2],robotsX[2]',robotsY[0],robotsY[0]',robotsY[1],robotsY[1]'","goalsX[0],goalsX[0]',goalsX[1],goalsX[1]',goalsY[2],goalsY[2]',goalsX[2],goalsX[2]',goalsY[0],goalsY[0]',goalsY[1],goalsY[1]'",0,,,,,,1,1,218976894320640,218976894320640,543726796800,996767956992,1618934235136,281474976710656,90709709291520,68719476736,CUDD,"Using BDD Package: CUDDFactory, Version: CUDD 3.0","import ""DwyerPatternsNew.spectra""",,0,0,false,false,[],[],,null
RobotsMPUnlabelled3,FINAL,RobotsMPUnlabelled3.spectra,0,REALIZABILITY,SYS_REAL,"TEMP: false, SORT_AFTERWARDS: false, GROUP_OPTION: NO_GROUPING, INCREMENTAL_ADDITION: NO_INCREMENTAL, USE_RABIN: false, GROUP_AUX: GROUP_PAIR, STATIC_ORDER: REVERSE_CUTHILL, ROY_SIFT_MARKER: false, MAKE_LAST: false, MEMORYLESS: true, REORDER_METHOD: SIFT, NEW_PATTERN: true, INCREMENTAL_JUSTICES: INCREMENTAL_GRAPH, REDUCED_ALGORITHM: FALSE, PARALLEL: false, ORIGINAL: false, BUCHI_INTERSECTION: false, NEW_TRIGGER: true, PARTITIONED: SINGLE_FUNC, VERIFICATION: true, CREATE_GRAPH: false",2922,125,1125,-1,24500,28672,"[0, 1, 2, 3, 4, 5, 6, 7, 8, 9, 10, 11, 12, 13, 14, 15, 16, 17, 18, 19, 20, 21, 22, 23, 24, 25, 26, 27, 28, 29, 30, 31, 32, 33, 34, 35, 36, 37, 38, 39, 40, 41, 42, 43, 44, 45, 46, 47]","[22, 23, 18, 19, 14, 15, 10, 11, 6, 7, 2, 3, 20, 21, 16, 17, 12, 13, 8, 9, 4, 5, 0, 1, 44, 45, 40, 41, 36, 37, 46, 47, 42, 43, 38, 39, 32, 33, 28, 29, 24, 25, 34, 35, 30, 31, 26, 27]","[40, 38, 46, 36, 42, 12, 14, 22, 20, 16, 44, 18, 17, 39, 45, 43, 37, 47, 41, 13, 21, 23, 15, 19, 10, 6, 7, 11, 5, 3, 1, 9, 33, 25, 31, 35, 27, 29, 8, 4, 2, 0, 28, 26, 30, 32, 34, 24]","[14, 12, 20, 22, 16, 44, 36, 40, 42, 37, 39, 41, 43, 45, 21, 17, 13, 18, 15, 23, 19, 47, 46, 38, 7, 6, 11, 10, 3, 2, 9, 5, 1, 33, 35, 34, 25, 29, 31, 30, 27, 26, 8, 4, 0, 24, 28, 32]",122,122,53780,205753,NOT_IMPLEMENTED,NOT_IMPLEMENTED,NOT_IMPLEMENTED,NOT_IMPLEMENTED,NOT_IMPLEMENTED,NOT_IMPLEMENTED,NOT_IMPLEMENTED,14433.0,14,1030.9285714285716,-6321.571428571429,2,22,33,0,1,0,24438,0,,,,,,,,,,,,48,,,NOT_IMPLEMENTED,,true,24,"robotsX[1],robotsX[1]',robotsX[2],robotsX[2]',robotsY[0],robotsY[0]',robotsY[1],robotsY[1]',robotsX[0],robotsX[0]',robotsY[2],robotsY[2]'","goalsY[1],goalsY[1]',goalsX[1],goalsX[1]',goalsX[2],goalsX[2]',goalsX[0],goalsX[0]',goalsY[0],goalsY[0]',goalsY[2],goalsY[2]'",0,,,,,,1,1,218976894320640,218976894320640,543726796800,996767956992,1618934235136,281474976710656,90709709291520,68719476736,CUDD,"Using BDD Package: CUDDFactory, Version: CUDD 3.0","import ""DwyerPatternsNewReduced.spectra""",,0,0,false,false,[],[],,null
RobotsMPUnlabelled3,NOTHING,RobotsMPUnlabelled3.spectra,0,REALIZABILITY,SYS_REAL,"TEMP: false, SORT_AFTERWARDS: false, GROUP_OPTION: NO_GROUPING, INCREMENTAL_ADDITION: NO_INCREMENTAL, USE_RABIN: false, GROUP_AUX: NO_GROUPING, STATIC_ORDER: NO_STATIC_ORDERING, ROY_SIFT_MARKER: false, MAKE_LAST: false, MEMORYLESS: false, REORDER_METHOD: SIFT, NEW_PATTERN: false, INCREMENTAL_JUSTICES: NO_INCREMENTAL, REDUCED_ALGORITHM: FALSE, PARALLEL: false, ORIGINAL: false, BUCHI_INTERSECTION: false, NEW_TRIGGER: false, PARTITIONED: SINGLE_FUNC, VERIFICATION: true, CREATE_GRAPH: false",2687,0,1266,-1,112549,116502,"[0, 1, 2, 3, 4, 5, 6, 7, 8, 9, 10, 11, 12, 13, 14, 15, 16, 17, 18, 19, 20, 21, 22, 23, 24, 25, 26, 27, 28, 29, 30, 31, 32, 33, 34, 35, 36, 37, 38, 39, 40, 41, 42, 43, 44, 45, 46, 47]","[0, 1, 2, 3, 4, 5, 6, 7, 8, 9, 10, 11, 12, 13, 14, 15, 16, 17, 18, 19, 20, 21, 22, 23, 24, 25, 26, 27, 28, 29, 30, 31, 32, 33, 34, 35, 36, 37, 38, 39, 40, 41, 42, 43, 44, 45, 46, 47]","[32, 28, 8, 2, 0, 10, 4, 26, 24, 6, 34, 30, 25, 31, 33, 35, 29, 27, 5, 9, 1, 11, 3, 7, 19, 23, 15, 17, 18, 14, 21, 13, 37, 47, 45, 41, 16, 12, 22, 20, 39, 43, 42, 46, 36, 38, 44, 40]","[8, 10, 0, 2, 4, 32, 28, 24, 6, 33, 29, 25, 1, 5, 9, 11, 3, 7, 14, 18, 15, 19, 23, 22, 35, 31, 27, 34, 26, 21, 13, 17, 30, 45, 41, 37, 43, 42, 47, 46, 39, 38, 20, 12, 16, 36, 44, 40]",122,122,56005,56845,NOT_IMPLEMENTED,NOT_IMPLEMENTED,NOT_IMPLEMENTED,NOT_IMPLEMENTED,NOT_IMPLEMENTED,NOT_IMPLEMENTED,NOT_IMPLEMENTED,92884.0,15,6192.266666666668,-7922.733333333332,2,22,33,0,1,0,112456,0,,,,,,,,,,,,48,,,NOT_IMPLEMENTED,,true,24,"robotsX[1],robotsX[1]',robotsY[1],robotsY[1]',robotsY[2],robotsY[2]',robotsX[0],robotsX[0]',robotsX[2],robotsX[2]',robotsY[0],robotsY[0]'","goalsY[0],goalsY[0]',goalsY[1],goalsY[1]',goalsX[0],goalsX[0]',goalsY[2],goalsY[2]',goalsX[2],goalsX[2]',goalsX[1],goalsX[1]'",0,,,,,,1,1,218976894320640,218976894320640,543726796800,996767956992,1618934235136,281474976710656,90709709291520,68719476736,CUDD,"Using BDD Package: CUDDFactory, Version: CUDD 3.0","import ""DwyerPatternsNew.spectra""",,0,0,false,false,[],[],,null
RobotsMPUnlabelled3,FINAL,RobotsMPUnlabelled3.spectra,0,REALIZABILITY,SYS_REAL,"TEMP: false, SORT_AFTERWARDS: false, GROUP_OPTION: NO_GROUPING, INCREMENTAL_ADDITION: NO_INCREMENTAL, USE_RABIN: false, GROUP_AUX: GROUP_PAIR, STATIC_ORDER: REVERSE_CUTHILL, ROY_SIFT_MARKER: false, MAKE_LAST: false, MEMORYLESS: true, REORDER_METHOD: SIFT, NEW_PATTERN: true, INCREMENTAL_JUSTICES: INCREMENTAL_GRAPH, REDUCED_ALGORITHM: FALSE, PARALLEL: false, ORIGINAL: false, BUCHI_INTERSECTION: false, NEW_TRIGGER: true, PARTITIONED: SINGLE_FUNC, VERIFICATION: true, CREATE_GRAPH: false",2935,172,1000,-1,26781,30888,"[0, 1, 2, 3, 4, 5, 6, 7, 8, 9, 10, 11, 12, 13, 14, 15, 16, 17, 18, 19, 20, 21, 22, 23, 24, 25, 26, 27, 28, 29, 30, 31, 32, 33, 34, 35, 36, 37, 38, 39, 40, 41, 42, 43, 44, 45, 46, 47]","[22, 23, 18, 19, 14, 15, 10, 11, 6, 7, 2, 3, 20, 21, 16, 17, 12, 13, 8, 9, 4, 5, 0, 1, 44, 45, 40, 41, 36, 37, 46, 47, 42, 43, 38, 39, 32, 33, 28, 29, 24, 25, 34, 35, 30, 31, 26, 27]","[40, 38, 46, 36, 42, 12, 14, 22, 20, 16, 44, 18, 17, 39, 45, 43, 37, 47, 41, 13, 21, 23, 15, 19, 10, 6, 7, 11, 5, 3, 1, 9, 33, 25, 31, 35, 27, 29, 8, 4, 2, 0, 28, 26, 30, 32, 34, 24]","[14, 12, 20, 22, 16, 44, 36, 40, 42, 37, 39, 41, 43, 45, 21, 17, 13, 18, 15, 23, 19, 47, 46, 38, 7, 6, 11, 10, 3, 2, 9, 5, 1, 33, 35, 34, 25, 29, 31, 30, 27, 26, 8, 4, 0, 24, 28, 32]",122,122,53780,205753,NOT_IMPLEMENTED,NOT_IMPLEMENTED,NOT_IMPLEMENTED,NOT_IMPLEMENTED,NOT_IMPLEMENTED,NOT_IMPLEMENTED,NOT_IMPLEMENTED,15449.0,14,1103.5,-6321.571428571429,2,22,33,0,1,0,26750,0,,,,,,,,,,,,48,,,NOT_IMPLEMENTED,,true,24,"robotsX[1],robotsX[1]',robotsX[2],robotsX[2]',robotsY[0],robotsY[0]',robotsY[1],robotsY[1]',robotsX[0],robotsX[0]',robotsY[2],robotsY[2]'","goalsY[1],goalsY[1]',goalsX[1],goalsX[1]',goalsX[2],goalsX[2]',goalsX[0],goalsX[0]',goalsY[0],goalsY[0]',goalsY[2],goalsY[2]'",0,,,,,,1,1,218976894320640,218976894320640,543726796800,996767956992,1618934235136,281474976710656,90709709291520,68719476736,CUDD,"Using BDD Package: CUDDFactory, Version: CUDD 3.0","import ""DwyerPatternsNewReduced.spectra""",,0,0,false,false,[],[],,null
RobotsMPUnlabelled3,NOTHING,RobotsMPUnlabelled3.spectra,0,REALIZABILITY,SYS_REAL,"TEMP: false, SORT_AFTERWARDS: false, GROUP_OPTION: NO_GROUPING, INCREMENTAL_ADDITION: NO_INCREMENTAL, USE_RABIN: false, GROUP_AUX: NO_GROUPING, STATIC_ORDER: NO_STATIC_ORDERING, ROY_SIFT_MARKER: false, MAKE_LAST: false, MEMORYLESS: false, REORDER_METHOD: SIFT, NEW_PATTERN: false, INCREMENTAL_JUSTICES: NO_INCREMENTAL, REDUCED_ALGORITHM: FALSE, PARALLEL: false, ORIGINAL: false, BUCHI_INTERSECTION: false, NEW_TRIGGER: false, PARTITIONED: SINGLE_FUNC, VERIFICATION: true, CREATE_GRAPH: false",2749,15,1438,-1,114564,118766,"[0, 1, 2, 3, 4, 5, 6, 7, 8, 9, 10, 11, 12, 13, 14, 15, 16, 17, 18, 19, 20, 21, 22, 23, 24, 25, 26, 27, 28, 29, 30, 31, 32, 33, 34, 35, 36, 37, 38, 39, 40, 41, 42, 43, 44, 45, 46, 47]","[0, 1, 2, 3, 4, 5, 6, 7, 8, 9, 10, 11, 12, 13, 14, 15, 16, 17, 18, 19, 20, 21, 22, 23, 24, 25, 26, 27, 28, 29, 30, 31, 32, 33, 34, 35, 36, 37, 38, 39, 40, 41, 42, 43, 44, 45, 46, 47]","[32, 28, 8, 2, 0, 10, 4, 26, 24, 6, 34, 30, 25, 31, 33, 35, 29, 27, 5, 9, 1, 11, 3, 7, 19, 23, 15, 17, 18, 14, 21, 13, 37, 47, 45, 41, 16, 12, 22, 20, 39, 43, 42, 46, 36, 38, 44, 40]","[8, 10, 0, 2, 4, 32, 28, 24, 6, 33, 29, 25, 1, 5, 9, 11, 3, 7, 14, 18, 15, 19, 23, 22, 35, 31, 27, 34, 26, 21, 13, 17, 30, 45, 41, 37, 43, 42, 47, 46, 39, 38, 20, 12, 16, 36, 44, 40]",122,122,56007,56847,NOT_IMPLEMENTED,NOT_IMPLEMENTED,NOT_IMPLEMENTED,NOT_IMPLEMENTED,NOT_IMPLEMENTED,NOT_IMPLEMENTED,NOT_IMPLEMENTED,93878.0,15,6258.533333333333,-7922.666666666668,2,22,33,0,1,0,114440,0,,,,,,,,,,,,48,,,NOT_IMPLEMENTED,,true,24,"robotsX[0],robotsX[0]',robotsX[1],robotsX[1]',robotsY[2],robotsY[2]',robotsX[2],robotsX[2]',robotsY[0],robotsY[0]',robotsY[1],robotsY[1]'","goalsX[0],goalsX[0]',goalsX[1],goalsX[1]',goalsY[2],goalsY[2]',goalsX[2],goalsX[2]',goalsY[0],goalsY[0]',goalsY[1],goalsY[1]'",0,,,,,,1,1,218976894320640,218976894320640,543726796800,996767956992,1618934235136,281474976710656,90709709291520,68719476736,CUDD,"Using BDD Package: CUDDFactory, Version: CUDD 3.0","import ""DwyerPatternsNew.spectra""",,0,0,false,false,[],[],,null
RobotsMPUnlabelled3,FINAL,RobotsMPUnlabelled3.spectra,0,REALIZABILITY,SYS_REAL,"TEMP: false, SORT_AFTERWARDS: false, GROUP_OPTION: NO_GROUPING, INCREMENTAL_ADDITION: NO_INCREMENTAL, USE_RABIN: false, GROUP_AUX: GROUP_PAIR, STATIC_ORDER: REVERSE_CUTHILL, ROY_SIFT_MARKER: false, MAKE_LAST: false, MEMORYLESS: true, REORDER_METHOD: SIFT, NEW_PATTERN: true, INCREMENTAL_JUSTICES: INCREMENTAL_GRAPH, REDUCED_ALGORITHM: FALSE, PARALLEL: false, ORIGINAL: false, BUCHI_INTERSECTION: false, NEW_TRIGGER: true, PARTITIONED: SINGLE_FUNC, VERIFICATION: true, CREATE_GRAPH: false",3250,125,1047,-1,27126,31548,"[0, 1, 2, 3, 4, 5, 6, 7, 8, 9, 10, 11, 12, 13, 14, 15, 16, 17, 18, 19, 20, 21, 22, 23, 24, 25, 26, 27, 28, 29, 30, 31, 32, 33, 34, 35, 36, 37, 38, 39, 40, 41, 42, 43, 44, 45, 46, 47]","[22, 23, 18, 19, 14, 15, 10, 11, 6, 7, 2, 3, 20, 21, 16, 17, 12, 13, 8, 9, 4, 5, 0, 1, 44, 45, 40, 41, 36, 37, 46, 47, 42, 43, 38, 39, 32, 33, 28, 29, 24, 25, 34, 35, 30, 31, 26, 27]","[40, 38, 46, 36, 42, 12, 14, 22, 20, 16, 44, 18, 17, 39, 45, 43, 37, 47, 41, 13, 21, 23, 15, 19, 10, 6, 7, 11, 5, 3, 1, 9, 33, 25, 31, 35, 27, 29, 8, 4, 2, 0, 28, 26, 30, 32, 34, 24]","[14, 12, 20, 22, 16, 44, 36, 40, 42, 37, 39, 41, 43, 45, 21, 17, 13, 18, 15, 23, 19, 47, 46, 38, 7, 6, 11, 10, 3, 2, 9, 5, 1, 33, 35, 34, 25, 29, 31, 30, 27, 26, 8, 4, 0, 24, 28, 32]",122,122,53780,205753,NOT_IMPLEMENTED,NOT_IMPLEMENTED,NOT_IMPLEMENTED,NOT_IMPLEMENTED,NOT_IMPLEMENTED,NOT_IMPLEMENTED,NOT_IMPLEMENTED,16312.0,14,1165.1428571428573,-6321.571428571429,2,22,33,0,1,0,27081,0,,,,,,,,,,,,48,,,NOT_IMPLEMENTED,,true,24,"robotsY[2],robotsY[2]',robotsX[2],robotsX[2]',robotsX[1],robotsX[1]',robotsY[0],robotsY[0]',robotsX[0],robotsX[0]',robotsY[1],robotsY[1]'","goalsY[0],goalsY[0]',goalsX[1],goalsX[1]',goalsY[1],goalsY[1]',goalsX[2],goalsX[2]',goalsY[2],goalsY[2]',goalsX[0],goalsX[0]'",0,,,,,,1,1,218976894320640,218976894320640,543726796800,996767956992,1618934235136,281474976710656,90709709291520,68719476736,CUDD,"Using BDD Package: CUDDFactory, Version: CUDD 3.0","import ""DwyerPatternsNewReduced.spectra""",,0,0,false,false,[],[],,null
1673819181,NOTHING,1673819181.spectra,0,REALIZABILITY,SYS_REAL,"TEMP: false, SORT_AFTERWARDS: false, GROUP_OPTION: NO_GROUPING, INCREMENTAL_ADDITION: NO_INCREMENTAL, USE_RABIN: false, GROUP_AUX: NO_GROUPING, STATIC_ORDER: NO_STATIC_ORDERING, ROY_SIFT_MARKER: false, MAKE_LAST: false, MEMORYLESS: false, REORDER_METHOD: SIFT, NEW_PATTERN: false, INCREMENTAL_JUSTICES: NO_INCREMENTAL, REDUCED_ALGORITHM: FALSE, PARALLEL: false, ORIGINAL: false, BUCHI_INTERSECTION: false, NEW_TRIGGER: false, PARTITIONED: SINGLE_FUNC, VERIFICATION: true, CREATE_GRAPH: false",3148,8,1024,-1,187360,191554,"[0, 1, 2, 3, 4, 5, 6, 7, 8, 9, 10, 11, 12, 13, 14, 15, 16, 17, 18, 19, 20, 21, 22, 23, 24, 25, 26, 27, 28, 29, 30, 31, 32, 33, 34, 35, 36, 37, 38, 39, 40, 41, 42, 43, 44, 45, 46, 47, 48, 49, 50, 51, 52, 53, 54, 55, 56, 57, 58, 59, 60, 61, 62, 63, 64, 65, 66, 67, 68, 69]","[0, 1, 2, 3, 4, 5, 6, 7, 8, 9, 10, 11, 12, 13, 14, 15, 16, 17, 18, 19, 20, 21, 22, 23, 24, 25, 26, 27, 28, 29, 30, 31, 32, 33, 34, 35, 36, 37, 38, 39, 40, 41, 42, 43, 44, 45, 46, 47, 48, 49, 50, 51, 52, 53, 54, 55, 56, 57, 58, 59, 60, 61, 62, 63, 64, 65, 66, 67, 68, 69]","[33, 3, 35, 5, 34, 4, 32, 2, 0, 30, 1, 31, 47, 46, 57, 56, 44, 14, 43, 13, 42, 12, 45, 15, 16, 17, 39, 9, 6, 36, 65, 63, 64, 62, 58, 59, 41, 38, 8, 7, 37, 11, 10, 40, 24, 26, 25, 27, 48, 18, 21, 51, 29, 28, 50, 54, 55, 23, 22, 52, 53, 20, 49, 19, 69, 68, 66, 67, 61, 60]","[34, 4, 5, 35, 2, 63, 65, 64, 62, 58, 59, 1, 0, 38, 8, 41, 7, 37, 6, 36, 32, 31, 56, 57, 55, 54, 48, 30, 33, 11, 3, 10, 49, 9, 52, 40, 53, 39, 50, 51, 29, 46, 28, 47, 27, 26, 24, 25, 43, 45, 44, 42, 16, 13, 15, 17, 14, 12, 18, 21, 22, 23, 19, 20, 68, 69, 67, 66, 60, 61]",292,292,37533,26323,NOT_IMPLEMENTED,NOT_IMPLEMENTED,NOT_IMPLEMENTED,NOT_IMPLEMENTED,NOT_IMPLEMENTED,NOT_IMPLEMENTED,NOT_IMPLEMENTED,75151.0,18,4175.055555555556,-39618.33333333334,2,70,650,0,1,0,187312,0,,,,,,,,,,,,70,,,NOT_IMPLEMENTED,,false,30,"robotY0,robotY0',$PATTERN:1.SYS_CONSTRAINT.1.S_responds_to_P_globally.state,$PATTERN:1.SYS_CONSTRAINT.1.S_responds_to_P_globally.state',$COUNTER:1.r1Count,$COUNTER:1.r1Count',robotY1,robotY1',robotX0,robotX0',r2BackToGound,r2BackToGound',$PATTERN:0.SYS_CONSTRAINT.0.S_responds_to_P_globally.state,$PATTERN:0.SYS_CONSTRAINT.0.S_responds_to_P_globally.state',robotX1,robotX1',r1BackToGound,r1BackToGound',$COUNTER:0.r0Count,$COUNTER:0.r0Count'","p0X,p0X',p0Y,p0Y',p1Y,p1Y',elvY,elvY',p1X,p1X'",4,,,,,,4,2,1083528615619180101632,270882153904795025408,19738226851840000,1889640737441424,1201344207800334548992,295147905179352825856,135107988821114880000,23183546269040640,CUDD,"Using BDD Package: CUDDFactory, Version: CUDD 3.0","import ""DwyerPatternsNew.spectra""",S_responds_to_P_globally,2,0,false,true,[],[],,null
1673819181,FINAL,1673819181.spectra,0,REALIZABILITY,SYS_REAL,"TEMP: false, SORT_AFTERWARDS: false, GROUP_OPTION: NO_GROUPING, INCREMENTAL_ADDITION: NO_INCREMENTAL, USE_RABIN: false, GROUP_AUX: GROUP_PAIR, STATIC_ORDER: REVERSE_CUTHILL, ROY_SIFT_MARKER: false, MAKE_LAST: false, MEMORYLESS: true, REORDER_METHOD: SIFT, NEW_PATTERN: true, INCREMENTAL_JUSTICES: INCREMENTAL_GRAPH, REDUCED_ALGORITHM: FALSE, PARALLEL: false, ORIGINAL: false, BUCHI_INTERSECTION: false, NEW_TRIGGER: true, PARTITIONED: SINGLE_FUNC, VERIFICATION: true, CREATE_GRAPH: false",2957,175,1415,-1,164038,168585,"[0, 1, 2, 3, 4, 5, 6, 7, 8, 9, 10, 11, 12, 13, 14, 15, 16, 17, 18, 19, 20, 21, 22, 23, 24, 25, 26, 27, 28, 29, 30, 31, 32, 33, 34, 35, 36, 37, 38, 39, 40, 41, 42, 43, 44, 45, 46, 47, 48, 49, 50, 51, 52, 53, 54, 55, 56, 57, 58, 59, 60, 61, 62, 63, 64, 65, 66, 67, 68, 69]","[0, 1, 2, 3, 4, 5, 6, 7, 8, 9, 10, 11, 12, 13, 14, 15, 16, 17, 18, 19, 20, 21, 22, 23, 24, 25, 26, 27, 28, 29, 30, 31, 32, 33, 34, 35, 36, 37, 38, 39, 40, 41, 42, 43, 44, 45, 46, 47, 48, 49, 50, 51, 52, 53, 54, 55, 56, 57, 58, 59, 60, 61, 62, 63, 64, 65, 66, 67, 68, 69]","[62, 64, 65, 63, 58, 59, 34, 35, 30, 0, 5, 4, 32, 2, 1, 31, 69, 67, 66, 68, 60, 61, 33, 3, 46, 39, 9, 6, 36, 44, 14, 43, 13, 27, 42, 12, 45, 38, 8, 7, 37, 47, 15, 17, 16, 24, 41, 11, 10, 40, 26, 25, 51, 48, 18, 21, 50, 20, 19, 49, 23, 22, 53, 52, 28, 29, 56, 57, 54, 55]","[63, 65, 64, 62, 58, 59, 32, 31, 2, 1, 35, 34, 5, 4, 8, 38, 41, 7, 37, 0, 6, 36, 11, 40, 10, 9, 39, 53, 50, 30, 3, 33, 57, 56, 55, 54, 49, 29, 28, 47, 27, 52, 46, 45, 48, 26, 44, 43, 14, 13, 42, 12, 24, 25, 51, 17, 16, 15, 21, 22, 23, 19, 18, 20, 60, 61, 66, 67, 69, 68]",292,298,36275,223043,NOT_IMPLEMENTED,NOT_IMPLEMENTED,NOT_IMPLEMENTED,NOT_IMPLEMENTED,NOT_IMPLEMENTED,NOT_IMPLEMENTED,NOT_IMPLEMENTED,44347.0,17,2608.6470588235297,-32703.882352941164,2,70,650,0,1,0,164022,0,,,,,,,,,,,,70,,,NOT_IMPLEMENTED,,false,30,"r2BackToGound,r2BackToGound',$PATTERN:1.SYS_CONSTRAINT.1.S_responds_to_P_globally.state,$PATTERN:1.SYS_CONSTRAINT.1.S_responds_to_P_globally.state',robotY0,robotY0',$COUNTER:1.r1Count,$COUNTER:1.r1Count',robotX1,robotX1',r1BackToGound,r1BackToGound',$PATTERN:0.SYS_CONSTRAINT.0.S_responds_to_P_globally.state,$PATTERN:0.SYS_CONSTRAINT.0.S_responds_to_P_globally.state',$COUNTER:0.r0Count,$COUNTER:0.r0Count',robotX0,robotX0',robotY1,robotY1'","p1Y,p1Y',p0X,p0X',elvY,elvY',p1X,p1X',p0Y,p0Y'",4,,,,,,4,2,1083528615619180101632,270882153904795025408,19738226851840000,1889640737441424,1201344207800334548992,295147905179352825856,135107988821114880000,23183546269040640,CUDD,"Using BDD Package: CUDDFactory, Version: CUDD 3.0","import ""DwyerPatternsNewReduced.spectra""",S_responds_to_P_globally,2,0,false,true,[],[],,null
1673819181,NOTHING,1673819181.spectra,0,REALIZABILITY,SYS_REAL,"TEMP: false, SORT_AFTERWARDS: false, GROUP_OPTION: NO_GROUPING, INCREMENTAL_ADDITION: NO_INCREMENTAL, USE_RABIN: false, GROUP_AUX: NO_GROUPING, STATIC_ORDER: NO_STATIC_ORDERING, ROY_SIFT_MARKER: false, MAKE_LAST: false, MEMORYLESS: false, REORDER_METHOD: SIFT, NEW_PATTERN: false, INCREMENTAL_JUSTICES: NO_INCREMENTAL, REDUCED_ALGORITHM: FALSE, PARALLEL: false, ORIGINAL: false, BUCHI_INTERSECTION: false, NEW_TRIGGER: false, PARTITIONED: SINGLE_FUNC, VERIFICATION: true, CREATE_GRAPH: false",2625,18,1497,-1,278356,282496,"[0, 1, 2, 3, 4, 5, 6, 7, 8, 9, 10, 11, 12, 13, 14, 15, 16, 17, 18, 19, 20, 21, 22, 23, 24, 25, 26, 27, 28, 29, 30, 31, 32, 33, 34, 35, 36, 37, 38, 39, 40, 41, 42, 43, 44, 45, 46, 47, 48, 49, 50, 51, 52, 53, 54, 55, 56, 57, 58, 59, 60, 61, 62, 63, 64, 65, 66, 67, 68, 69]","[0, 1, 2, 3, 4, 5, 6, 7, 8, 9, 10, 11, 12, 13, 14, 15, 16, 17, 18, 19, 20, 21, 22, 23, 24, 25, 26, 27, 28, 29, 30, 31, 32, 33, 34, 35, 36, 37, 38, 39, 40, 41, 42, 43, 44, 45, 46, 47, 48, 49, 50, 51, 52, 53, 54, 55, 56, 57, 58, 59, 60, 61, 62, 63, 64, 65, 66, 67, 68, 69]","[31, 1, 32, 2, 35, 34, 5, 4, 3, 47, 33, 30, 0, 46, 56, 57, 44, 43, 13, 14, 42, 12, 45, 15, 16, 17, 39, 9, 6, 36, 63, 65, 64, 62, 58, 59, 41, 11, 10, 40, 7, 8, 37, 24, 27, 38, 29, 28, 48, 18, 21, 51, 26, 25, 53, 23, 22, 49, 52, 54, 55, 50, 69, 67, 66, 68, 19, 20, 60, 61]","[31, 32, 1, 2, 35, 34, 4, 5, 3, 33, 63, 65, 64, 62, 58, 59, 0, 55, 54, 8, 38, 6, 36, 7, 37, 30, 41, 11, 10, 9, 46, 47, 17, 16, 57, 56, 50, 44, 43, 14, 13, 42, 12, 39, 40, 29, 28, 53, 45, 49, 27, 48, 24, 25, 26, 51, 52, 15, 21, 22, 23, 18, 19, 20, 68, 69, 66, 67, 61, 60]",292,292,37758,37284,NOT_IMPLEMENTED,NOT_IMPLEMENTED,NOT_IMPLEMENTED,NOT_IMPLEMENTED,NOT_IMPLEMENTED,NOT_IMPLEMENTED,NOT_IMPLEMENTED,84670.0,17,4980.588235294117,-42884.88235294116,2,70,650,0,1,0,278278,0,,,,,,,,,,,,70,,,NOT_IMPLEMENTED,,false,30,"r2BackToGound,r2BackToGound',$COUNTER:0.r0Count,$COUNTER:0.r0Count',robotX1,robotX1',robotY0,robotY0',$PATTERN:1.SYS_CONSTRAINT.1.S_responds_to_P_globally.state,$PATTERN:1.SYS_CONSTRAINT.1.S_responds_to_P_globally.state',robotY1,robotY1',robotX0,robotX0',$COUNTER:1.r1Count,$COUNTER:1.r1Count',$PATTERN:0.SYS_CONSTRAINT.0.S_responds_to_P_globally.state,$PATTERN:0.SYS_CONSTRAINT.0.S_responds_to_P_globally.state',r1BackToGound,r1BackToGound'","p1X,p1X',p0Y,p0Y',p1Y,p1Y',p0X,p0X',elvY,elvY'",4,,,,,,4,2,1083528615619180101632,270882153904795025408,19738226851840000,1889640737441424,1201344207800334548992,295147905179352825856,135107988821114880000,23183546269040640,CUDD,"Using BDD Package: CUDDFactory, Version: CUDD 3.0","import ""DwyerPatternsNew.spectra""",S_responds_to_P_globally,2,0,false,true,[],[],,null
1673819181,FINAL,1673819181.spectra,0,REALIZABILITY,SYS_REAL,"TEMP: false, SORT_AFTERWARDS: false, GROUP_OPTION: NO_GROUPING, INCREMENTAL_ADDITION: NO_INCREMENTAL, USE_RABIN: false, GROUP_AUX: GROUP_PAIR, STATIC_ORDER: REVERSE_CUTHILL, ROY_SIFT_MARKER: false, MAKE_LAST: false, MEMORYLESS: true, REORDER_METHOD: SIFT, NEW_PATTERN: true, INCREMENTAL_JUSTICES: INCREMENTAL_GRAPH, REDUCED_ALGORITHM: FALSE, PARALLEL: false, ORIGINAL: false, BUCHI_INTERSECTION: false, NEW_TRIGGER: true, PARTITIONED: SINGLE_FUNC, VERIFICATION: true, CREATE_GRAPH: false",3094,141,859,-1,45126,49220,"[0, 1, 2, 3, 4, 5, 6, 7, 8, 9, 10, 11, 12, 13, 14, 15, 16, 17, 18, 19, 20, 21, 22, 23, 24, 25, 26, 27, 28, 29, 30, 31, 32, 33, 34, 35, 36, 37, 38, 39, 40, 41, 42, 43, 44, 45, 46, 47, 48, 49, 50, 51, 52, 53, 54, 55, 56, 57, 58, 59, 60, 61, 62, 63, 64, 65, 66, 67, 68, 69]","[0, 1, 2, 3, 4, 5, 6, 7, 8, 9, 10, 11, 12, 13, 14, 15, 16, 17, 18, 19, 20, 21, 22, 23, 24, 25, 26, 27, 28, 29, 30, 31, 32, 33, 34, 35, 36, 37, 38, 39, 40, 41, 42, 43, 44, 45, 46, 47, 48, 49, 50, 51, 52, 53, 54, 55, 56, 57, 58, 59, 60, 61, 62, 63, 64, 65, 66, 67, 68, 69]","[63, 65, 64, 62, 58, 59, 30, 0, 32, 2, 35, 34, 5, 4, 1, 31, 38, 8, 41, 11, 7, 37, 6, 36, 40, 10, 33, 3, 67, 66, 68, 69, 60, 61, 46, 44, 24, 14, 43, 13, 42, 12, 25, 26, 39, 9, 45, 27, 15, 16, 17, 47, 28, 29, 50, 48, 18, 20, 19, 49, 21, 51, 23, 22, 54, 53, 52, 55, 56, 57]","[58, 59, 63, 65, 64, 62, 1, 2, 32, 31, 35, 34, 5, 4, 0, 38, 8, 41, 11, 7, 37, 10, 6, 36, 40, 9, 39, 50, 30, 3, 53, 49, 33, 52, 55, 54, 57, 29, 28, 56, 51, 48, 26, 25, 24, 47, 46, 27, 45, 44, 43, 42, 17, 16, 15, 12, 13, 14, 21, 22, 23, 18, 20, 19, 61, 60, 69, 68, 67, 66]",292,298,27699,176180,NOT_IMPLEMENTED,NOT_IMPLEMENTED,NOT_IMPLEMENTED,NOT_IMPLEMENTED,NOT_IMPLEMENTED,NOT_IMPLEMENTED,NOT_IMPLEMENTED,16850.0,16,1053.125,-9892.0625,2,70,650,0,1,0,45110,0,,,,,,,,,,,,70,,,NOT_IMPLEMENTED,,false,30,"r2BackToGound,r2BackToGound',$PATTERN:1.SYS_CONSTRAINT.1.S_responds_to_P_globally.state,$PATTERN:1.SYS_CONSTRAINT.1.S_responds_to_P_globally.state',robotY0,robotY0',$COUNTER:1.r1Count,$COUNTER:1.r1Count',robotX1,robotX1',r1BackToGound,r1BackToGound',$PATTERN:0.SYS_CONSTRAINT.0.S_responds_to_P_globally.state,$PATTERN:0.SYS_CONSTRAINT.0.S_responds_to_P_globally.state',$COUNTER:0.r0Count,$COUNTER:0.r0Count',robotX0,robotX0',robotY1,robotY1'","p1Y,p1Y',p0X,p0X',elvY,elvY',p1X,p1X',p0Y,p0Y'",4,,,,,,4,2,1083528615619180101632,270882153904795025408,19738226851840000,1889640737441424,1201344207800334548992,295147905179352825856,135107988821114880000,23183546269040640,CUDD,"Using BDD Package: CUDDFactory, Version: CUDD 3.0","import ""DwyerPatternsNewReduced.spectra""",S_responds_to_P_globally,2,0,false,true,[],[],,null
1673819181,NOTHING,1673819181.spectra,0,REALIZABILITY,SYS_REAL,"TEMP: false, SORT_AFTERWARDS: false, GROUP_OPTION: NO_GROUPING, INCREMENTAL_ADDITION: NO_INCREMENTAL, USE_RABIN: false, GROUP_AUX: NO_GROUPING, STATIC_ORDER: NO_STATIC_ORDERING, ROY_SIFT_MARKER: false, MAKE_LAST: false, MEMORYLESS: false, REORDER_METHOD: SIFT, NEW_PATTERN: false, INCREMENTAL_JUSTICES: NO_INCREMENTAL, REDUCED_ALGORITHM: FALSE, PARALLEL: false, ORIGINAL: false, BUCHI_INTERSECTION: false, NEW_TRIGGER: false, PARTITIONED: SINGLE_FUNC, VERIFICATION: true, CREATE_GRAPH: false",3281,16,1032,-1,378456,382785,"[0, 1, 2, 3, 4, 5, 6, 7, 8, 9, 10, 11, 12, 13, 14, 15, 16, 17, 18, 19, 20, 21, 22, 23, 24, 25, 26, 27, 28, 29, 30, 31, 32, 33, 34, 35, 36, 37, 38, 39, 40, 41, 42, 43, 44, 45, 46, 47, 48, 49, 50, 51, 52, 53, 54, 55, 56, 57, 58, 59, 60, 61, 62, 63, 64, 65, 66, 67, 68, 69]","[0, 1, 2, 3, 4, 5, 6, 7, 8, 9, 10, 11, 12, 13, 14, 15, 16, 17, 18, 19, 20, 21, 22, 23, 24, 25, 26, 27, 28, 29, 30, 31, 32, 33, 34, 35, 36, 37, 38, 39, 40, 41, 42, 43, 44, 45, 46, 47, 48, 49, 50, 51, 52, 53, 54, 55, 56, 57, 58, 59, 60, 61, 62, 63, 64, 65, 66, 67, 68, 69]","[35, 30, 0, 32, 2, 31, 1, 34, 5, 4, 33, 3, 43, 44, 13, 14, 47, 46, 42, 12, 45, 15, 16, 17, 36, 6, 39, 9, 24, 41, 11, 10, 40, 37, 7, 8, 38, 26, 25, 64, 62, 65, 63, 58, 59, 27, 48, 18, 21, 51, 50, 28, 29, 23, 22, 52, 20, 53, 49, 19, 54, 55, 56, 57, 60, 61, 68, 69, 66, 67]","[2, 1, 32, 31, 35, 34, 5, 4, 17, 8, 38, 41, 7, 37, 11, 10, 40, 3, 33, 9, 39, 6, 36, 47, 46, 16, 54, 57, 56, 0, 30, 44, 43, 14, 13, 42, 55, 12, 29, 53, 50, 28, 27, 45, 48, 24, 26, 25, 49, 51, 52, 15, 64, 62, 65, 63, 58, 21, 22, 23, 59, 18, 19, 20, 60, 61, 68, 69, 66, 67]",292,292,19102,54269,NOT_IMPLEMENTED,NOT_IMPLEMENTED,NOT_IMPLEMENTED,NOT_IMPLEMENTED,NOT_IMPLEMENTED,NOT_IMPLEMENTED,NOT_IMPLEMENTED,128681.0,17,7569.470588235291,-35289.23529411765,2,70,650,0,1,0,378394,0,,,,,,,,,,,,70,,,NOT_IMPLEMENTED,,false,30,"robotY0,robotY0',$PATTERN:1.SYS_CONSTRAINT.1.S_responds_to_P_globally.state,$PATTERN:1.SYS_CONSTRAINT.1.S_responds_to_P_globally.state',$COUNTER:1.r1Count,$COUNTER:1.r1Count',robotY1,robotY1',robotX0,robotX0',r2BackToGound,r2BackToGound',$PATTERN:0.SYS_CONSTRAINT.0.S_responds_to_P_globally.state,$PATTERN:0.SYS_CONSTRAINT.0.S_responds_to_P_globally.state',robotX1,robotX1',r1BackToGound,r1BackToGound',$COUNTER:0.r0Count,$COUNTER:0.r0Count'","p0X,p0X',p0Y,p0Y',p1Y,p1Y',elvY,elvY',p1X,p1X'",4,,,,,,4,2,1083528615619180101632,270882153904795025408,19738226851840000,1889640737441424,1201344207800334548992,295147905179352825856,135107988821114880000,23183546269040640,CUDD,"Using BDD Package: CUDDFactory, Version: CUDD 3.0","import ""DwyerPatternsNew.spectra""",S_responds_to_P_globally,2,0,false,true,[],[],,null
1673819181,FINAL,1673819181.spectra,0,REALIZABILITY,SYS_REAL,"TEMP: false, SORT_AFTERWARDS: false, GROUP_OPTION: NO_GROUPING, INCREMENTAL_ADDITION: NO_INCREMENTAL, USE_RABIN: false, GROUP_AUX: GROUP_PAIR, STATIC_ORDER: REVERSE_CUTHILL, ROY_SIFT_MARKER: false, MAKE_LAST: false, MEMORYLESS: true, REORDER_METHOD: SIFT, NEW_PATTERN: true, INCREMENTAL_JUSTICES: INCREMENTAL_GRAPH, REDUCED_ALGORITHM: FALSE, PARALLEL: false, ORIGINAL: false, BUCHI_INTERSECTION: false, NEW_TRIGGER: true, PARTITIONED: SINGLE_FUNC, VERIFICATION: true, CREATE_GRAPH: false",3594,125,687,-1,413290,417696,"[0, 1, 2, 3, 4, 5, 6, 7, 8, 9, 10, 11, 12, 13, 14, 15, 16, 17, 18, 19, 20, 21, 22, 23, 24, 25, 26, 27, 28, 29, 30, 31, 32, 33, 34, 35, 36, 37, 38, 39, 40, 41, 42, 43, 44, 45, 46, 47, 48, 49, 50, 51, 52, 53, 54, 55, 56, 57, 58, 59, 60, 61, 62, 63, 64, 65, 66, 67, 68, 69]","[0, 1, 2, 3, 4, 5, 6, 7, 8, 9, 10, 11, 12, 13, 14, 15, 16, 17, 18, 19, 20, 21, 22, 23, 24, 25, 26, 27, 28, 29, 30, 31, 32, 33, 34, 35, 36, 37, 38, 39, 40, 41, 42, 43, 44, 45, 46, 47, 48, 49, 50, 51, 52, 53, 54, 55, 56, 57, 58, 59, 60, 61, 62, 63, 64, 65, 66, 67, 68, 69]","[62, 64, 65, 63, 59, 58, 34, 35, 30, 0, 5, 4, 32, 2, 31, 1, 67, 66, 68, 69, 33, 3, 60, 61, 47, 46, 44, 14, 43, 13, 42, 12, 45, 15, 17, 16, 39, 9, 6, 36, 38, 8, 7, 37, 24, 27, 41, 11, 10, 40, 26, 25, 50, 48, 28, 29, 18, 20, 19, 49, 21, 51, 23, 22, 54, 53, 52, 55, 56, 57]","[63, 65, 64, 62, 58, 59, 31, 32, 1, 2, 35, 0, 30, 34, 5, 4, 47, 33, 3, 46, 44, 43, 14, 13, 16, 17, 45, 15, 38, 8, 7, 6, 37, 36, 11, 10, 41, 40, 9, 39, 50, 55, 56, 54, 12, 42, 48, 27, 29, 28, 51, 49, 24, 25, 26, 18, 19, 20, 57, 52, 53, 21, 22, 23, 60, 61, 66, 67, 68, 69]",292,298,30292,445642,NOT_IMPLEMENTED,NOT_IMPLEMENTED,NOT_IMPLEMENTED,NOT_IMPLEMENTED,NOT_IMPLEMENTED,NOT_IMPLEMENTED,NOT_IMPLEMENTED,51753.0,16,3234.5625,-14390.75,2,70,650,0,1,0,413274,0,,,,,,,,,,,,70,,,NOT_IMPLEMENTED,,false,30,"robotX0,robotX0',$COUNTER:1.r1Count,$COUNTER:1.r1Count',$PATTERN:0.SYS_CONSTRAINT.0.S_responds_to_P_globally.state,$PATTERN:0.SYS_CONSTRAINT.0.S_responds_to_P_globally.state',robotX1,robotX1',robotY0,robotY0',$PATTERN:1.SYS_CONSTRAINT.1.S_responds_to_P_globally.state,$PATTERN:1.SYS_CONSTRAINT.1.S_responds_to_P_globally.state',$COUNTER:0.r0Count,$COUNTER:0.r0Count',r2BackToGound,r2BackToGound',robotY1,robotY1',r1BackToGound,r1BackToGound'","elvY,elvY',p0X,p0X',p1Y,p1Y',p1X,p1X',p0Y,p0Y'",4,,,,,,4,2,1083528615619180101632,270882153904795025408,19738226851840000,1889640737441424,1201344207800334548992,295147905179352825856,135107988821114880000,23183546269040640,CUDD,"Using BDD Package: CUDDFactory, Version: CUDD 3.0","import ""DwyerPatternsNewReduced.spectra""",S_responds_to_P_globally,2,0,false,true,[],[],,null
1673821936,NOTHING,1673821936.spectra,0,REALIZABILITY,SYS_REAL,"TEMP: false, SORT_AFTERWARDS: false, GROUP_OPTION: NO_GROUPING, INCREMENTAL_ADDITION: NO_INCREMENTAL, USE_RABIN: false, GROUP_AUX: NO_GROUPING, STATIC_ORDER: NO_STATIC_ORDERING, ROY_SIFT_MARKER: false, MAKE_LAST: false, MEMORYLESS: false, REORDER_METHOD: SIFT, NEW_PATTERN: false, INCREMENTAL_JUSTICES: NO_INCREMENTAL, REDUCED_ALGORITHM: FALSE, PARALLEL: false, ORIGINAL: false, BUCHI_INTERSECTION: false, NEW_TRIGGER: false, PARTITIONED: SINGLE_FUNC, VERIFICATION: true, CREATE_GRAPH: false",3312,16,953,-1,47360,51641,"[0, 1, 2, 3, 4, 5, 6, 7, 8, 9, 10, 11, 12, 13, 14, 15, 16, 17, 18, 19, 20, 21, 22, 23, 24, 25, 26, 27, 28, 29, 30, 31, 32, 33, 34, 35, 36, 37, 38, 39, 40, 41, 42, 43, 44, 45, 46, 47, 48, 49, 50, 51, 52, 53, 54, 55, 56, 57, 58, 59, 60, 61, 62, 63, 64, 65, 66, 67, 68, 69]","[0, 1, 2, 3, 4, 5, 6, 7, 8, 9, 10, 11, 12, 13, 14, 15, 16, 17, 18, 19, 20, 21, 22, 23, 24, 25, 26, 27, 28, 29, 30, 31, 32, 33, 34, 35, 36, 37, 38, 39, 40, 41, 42, 43, 44, 45, 46, 47, 48, 49, 50, 51, 52, 53, 54, 55, 56, 57, 58, 59, 60, 61, 62, 63, 64, 65, 66, 67, 68, 69]","[55, 54, 31, 7, 32, 8, 35, 34, 10, 11, 30, 6, 39, 15, 12, 36, 63, 65, 64, 62, 58, 59, 57, 56, 33, 9, 46, 47, 3, 41, 17, 14, 13, 16, 37, 38, 51, 48, 24, 0, 40, 27, 5, 2, 45, 1, 4, 42, 18, 43, 19, 21, 22, 23, 20, 44, 50, 29, 28, 26, 49, 25, 52, 53, 60, 61, 69, 68, 66, 67]","[63, 65, 62, 64, 58, 59, 32, 31, 7, 8, 35, 34, 11, 10, 9, 14, 38, 6, 13, 37, 12, 36, 50, 30, 41, 17, 16, 40, 53, 15, 39, 33, 57, 56, 55, 48, 54, 51, 49, 5, 4, 52, 3, 2, 1, 0, 47, 46, 45, 44, 43, 42, 18, 19, 22, 23, 21, 20, 27, 28, 29, 24, 25, 26, 60, 61, 68, 69, 67, 66]",292,292,20541,19783,NOT_IMPLEMENTED,NOT_IMPLEMENTED,NOT_IMPLEMENTED,NOT_IMPLEMENTED,NOT_IMPLEMENTED,NOT_IMPLEMENTED,NOT_IMPLEMENTED,8946.0,17,526.2352941176472,-8131.470588235294,2,84,780,0,1,0,47313,0,,,,,,,,,,,,70,,,NOT_IMPLEMENTED,,false,30,"robot0BackAtFloor,robot0BackAtFloor',$PATTERN:0.SYS_CONSTRAINT.0.S_responds_to_P_globally.state,$PATTERN:0.SYS_CONSTRAINT.0.S_responds_to_P_globally.state',$COUNTER:1.packagesCounter1,$COUNTER:1.packagesCounter1',$COUNTER:0.packagesCounter0,$COUNTER:0.packagesCounter0',robotX1,robotX1',robot1BackAtFloor,robot1BackAtFloor',robotY0,robotY0',$PATTERN:1.SYS_CONSTRAINT.1.S_responds_to_P_globally.state,$PATTERN:1.SYS_CONSTRAINT.1.S_responds_to_P_globally.state',robotY1,robotY1',robotX0,robotX0'","elevatorY,elevatorY',lamp1X,lamp1X',lamp0Y,lamp0Y',lamp0X,lamp0X',lamp1Y,lamp1Y'",4,,,,,,6,2,1082812080796349759488,270703020199087439872,19738226851840000,1840260008137320,1496492112979687374848,295147905179352825856,135107988821114880000,23183546269040640,CUDD,"Using BDD Package: CUDDFactory, Version: CUDD 3.0","import ""DwyerPatternsNew.spectra""",S_responds_to_P_globally,2,0,false,true,[],[],,null
1673821936,FINAL,1673821936.spectra,0,REALIZABILITY,SYS_REAL,"TEMP: false, SORT_AFTERWARDS: false, GROUP_OPTION: NO_GROUPING, INCREMENTAL_ADDITION: NO_INCREMENTAL, USE_RABIN: false, GROUP_AUX: GROUP_PAIR, STATIC_ORDER: REVERSE_CUTHILL, ROY_SIFT_MARKER: false, MAKE_LAST: false, MEMORYLESS: true, REORDER_METHOD: SIFT, NEW_PATTERN: true, INCREMENTAL_JUSTICES: INCREMENTAL_GRAPH, REDUCED_ALGORITHM: FALSE, PARALLEL: false, ORIGINAL: false, BUCHI_INTERSECTION: false, NEW_TRIGGER: true, PARTITIONED: SINGLE_FUNC, VERIFICATION: true, CREATE_GRAPH: false",3266,234,781,-1,50595,54876,"[0, 1, 2, 3, 4, 5, 6, 7, 8, 9, 10, 11, 12, 13, 14, 15, 16, 17, 18, 19, 20, 21, 22, 23, 24, 25, 26, 27, 28, 29, 30, 31, 32, 33, 34, 35, 36, 37, 38, 39, 40, 41, 42, 43, 44, 45, 46, 47, 48, 49, 50, 51, 52, 53, 54, 55, 56, 57, 58, 59, 60, 61, 62, 63, 64, 65, 66, 67, 68, 69]","[0, 1, 2, 3, 4, 5, 6, 7, 8, 9, 10, 11, 12, 13, 14, 15, 16, 17, 18, 19, 20, 21, 22, 23, 24, 25, 26, 27, 28, 29, 30, 31, 32, 33, 34, 35, 36, 37, 38, 39, 40, 41, 42, 43, 44, 45, 46, 47, 48, 49, 50, 51, 52, 53, 54, 55, 56, 57, 58, 59, 60, 61, 62, 63, 64, 65, 66, 67, 68, 69]","[64, 62, 65, 63, 59, 58, 54, 55, 31, 7, 32, 8, 35, 30, 6, 34, 57, 56, 33, 46, 47, 9, 10, 11, 39, 15, 12, 36, 3, 51, 48, 41, 17, 14, 13, 16, 24, 37, 38, 40, 0, 27, 5, 2, 45, 1, 4, 42, 18, 43, 19, 21, 20, 44, 22, 23, 50, 29, 28, 26, 49, 25, 52, 53, 60, 61, 67, 66, 68, 69]","[63, 65, 64, 62, 58, 59, 31, 32, 7, 8, 35, 11, 10, 14, 38, 17, 41, 13, 37, 16, 40, 12, 36, 15, 50, 6, 30, 34, 9, 33, 39, 54, 55, 57, 56, 53, 52, 49, 5, 4, 48, 51, 2, 1, 0, 47, 3, 44, 43, 46, 45, 42, 18, 19, 22, 23, 21, 20, 27, 28, 29, 24, 25, 26, 60, 61, 67, 66, 69, 68]",292,298,23646,192396,NOT_IMPLEMENTED,NOT_IMPLEMENTED,NOT_IMPLEMENTED,NOT_IMPLEMENTED,NOT_IMPLEMENTED,NOT_IMPLEMENTED,NOT_IMPLEMENTED,11482.0,15,765.4666666666665,-8035.466666666666,2,84,780,0,1,0,50563,0,,,,,,,,,,,,70,,,NOT_IMPLEMENTED,,false,30,"robot1BackAtFloor,robot1BackAtFloor',robotY0,robotY0',robotX1,robotX1',$COUNTER:1.packagesCounter1,$COUNTER:1.packagesCounter1',robotY1,robotY1',robotX0,robotX0',$COUNTER:0.packagesCounter0,$COUNTER:0.packagesCounter0',$PATTERN:1.SYS_CONSTRAINT.1.S_responds_to_P_globally.state,$PATTERN:1.SYS_CONSTRAINT.1.S_responds_to_P_globally.state',robot0BackAtFloor,robot0BackAtFloor',$PATTERN:0.SYS_CONSTRAINT.0.S_responds_to_P_globally.state,$PATTERN:0.SYS_CONSTRAINT.0.S_responds_to_P_globally.state'","lamp0X,lamp0X',lamp1Y,lamp1Y',elevatorY,elevatorY',lamp1X,lamp1X',lamp0Y,lamp0Y'",4,,,,,,6,2,1082812080796349759488,270703020199087439872,19738226851840000,1840260008137320,1496492112979687374848,295147905179352825856,135107988821114880000,23183546269040640,CUDD,"Using BDD Package: CUDDFactory, Version: CUDD 3.0","import ""DwyerPatternsNewReduced.spectra""",S_responds_to_P_globally,2,0,false,true,[],[],,null
1673821936,NOTHING,1673821936.spectra,0,REALIZABILITY,SYS_REAL,"TEMP: false, SORT_AFTERWARDS: false, GROUP_OPTION: NO_GROUPING, INCREMENTAL_ADDITION: NO_INCREMENTAL, USE_RABIN: false, GROUP_AUX: NO_GROUPING, STATIC_ORDER: NO_STATIC_ORDERING, ROY_SIFT_MARKER: false, MAKE_LAST: false, MEMORYLESS: false, REORDER_METHOD: SIFT, NEW_PATTERN: false, INCREMENTAL_JUSTICES: NO_INCREMENTAL, REDUCED_ALGORITHM: FALSE, PARALLEL: false, ORIGINAL: false, BUCHI_INTERSECTION: false, NEW_TRIGGER: false, PARTITIONED: SINGLE_FUNC, VERIFICATION: true, CREATE_GRAPH: false",2828,16,1047,-1,43063,46954,"[0, 1, 2, 3, 4, 5, 6, 7, 8, 9, 10, 11, 12, 13, 14, 15, 16, 17, 18, 19, 20, 21, 22, 23, 24, 25, 26, 27, 28, 29, 30, 31, 32, 33, 34, 35, 36, 37, 38, 39, 40, 41, 42, 43, 44, 45, 46, 47, 48, 49, 50, 51, 52, 53, 54, 55, 56, 57, 58, 59, 60, 61, 62, 63, 64, 65, 66, 67, 68, 69]","[0, 1, 2, 3, 4, 5, 6, 7, 8, 9, 10, 11, 12, 13, 14, 15, 16, 17, 18, 19, 20, 21, 22, 23, 24, 25, 26, 27, 28, 29, 30, 31, 32, 33, 34, 35, 36, 37, 38, 39, 40, 41, 42, 43, 44, 45, 46, 47, 48, 49, 50, 51, 52, 53, 54, 55, 56, 57, 58, 59, 60, 61, 62, 63, 64, 65, 66, 67, 68, 69]","[55, 54, 31, 32, 7, 8, 35, 34, 10, 11, 30, 6, 65, 63, 64, 62, 58, 59, 57, 56, 33, 9, 39, 15, 12, 36, 41, 17, 16, 14, 13, 37, 38, 47, 46, 3, 40, 45, 5, 4, 43, 42, 0, 1, 2, 18, 19, 48, 21, 24, 51, 20, 44, 23, 22, 50, 27, 29, 28, 52, 26, 49, 25, 53, 60, 61, 69, 68, 66, 67]","[63, 65, 62, 64, 58, 59, 31, 32, 7, 8, 35, 34, 11, 10, 14, 38, 17, 41, 13, 37, 9, 6, 12, 36, 50, 30, 16, 40, 15, 39, 53, 33, 49, 52, 57, 56, 55, 54, 5, 4, 48, 51, 3, 2, 1, 0, 47, 46, 45, 44, 43, 42, 18, 19, 22, 23, 21, 20, 27, 28, 29, 24, 25, 26, 60, 61, 69, 68, 66, 67]",292,292,15746,21459,NOT_IMPLEMENTED,NOT_IMPLEMENTED,NOT_IMPLEMENTED,NOT_IMPLEMENTED,NOT_IMPLEMENTED,NOT_IMPLEMENTED,NOT_IMPLEMENTED,9333.0,18,518.5,-7193.611111111112,2,84,780,0,1,0,42985,0,,,,,,,,,,,,70,,,NOT_IMPLEMENTED,,false,30,"robot0BackAtFloor,robot0BackAtFloor',$PATTERN:0.SYS_CONSTRAINT.0.S_responds_to_P_globally.state,$PATTERN:0.SYS_CONSTRAINT.0.S_responds_to_P_globally.state',$COUNTER:1.packagesCounter1,$COUNTER:1.packagesCounter1',$COUNTER:0.packagesCounter0,$COUNTER:0.packagesCounter0',robotX1,robotX1',robot1BackAtFloor,robot1BackAtFloor',robotY0,robotY0',$PATTERN:1.SYS_CONSTRAINT.1.S_responds_to_P_globally.state,$PATTERN:1.SYS_CONSTRAINT.1.S_responds_to_P_globally.state',robotY1,robotY1',robotX0,robotX0'","elevatorY,elevatorY',lamp1X,lamp1X',lamp0Y,lamp0Y',lamp0X,lamp0X',lamp1Y,lamp1Y'",4,,,,,,6,2,1082812080796349759488,270703020199087439872,19738226851840000,1840260008137320,1496492112979687374848,295147905179352825856,135107988821114880000,23183546269040640,CUDD,"Using BDD Package: CUDDFactory, Version: CUDD 3.0","import ""DwyerPatternsNew.spectra""",S_responds_to_P_globally,2,0,false,true,[],[],,null
