Spec,RunConfig,UniqueIdentifier,TIMEOUT,ActionType,Result,CONFIG_TXT,INITIAL_BDD_TIME,HEURISTICS_TIME,SECOND_STEP_TIME,PARALLEL_OVERHEAD_TIME,WORK_TIME,TOTAL_TIME,PRE_ROYBDD_ORDER,POST_HEURISTICS_ORDER,POST_SECOND_STEP_ORDER,POST_WORK_ORDER,PRE_ROYBDD_NODE_SIZE,POST_HEURISTICS_NODE_SIZE,POST_SECOND_STEP_NODE_SIZE,POST_WORK_NODE_SIZE,AVERAGE_AUX_SIZE,AVERAGE_SYS_DOM_IN_CONSTRAINT,AVERAGE_ENV_DOM_IN_CONSTRAINT,AVERAGE_SYS_DOM_SIZE,AVERAGE_ENV_DOM_SIZE,AVERAGE_CONSTRAINT_COMPLEXITY,INTERCONNECTNESS_INDEX,TOTAL_REORDER_TIME,REORDER_CALL_AMOUNT,AVERAGE_REORDER_TIME,AVERAGE_REORDER_GAIN,Z_FIXPOINTS,Y_FIXPOINTS,X_FIXPOINTS,W_FIXPOINTS,REAL_CASES,UNREAL_CASES,REAL_TIME,UNREAL_TIME,GRAPH_DATA,CLUSTER_INC_DATA,CLUSTER_VAR_DATA,DOMAIN_GRAPH_DATA,CONSTRAINT_GRAPH_DATA,JUST_STRING_COUNT,JUST_STRING_ENV_COUNT,TRANS_STRING_SYS_COUNT,TRANS_STRING_ENV_COUNT,INI_STRING_ENV_COUNT,INI_STRING_SYS_COUNT,TOTAL_VARS,SYS_VARS,ENV_VARS,AUX_VARS,UNUSED_CONS_VARS,ARRAYS_INSTANCES,TOTAL_DOMS,SYS_DOMS,ENV_DOMS,AUX_DOMS,DOMS_NOT_QUANTIFIED,INI_SYS_CONSTRAINTS,INI_ENV_CONSTRAINTS,TRANS_ENV_CONSTRAINTS,TRANS_SYS_CONSTRAINTS,JUSTICE_SYS_AMOUNT,JUSTICE_ENV_AMOUNT,Z_SAT_COUNT,Z_SAT_COUNT_START_S0,TRANS_ENV_SAT,TRANS_SYS_SAT,JUSTS_SYS_SAT,JUSTS_ENV_SAT,INI_ENV_SAT,INI_SYS_SAT,FACTORY_TYPE,BDDPACKAGE,IMPORT,UNIQUE_PATTERNS,PATTERN_INSTANCES,TRIGGER_INSTANCES,MONITORS_INSTANCES,COUNTERS_INSTANCES,REDUCED_PATTERN,REDUCED_TRIGGER,SWAPPED_TO_ORIGINAL,ADDITIONAL
1670682273,NOTHING,1670682273.spectra,0,REALIZABILITY,SYS_REAL,"TEMP: false, SORT_AFTERWARDS: false, GROUP_OPTION: NO_GROUPING, INCREMENTAL_ADDITION: NO_INCREMENTAL, USE_RABIN: false, GROUP_AUX: NO_GROUPING, STATIC_ORDER: NO_STATIC_ORDERING, ROY_SIFT_MARKER: false, MAKE_LAST: false, MEMORYLESS: false, REORDER_METHOD: SIFT, NEW_PATTERN: false, INCREMENTAL_JUSTICES: NO_INCREMENTAL, REDUCED_ALGORITHM: FALSE, PARALLEL: false, ORIGINAL: false, BUCHI_INTERSECTION: false, NEW_TRIGGER: false, PARTITIONED: SINGLE_FUNC, VERIFICATION: true, CREATE_GRAPH: false",2797,0,297,-1,148813,151907,"[0, 1, 2, 3, 4, 5, 6, 7, 8, 9, 10, 11, 12, 13, 14, 15, 16, 17, 18, 19, 20, 21, 22, 23, 24, 25, 26, 27, 28, 29, 30, 31, 32, 33, 34, 35, 36, 37, 38, 39, 40, 41, 42, 43, 44, 45, 46, 47, 48, 49, 50, 51, 52, 53, 54, 55, 56, 57, 58, 59, 60, 61]","[0, 1, 2, 3, 4, 5, 6, 7, 8, 9, 10, 11, 12, 13, 14, 15, 16, 17, 18, 19, 20, 21, 22, 23, 24, 25, 26, 27, 28, 29, 30, 31, 32, 33, 34, 35, 36, 37, 38, 39, 40, 41, 42, 43, 44, 45, 46, 47, 48, 49, 50, 51, 52, 53, 54, 55, 56, 57, 58, 59, 60, 61]","[57, 55, 54, 56, 61, 60, 58, 59, 33, 3, 5, 35, 34, 4, 2, 32, 1, 31, 30, 0, 44, 43, 46, 42, 45, 12, 13, 14, 16, 47, 15, 17, 36, 6, 9, 8, 7, 37, 10, 11, 38, 48, 18, 21, 20, 23, 22, 19, 49, 24, 25, 26, 50, 28, 29, 27, 39, 41, 40, 51, 52, 53]","[59, 61, 58, 60, 2, 1, 0, 32, 31, 5, 4, 35, 34, 3, 33, 57, 55, 54, 56, 44, 43, 30, 47, 46, 45, 14, 13, 12, 8, 11, 9, 6, 10, 7, 38, 36, 37, 50, 42, 48, 49, 19, 18, 20, 39, 22, 23, 17, 16, 15, 21, 26, 25, 24, 51, 40, 41, 52, 53, 27, 28, 29]",288,288,14935,35966,NOT_IMPLEMENTED,NOT_IMPLEMENTED,NOT_IMPLEMENTED,NOT_IMPLEMENTED,NOT_IMPLEMENTED,NOT_IMPLEMENTED,NOT_IMPLEMENTED,13736.0,14,981.1428571428572,-9166.857142857141,2,32,266,0,1,0,148782,0,,,,,,,,,,,,62,,,NOT_IMPLEMENTED,,false,22,"robotX0,robotX0',robotY0,robotY0',$COUNTER:1.count0,$COUNTER:1.count0',robotX1,robotX1',$COUNTER:0.count1,$COUNTER:0.count1',robotY1,robotY1'","lambY0,lambY0',elevatorY,elevatorY',lambY1,lambY1',lambX0,lambX0',lambX1,lambX1'",4,,,,,,2,2,4237371578402209792,4237371578402209792,72236400640000,147593694269184,56294995342131200,1152921504606846976,527765581332480000,2533274790395904,CUDD,"Using BDD Package: CUDDFactory, Version: CUDD 3.0","import ""DwyerPatternsNew.spectra""",,0,0,false,true,[],[],,null
1670682273,FINAL,1670682273.spectra,0,REALIZABILITY,SYS_REAL,"TEMP: false, SORT_AFTERWARDS: false, GROUP_OPTION: NO_GROUPING, INCREMENTAL_ADDITION: NO_INCREMENTAL, USE_RABIN: false, GROUP_AUX: GROUP_PAIR, STATIC_ORDER: REVERSE_CUTHILL, ROY_SIFT_MARKER: false, MAKE_LAST: false, MEMORYLESS: true, REORDER_METHOD: SIFT, NEW_PATTERN: true, INCREMENTAL_JUSTICES: INCREMENTAL_GRAPH, REDUCED_ALGORITHM: FALSE, PARALLEL: false, ORIGINAL: false, BUCHI_INTERSECTION: false, NEW_TRIGGER: true, PARTITIONED: SINGLE_FUNC, VERIFICATION: true, CREATE_GRAPH: false",2875,157,327,-1,63063,66438,"[0, 1, 2, 3, 4, 5, 6, 7, 8, 9, 10, 11, 12, 13, 14, 15, 16, 17, 18, 19, 20, 21, 22, 23, 24, 25, 26, 27, 28, 29, 30, 31, 32, 33, 34, 35, 36, 37, 38, 39, 40, 41, 42, 43, 44, 45, 46, 47, 48, 49, 50, 51, 52, 53, 54, 55, 56, 57, 58, 59, 60, 61]","[0, 1, 2, 3, 4, 5, 6, 7, 8, 9, 10, 11, 12, 13, 14, 15, 16, 17, 18, 19, 20, 21, 22, 23, 24, 25, 26, 27, 28, 29, 30, 31, 32, 33, 34, 35, 36, 37, 38, 39, 40, 41, 42, 43, 44, 45, 46, 47, 48, 49, 50, 51, 52, 53, 54, 55, 56, 57, 58, 59, 60, 61]","[59, 58, 60, 61, 35, 34, 5, 4, 3, 2, 1, 32, 31, 0, 44, 30, 43, 33, 42, 47, 46, 45, 12, 13, 14, 15, 16, 17, 36, 39, 6, 8, 7, 37, 38, 9, 10, 11, 24, 48, 51, 49, 25, 26, 27, 18, 19, 50, 21, 22, 20, 23, 29, 28, 41, 40, 53, 52, 57, 55, 54, 56]","[59, 61, 58, 60, 2, 0, 1, 32, 31, 5, 4, 35, 3, 30, 34, 47, 33, 46, 8, 11, 44, 43, 45, 16, 14, 13, 12, 10, 7, 9, 6, 38, 36, 37, 50, 48, 49, 19, 42, 18, 26, 25, 24, 41, 40, 39, 53, 27, 28, 29, 52, 20, 51, 54, 55, 56, 57, 22, 15, 17, 23, 21]",288,292,7856,124600,NOT_IMPLEMENTED,NOT_IMPLEMENTED,NOT_IMPLEMENTED,NOT_IMPLEMENTED,NOT_IMPLEMENTED,NOT_IMPLEMENTED,NOT_IMPLEMENTED,10903.0,15,726.8666666666666,-10285.400000000001,2,32,266,0,1,0,63063,0,,,,,,,,,,,,62,,,NOT_IMPLEMENTED,,false,22,"$COUNTER:1.count0,$COUNTER:1.count0',robotY1,robotY1',robotX0,robotX0',$COUNTER:0.count1,$COUNTER:0.count1',robotY0,robotY0',robotX1,robotX1'","lambY1,lambY1',lambX1,lambX1',elevatorY,elevatorY',lambY0,lambY0',lambX0,lambX0'",4,,,,,,2,2,4237371578402209792,4237371578402209792,72236400640000,147593694269184,56294995342131200,1152921504606846976,527765581332480000,2533274790395904,CUDD,"Using BDD Package: CUDDFactory, Version: CUDD 3.0","import ""DwyerPatternsNewReduced.spectra""",,0,0,false,true,[],[],,null
1670682273,NOTHING,1670682273.spectra,0,REALIZABILITY,SYS_REAL,"TEMP: false, SORT_AFTERWARDS: false, GROUP_OPTION: NO_GROUPING, INCREMENTAL_ADDITION: NO_INCREMENTAL, USE_RABIN: false, GROUP_AUX: NO_GROUPING, STATIC_ORDER: NO_STATIC_ORDERING, ROY_SIFT_MARKER: false, MAKE_LAST: false, MEMORYLESS: false, REORDER_METHOD: SIFT, NEW_PATTERN: false, INCREMENTAL_JUSTICES: NO_INCREMENTAL, REDUCED_ALGORITHM: FALSE, PARALLEL: false, ORIGINAL: false, BUCHI_INTERSECTION: false, NEW_TRIGGER: false, PARTITIONED: SINGLE_FUNC, VERIFICATION: true, CREATE_GRAPH: false",2641,15,235,-1,150516,153407,"[0, 1, 2, 3, 4, 5, 6, 7, 8, 9, 10, 11, 12, 13, 14, 15, 16, 17, 18, 19, 20, 21, 22, 23, 24, 25, 26, 27, 28, 29, 30, 31, 32, 33, 34, 35, 36, 37, 38, 39, 40, 41, 42, 43, 44, 45, 46, 47, 48, 49, 50, 51, 52, 53, 54, 55, 56, 57, 58, 59, 60, 61]","[0, 1, 2, 3, 4, 5, 6, 7, 8, 9, 10, 11, 12, 13, 14, 15, 16, 17, 18, 19, 20, 21, 22, 23, 24, 25, 26, 27, 28, 29, 30, 31, 32, 33, 34, 35, 36, 37, 38, 39, 40, 41, 42, 43, 44, 45, 46, 47, 48, 49, 50, 51, 52, 53, 54, 55, 56, 57, 58, 59, 60, 61]","[57, 55, 54, 56, 61, 60, 58, 59, 33, 3, 5, 35, 34, 4, 2, 32, 1, 31, 30, 0, 44, 43, 46, 42, 45, 12, 13, 14, 16, 47, 15, 17, 36, 6, 9, 8, 7, 37, 10, 11, 38, 48, 18, 21, 20, 23, 22, 19, 49, 24, 25, 26, 50, 28, 29, 27, 39, 41, 40, 51, 52, 53]","[59, 61, 58, 60, 2, 1, 0, 32, 31, 5, 4, 35, 34, 3, 33, 57, 55, 54, 56, 44, 43, 30, 47, 46, 45, 14, 13, 12, 8, 11, 9, 6, 10, 7, 38, 36, 37, 50, 42, 48, 49, 19, 18, 20, 39, 22, 23, 17, 16, 15, 21, 26, 25, 24, 51, 40, 41, 52, 53, 27, 28, 29]",288,288,14935,35966,NOT_IMPLEMENTED,NOT_IMPLEMENTED,NOT_IMPLEMENTED,NOT_IMPLEMENTED,NOT_IMPLEMENTED,NOT_IMPLEMENTED,NOT_IMPLEMENTED,14890.0,14,1063.5714285714284,-9166.857142857141,2,32,266,0,1,0,150500,0,,,,,,,,,,,,62,,,NOT_IMPLEMENTED,,false,22,"robotX0,robotX0',robotY1,robotY1',robotX1,robotX1',$COUNTER:0.count1,$COUNTER:0.count1',$COUNTER:1.count0,$COUNTER:1.count0',robotY0,robotY0'","lambY1,lambY1',lambX1,lambX1',lambX0,lambX0',lambY0,lambY0',elevatorY,elevatorY'",4,,,,,,2,2,4237371578402209792,4237371578402209792,72236400640000,147593694269184,56294995342131200,1152921504606846976,527765581332480000,2533274790395904,CUDD,"Using BDD Package: CUDDFactory, Version: CUDD 3.0","import ""DwyerPatternsNew.spectra""",,0,0,false,true,[],[],,null
1670682273,FINAL,1670682273.spectra,0,REALIZABILITY,SYS_REAL,"TEMP: false, SORT_AFTERWARDS: false, GROUP_OPTION: NO_GROUPING, INCREMENTAL_ADDITION: NO_INCREMENTAL, USE_RABIN: false, GROUP_AUX: GROUP_PAIR, STATIC_ORDER: REVERSE_CUTHILL, ROY_SIFT_MARKER: false, MAKE_LAST: false, MEMORYLESS: true, REORDER_METHOD: SIFT, NEW_PATTERN: true, INCREMENTAL_JUSTICES: INCREMENTAL_GRAPH, REDUCED_ALGORITHM: FALSE, PARALLEL: false, ORIGINAL: false, BUCHI_INTERSECTION: false, NEW_TRIGGER: true, PARTITIONED: SINGLE_FUNC, VERIFICATION: true, CREATE_GRAPH: false",3000,140,298,-1,69765,73203,"[0, 1, 2, 3, 4, 5, 6, 7, 8, 9, 10, 11, 12, 13, 14, 15, 16, 17, 18, 19, 20, 21, 22, 23, 24, 25, 26, 27, 28, 29, 30, 31, 32, 33, 34, 35, 36, 37, 38, 39, 40, 41, 42, 43, 44, 45, 46, 47, 48, 49, 50, 51, 52, 53, 54, 55, 56, 57, 58, 59, 60, 61]","[0, 1, 2, 3, 4, 5, 6, 7, 8, 9, 10, 11, 12, 13, 14, 15, 16, 17, 18, 19, 20, 21, 22, 23, 24, 25, 26, 27, 28, 29, 30, 31, 32, 33, 34, 35, 36, 37, 38, 39, 40, 41, 42, 43, 44, 45, 46, 47, 48, 49, 50, 51, 52, 53, 54, 55, 56, 57, 58, 59, 60, 61]","[59, 58, 60, 61, 35, 34, 2, 5, 4, 1, 3, 32, 31, 0, 44, 43, 33, 30, 42, 47, 46, 45, 12, 13, 14, 15, 16, 17, 57, 55, 54, 56, 36, 6, 39, 9, 7, 37, 10, 11, 8, 48, 18, 21, 20, 23, 22, 19, 50, 49, 24, 25, 38, 26, 27, 51, 28, 29, 41, 40, 53, 52]","[2, 1, 0, 32, 31, 5, 4, 30, 35, 34, 47, 33, 44, 46, 43, 45, 17, 16, 15, 14, 13, 12, 42, 11, 3, 59, 61, 58, 60, 8, 10, 9, 7, 6, 38, 36, 37, 50, 48, 24, 41, 51, 49, 18, 25, 23, 21, 22, 26, 39, 27, 40, 28, 29, 52, 53, 19, 20, 55, 54, 57, 56]",288,292,10215,122825,NOT_IMPLEMENTED,NOT_IMPLEMENTED,NOT_IMPLEMENTED,NOT_IMPLEMENTED,NOT_IMPLEMENTED,NOT_IMPLEMENTED,NOT_IMPLEMENTED,7828.0,14,559.1428571428573,-8367.785714285717,2,32,266,0,1,0,69765,0,,,,,,,,,,,,62,,,NOT_IMPLEMENTED,,false,22,"$COUNTER:1.count0,$COUNTER:1.count0',robotY1,robotY1',robotX0,robotX0',$COUNTER:0.count1,$COUNTER:0.count1',robotY0,robotY0',robotX1,robotX1'","lambY1,lambY1',lambX1,lambX1',elevatorY,elevatorY',lambY0,lambY0',lambX0,lambX0'",4,,,,,,2,2,4237371578402209792,4237371578402209792,72236400640000,147593694269184,56294995342131200,1152921504606846976,527765581332480000,2533274790395904,CUDD,"Using BDD Package: CUDDFactory, Version: CUDD 3.0","import ""DwyerPatternsNewReduced.spectra""",,0,0,false,true,[],[],,null
1670682273,NOTHING,1670682273.spectra,0,REALIZABILITY,SYS_REAL,"TEMP: false, SORT_AFTERWARDS: false, GROUP_OPTION: NO_GROUPING, INCREMENTAL_ADDITION: NO_INCREMENTAL, USE_RABIN: false, GROUP_AUX: NO_GROUPING, STATIC_ORDER: NO_STATIC_ORDERING, ROY_SIFT_MARKER: false, MAKE_LAST: false, MEMORYLESS: false, REORDER_METHOD: SIFT, NEW_PATTERN: false, INCREMENTAL_JUSTICES: NO_INCREMENTAL, REDUCED_ALGORITHM: FALSE, PARALLEL: false, ORIGINAL: false, BUCHI_INTERSECTION: false, NEW_TRIGGER: false, PARTITIONED: SINGLE_FUNC, VERIFICATION: true, CREATE_GRAPH: false",3015,16,219,-1,150159,153409,"[0, 1, 2, 3, 4, 5, 6, 7, 8, 9, 10, 11, 12, 13, 14, 15, 16, 17, 18, 19, 20, 21, 22, 23, 24, 25, 26, 27, 28, 29, 30, 31, 32, 33, 34, 35, 36, 37, 38, 39, 40, 41, 42, 43, 44, 45, 46, 47, 48, 49, 50, 51, 52, 53, 54, 55, 56, 57, 58, 59, 60, 61]","[0, 1, 2, 3, 4, 5, 6, 7, 8, 9, 10, 11, 12, 13, 14, 15, 16, 17, 18, 19, 20, 21, 22, 23, 24, 25, 26, 27, 28, 29, 30, 31, 32, 33, 34, 35, 36, 37, 38, 39, 40, 41, 42, 43, 44, 45, 46, 47, 48, 49, 50, 51, 52, 53, 54, 55, 56, 57, 58, 59, 60, 61]","[57, 55, 54, 56, 61, 60, 58, 59, 33, 3, 5, 35, 34, 4, 2, 32, 1, 31, 0, 30, 44, 43, 46, 45, 42, 12, 13, 14, 15, 47, 16, 17, 36, 6, 9, 8, 38, 7, 11, 10, 37, 48, 18, 21, 20, 23, 22, 19, 49, 24, 25, 26, 50, 28, 29, 27, 39, 41, 40, 51, 52, 53]","[59, 61, 58, 60, 2, 1, 0, 32, 31, 5, 4, 35, 34, 3, 33, 57, 55, 54, 56, 44, 43, 30, 47, 46, 45, 14, 13, 12, 8, 11, 9, 6, 10, 7, 38, 36, 37, 50, 42, 48, 49, 19, 18, 20, 39, 22, 23, 17, 16, 15, 21, 26, 25, 24, 51, 40, 41, 52, 53, 27, 28, 29]",288,288,14864,35969,NOT_IMPLEMENTED,NOT_IMPLEMENTED,NOT_IMPLEMENTED,NOT_IMPLEMENTED,NOT_IMPLEMENTED,NOT_IMPLEMENTED,NOT_IMPLEMENTED,15016.0,14,1072.5714285714284,-9182.142857142859,2,32,266,0,1,0,150143,0,,,,,,,,,,,,62,,,NOT_IMPLEMENTED,,false,22,"robotX0,robotX0',robotY0,robotY0',$COUNTER:1.count0,$COUNTER:1.count0',robotX1,robotX1',$COUNTER:0.count1,$COUNTER:0.count1',robotY1,robotY1'","lambY0,lambY0',elevatorY,elevatorY',lambY1,lambY1',lambX0,lambX0',lambX1,lambX1'",4,,,,,,2,2,4237371578402209792,4237371578402209792,72236400640000,147593694269184,56294995342131200,1152921504606846976,527765581332480000,2533274790395904,CUDD,"Using BDD Package: CUDDFactory, Version: CUDD 3.0","import ""DwyerPatternsNew.spectra""",,0,0,false,true,[],[],,null
1670682273,FINAL,1670682273.spectra,0,REALIZABILITY,SYS_REAL,"TEMP: false, SORT_AFTERWARDS: false, GROUP_OPTION: NO_GROUPING, INCREMENTAL_ADDITION: NO_INCREMENTAL, USE_RABIN: false, GROUP_AUX: GROUP_PAIR, STATIC_ORDER: REVERSE_CUTHILL, ROY_SIFT_MARKER: false, MAKE_LAST: false, MEMORYLESS: true, REORDER_METHOD: SIFT, NEW_PATTERN: true, INCREMENTAL_JUSTICES: INCREMENTAL_GRAPH, REDUCED_ALGORITHM: FALSE, PARALLEL: false, ORIGINAL: false, BUCHI_INTERSECTION: false, NEW_TRIGGER: true, PARTITIONED: SINGLE_FUNC, VERIFICATION: true, CREATE_GRAPH: false",3594,125,250,-1,64000,67969,"[0, 1, 2, 3, 4, 5, 6, 7, 8, 9, 10, 11, 12, 13, 14, 15, 16, 17, 18, 19, 20, 21, 22, 23, 24, 25, 26, 27, 28, 29, 30, 31, 32, 33, 34, 35, 36, 37, 38, 39, 40, 41, 42, 43, 44, 45, 46, 47, 48, 49, 50, 51, 52, 53, 54, 55, 56, 57, 58, 59, 60, 61]","[0, 1, 2, 3, 4, 5, 6, 7, 8, 9, 10, 11, 12, 13, 14, 15, 16, 17, 18, 19, 20, 21, 22, 23, 24, 25, 26, 27, 28, 29, 30, 31, 32, 33, 34, 35, 36, 37, 38, 39, 40, 41, 42, 43, 44, 45, 46, 47, 48, 49, 50, 51, 52, 53, 54, 55, 56, 57, 58, 59, 60, 61]","[59, 58, 60, 61, 35, 34, 5, 4, 3, 2, 1, 32, 31, 0, 44, 30, 43, 33, 42, 47, 46, 45, 12, 13, 14, 15, 16, 17, 36, 39, 6, 8, 7, 37, 38, 9, 10, 11, 24, 48, 51, 49, 25, 26, 27, 18, 19, 50, 21, 22, 20, 23, 29, 28, 41, 40, 53, 52, 57, 55, 54, 56]","[59, 61, 58, 60, 2, 0, 1, 32, 31, 5, 4, 35, 3, 30, 34, 47, 33, 46, 8, 11, 44, 43, 45, 16, 14, 13, 12, 10, 7, 9, 6, 38, 36, 37, 50, 48, 49, 19, 42, 18, 26, 25, 24, 41, 40, 39, 53, 27, 28, 29, 52, 20, 51, 54, 55, 56, 57, 22, 15, 17, 23, 21]",288,292,7859,124603,NOT_IMPLEMENTED,NOT_IMPLEMENTED,NOT_IMPLEMENTED,NOT_IMPLEMENTED,NOT_IMPLEMENTED,NOT_IMPLEMENTED,NOT_IMPLEMENTED,10827.0,15,721.7999999999998,-10268.466666666665,2,32,266,0,1,0,64000,0,,,,,,,,,,,,62,,,NOT_IMPLEMENTED,,false,22,"robotX0,robotX0',robotY1,robotY1',$COUNTER:0.count1,$COUNTER:0.count1',robotX1,robotX1',$COUNTER:1.count0,$COUNTER:1.count0',robotY0,robotY0'","lambY1,lambY1',elevatorY,elevatorY',lambX1,lambX1',lambY0,lambY0',lambX0,lambX0'",4,,,,,,2,2,4237371578402209792,4237371578402209792,72236400640000,147593694269184,56294995342131200,1152921504606846976,527765581332480000,2533274790395904,CUDD,"Using BDD Package: CUDDFactory, Version: CUDD 3.0","import ""DwyerPatternsNewReduced.spectra""",,0,0,false,true,[],[],,null
1670685549,NOTHING,1670685549.spectra,0,REALIZABILITY,SYS_UNREAL,"TEMP: false, SORT_AFTERWARDS: false, GROUP_OPTION: NO_GROUPING, INCREMENTAL_ADDITION: NO_INCREMENTAL, USE_RABIN: false, GROUP_AUX: NO_GROUPING, STATIC_ORDER: NO_STATIC_ORDERING, ROY_SIFT_MARKER: false, MAKE_LAST: false, MEMORYLESS: false, REORDER_METHOD: SIFT, NEW_PATTERN: false, INCREMENTAL_JUSTICES: NO_INCREMENTAL, REDUCED_ALGORITHM: FALSE, PARALLEL: false, ORIGINAL: false, BUCHI_INTERSECTION: false, NEW_TRIGGER: false, PARTITIONED: SINGLE_FUNC, VERIFICATION: true, CREATE_GRAPH: false",4265,16,563,-1,559614,564458,"[0, 1, 2, 3, 4, 5, 6, 7, 8, 9, 10, 11, 12, 13, 14, 15, 16, 17, 18, 19, 20, 21, 22, 23, 24, 25, 26, 27, 28, 29, 30, 31, 32, 33, 34, 35, 36, 37, 38, 39, 40, 41, 42, 43, 44, 45, 46, 47, 48, 49, 50, 51, 52, 53, 54, 55, 56, 57, 58, 59, 60, 61, 62, 63, 64, 65, 66, 67, 68, 69, 70, 71, 72, 73, 74, 75, 76, 77, 78, 79, 80, 81, 82, 83, 84, 85, 86, 87, 88, 89]","[0, 1, 2, 3, 4, 5, 6, 7, 8, 9, 10, 11, 12, 13, 14, 15, 16, 17, 18, 19, 20, 21, 22, 23, 24, 25, 26, 27, 28, 29, 30, 31, 32, 33, 34, 35, 36, 37, 38, 39, 40, 41, 42, 43, 44, 45, 46, 47, 48, 49, 50, 51, 52, 53, 54, 55, 56, 57, 58, 59, 60, 61, 62, 63, 64, 65, 66, 67, 68, 69, 70, 71, 72, 73, 74, 75, 76, 77, 78, 79, 80, 81, 82, 83, 84, 85, 86, 87, 88, 89]","[49, 13, 5, 55, 54, 33, 32, 4, 41, 53, 3, 31, 12, 2, 1, 0, 50, 26, 51, 52, 16, 15, 14, 19, 18, 17, 27, 40, 28, 29, 30, 61, 25, 11, 60, 10, 9, 24, 23, 59, 39, 37, 38, 46, 57, 35, 21, 7, 56, 34, 6, 20, 45, 47, 36, 22, 8, 58, 42, 43, 73, 72, 74, 75, 77, 76, 78, 79, 69, 68, 71, 70, 67, 65, 66, 48, 62, 63, 64, 44, 80, 81, 82, 83, 84, 85, 86, 87, 88, 89]","[55, 54, 53, 40, 26, 12, 52, 51, 2, 30, 16, 1, 29, 15, 28, 14, 0, 50, 33, 32, 5, 4, 31, 3, 19, 18, 17, 25, 61, 39, 60, 38, 24, 37, 23, 11, 10, 59, 9, 58, 57, 56, 6, 7, 20, 21, 34, 35, 22, 72, 73, 27, 41, 74, 75, 36, 76, 77, 78, 79, 8, 69, 68, 13, 45, 46, 47, 70, 71, 67, 65, 43, 42, 44, 66, 49, 48, 63, 62, 64, 80, 81, 82, 83, 84, 85, 86, 87, 88, 89]",4502,4502,16103,607506,NOT_IMPLEMENTED,NOT_IMPLEMENTED,NOT_IMPLEMENTED,NOT_IMPLEMENTED,NOT_IMPLEMENTED,NOT_IMPLEMENTED,NOT_IMPLEMENTED,126288.0,12,10524.0,-20053.916666666668,2,47,2700,0,0,0,0,0,,,,,,,,,,,,90,,,NOT_IMPLEMENTED,,false,36,"$TRIGGER:3.VAR,robotX,robotX',$TRIGGER:2.VAR,$TRIGGER:3.VAR',$TRIGGER:1.VAR,$COUNTER:0.turnsAtTopRight,$COUNTER:0.turnsAtTopRight',robotY,robotY',$TRIGGER:0.VAR,$TRIGGER:1.VAR',$TRIGGER:0.VAR',$TRIGGER:2.VAR'","Cgreen,Cgreen',MX,MX',Agreen,Agreen',targetBX,targetBX',targetCY,targetCY',targetCX,targetCX',losingPower,losingPower',targetAY,targetAY',Bgreen,Bgreen',targetBY,targetBY',targetAX,targetAX'",2,,,,,,7,8,0,0,4083638962118197248,1012751609257860792320,1918263044273512842965024768,4005171240383266455801561088,3293850621801577536552960,1153137114439007338496,CUDD,"Using BDD Package: CUDDFactory, Version: CUDD 3.0","import ""DwyerPatternsNew.spectra""",,0,4,false,true,[],[],,null
1670685549,FINAL,1670685549.spectra,0,REALIZABILITY,SYS_UNREAL,"TEMP: false, SORT_AFTERWARDS: false, GROUP_OPTION: NO_GROUPING, INCREMENTAL_ADDITION: NO_INCREMENTAL, USE_RABIN: false, GROUP_AUX: GROUP_PAIR, STATIC_ORDER: REVERSE_CUTHILL, ROY_SIFT_MARKER: false, MAKE_LAST: false, MEMORYLESS: true, REORDER_METHOD: SIFT, NEW_PATTERN: true, INCREMENTAL_JUSTICES: INCREMENTAL_GRAPH, REDUCED_ALGORITHM: FALSE, PARALLEL: false, ORIGINAL: false, BUCHI_INTERSECTION: false, NEW_TRIGGER: true, PARTITIONED: SINGLE_FUNC, VERIFICATION: true, CREATE_GRAPH: false",3547,187,533,-1,419829,424096,"[0, 1, 2, 3, 4, 5, 6, 7, 8, 9, 10, 11, 12, 13, 14, 15, 16, 17, 18, 19, 20, 21, 22, 23, 24, 25, 26, 27, 28, 29, 30, 31, 32, 33, 34, 35, 36, 37, 38, 39, 40, 41, 42, 43, 44, 45, 46, 47, 48, 49, 50, 51, 52, 53, 54, 55, 56, 57, 58, 59, 60, 61, 62, 63, 64, 65, 66, 67, 68, 69, 70, 71, 72, 73, 74, 75, 76, 77, 78, 79, 80, 81, 82, 83, 84, 85, 86, 87, 88, 89]","[49, 13, 27, 37, 38, 39, 32, 33, 31, 41, 9, 10, 11, 3, 4, 5, 23, 24, 25, 17, 18, 19, 45, 46, 47, 68, 69, 70, 71, 76, 77, 78, 79, 72, 73, 74, 75, 40, 26, 12, 34, 35, 36, 28, 29, 30, 59, 60, 61, 53, 54, 55, 6, 7, 8, 0, 1, 2, 20, 21, 22, 16, 14, 15, 42, 43, 44, 56, 57, 58, 50, 51, 52, 65, 66, 67, 64, 62, 63, 48, 80, 81, 82, 83, 84, 85, 86, 87, 88, 89]","[49, 41, 61, 40, 34, 39, 38, 37, 35, 36, 59, 9, 11, 13, 60, 10, 56, 12, 6, 7, 57, 8, 26, 58, 20, 21, 22, 23, 24, 25, 54, 4, 53, 3, 5, 31, 32, 33, 17, 18, 27, 19, 55, 29, 28, 30, 44, 43, 46, 42, 45, 47, 50, 51, 52, 14, 0, 15, 1, 2, 16, 77, 76, 79, 78, 73, 72, 74, 75, 69, 68, 70, 71, 48, 65, 66, 67, 64, 62, 63, 80, 81, 82, 83, 84, 85, 86, 87, 88, 89]","[36, 35, 40, 58, 61, 60, 38, 39, 12, 8, 7, 26, 6, 57, 34, 56, 10, 11, 9, 59, 37, 22, 20, 21, 25, 23, 24, 5, 3, 53, 17, 18, 31, 32, 54, 4, 55, 33, 19, 52, 47, 46, 45, 44, 42, 43, 51, 50, 49, 0, 28, 29, 14, 15, 30, 16, 41, 76, 77, 78, 79, 1, 2, 68, 69, 71, 70, 13, 27, 72, 73, 74, 75, 48, 67, 65, 66, 64, 62, 63, 80, 81, 82, 83, 84, 85, 86, 87, 88, 89]",4576,11328,18420,168240,NOT_IMPLEMENTED,NOT_IMPLEMENTED,NOT_IMPLEMENTED,NOT_IMPLEMENTED,NOT_IMPLEMENTED,NOT_IMPLEMENTED,NOT_IMPLEMENTED,32212.0,12,2684.333333333334,-11489.5,1,9,1503,0,0,0,0,0,,,,,,,,,,,,90,,,NOT_IMPLEMENTED,,false,36,"$TRIGGER:0.VAR',$TRIGGER:3.VAR,$TRIGGER:0.VAR,$TRIGGER:1.VAR',$TRIGGER:1.VAR,robotY,robotY',$COUNTER:0.turnsAtTopRight,$COUNTER:0.turnsAtTopRight',robotX,robotX',$TRIGGER:2.VAR',$TRIGGER:2.VAR,$TRIGGER:3.VAR'","Bgreen,Bgreen',losingPower,losingPower',targetBY,targetBY',targetAX,targetAX',targetAY,targetAY',targetCX,targetCX',Cgreen,Cgreen',Agreen,Agreen',targetCY,targetCY',targetBX,targetBX',MX,MX'",2,,,,,,7,8,0,0,4083638962118197248,387842635116370067456,1918263044273512842965024768,4005171240383266455801561088,3293850621801577536552960,1153137114439007338496,CUDD,"Using BDD Package: CUDDFactory, Version: CUDD 3.0","import ""DwyerPatternsNewReduced.spectra""",,0,4,false,true,[],"[REMOVED_HOLE, REMOVED_HOLE, REMOVED_HOLE, REMOVED_HOLE, REMOVED_JUSTICE, REMOVED_VAR, REMOVED_VAR, REMOVED_VAR]",,null
1670685549,NOTHING,1670685549.spectra,0,REALIZABILITY,SYS_UNREAL,"TEMP: false, SORT_AFTERWARDS: false, GROUP_OPTION: NO_GROUPING, INCREMENTAL_ADDITION: NO_INCREMENTAL, USE_RABIN: false, GROUP_AUX: NO_GROUPING, STATIC_ORDER: NO_STATIC_ORDERING, ROY_SIFT_MARKER: false, MAKE_LAST: false, MEMORYLESS: false, REORDER_METHOD: SIFT, NEW_PATTERN: false, INCREMENTAL_JUSTICES: NO_INCREMENTAL, REDUCED_ALGORITHM: FALSE, PARALLEL: false, ORIGINAL: false, BUCHI_INTERSECTION: false, NEW_TRIGGER: false, PARTITIONED: SINGLE_FUNC, VERIFICATION: true, CREATE_GRAPH: false",3640,16,750,-1,570115,574521,"[0, 1, 2, 3, 4, 5, 6, 7, 8, 9, 10, 11, 12, 13, 14, 15, 16, 17, 18, 19, 20, 21, 22, 23, 24, 25, 26, 27, 28, 29, 30, 31, 32, 33, 34, 35, 36, 37, 38, 39, 40, 41, 42, 43, 44, 45, 46, 47, 48, 49, 50, 51, 52, 53, 54, 55, 56, 57, 58, 59, 60, 61, 62, 63, 64, 65, 66, 67, 68, 69, 70, 71, 72, 73, 74, 75, 76, 77, 78, 79, 80, 81, 82, 83, 84, 85, 86, 87, 88, 89]","[0, 1, 2, 3, 4, 5, 6, 7, 8, 9, 10, 11, 12, 13, 14, 15, 16, 17, 18, 19, 20, 21, 22, 23, 24, 25, 26, 27, 28, 29, 30, 31, 32, 33, 34, 35, 36, 37, 38, 39, 40, 41, 42, 43, 44, 45, 46, 47, 48, 49, 50, 51, 52, 53, 54, 55, 56, 57, 58, 59, 60, 61, 62, 63, 64, 65, 66, 67, 68, 69, 70, 71, 72, 73, 74, 75, 76, 77, 78, 79, 80, 81, 82, 83, 84, 85, 86, 87, 88, 89]","[49, 27, 19, 55, 5, 13, 17, 53, 3, 54, 18, 4, 33, 32, 31, 41, 12, 2, 1, 0, 50, 26, 51, 52, 16, 14, 15, 40, 28, 29, 30, 61, 11, 25, 60, 10, 9, 24, 23, 59, 39, 37, 38, 46, 56, 34, 20, 6, 57, 35, 21, 7, 45, 47, 22, 8, 36, 58, 43, 44, 42, 73, 72, 74, 75, 77, 76, 78, 79, 69, 68, 70, 71, 67, 65, 66, 48, 62, 63, 64, 80, 81, 82, 83, 84, 85, 86, 87, 88, 89]","[5, 19, 55, 18, 4, 54, 17, 3, 40, 26, 12, 52, 51, 2, 1, 33, 32, 31, 53, 30, 29, 16, 15, 28, 14, 0, 50, 39, 61, 25, 60, 24, 38, 23, 37, 11, 10, 59, 9, 58, 57, 56, 6, 7, 20, 21, 35, 34, 22, 72, 73, 27, 46, 45, 47, 13, 41, 75, 74, 36, 8, 43, 42, 44, 76, 77, 78, 79, 68, 69, 70, 71, 67, 65, 66, 49, 48, 63, 62, 64, 80, 81, 82, 83, 84, 85, 86, 87, 88, 89]",4452,4452,16086,605050,NOT_IMPLEMENTED,NOT_IMPLEMENTED,NOT_IMPLEMENTED,NOT_IMPLEMENTED,NOT_IMPLEMENTED,NOT_IMPLEMENTED,NOT_IMPLEMENTED,130074.0,12,10839.5,-21099.0,2,47,2700,0,0,0,0,0,,,,,,,,,,,,90,,,NOT_IMPLEMENTED,,false,36,"$COUNTER:0.turnsAtTopRight,$COUNTER:0.turnsAtTopRight',robotY,robotY',$TRIGGER:0.VAR,$TRIGGER:0.VAR',$TRIGGER:3.VAR',$TRIGGER:2.VAR',robotX,robotX',$TRIGGER:1.VAR',$TRIGGER:3.VAR,$TRIGGER:2.VAR,$TRIGGER:1.VAR","Bgreen,Bgreen',losingPower,losingPower',targetAY,targetAY',targetCY,targetCY',targetBX,targetBX',targetCX,targetCX',Cgreen,Cgreen',MX,MX',Agreen,Agreen',targetAX,targetAX',targetBY,targetBY'",2,,,,,,7,8,0,0,4083638962118197248,1012751609257860792320,1918263044273512842965024768,4005171240383266455801561088,3293850621801577536552960,1153137114439007338496,CUDD,"Using BDD Package: CUDDFactory, Version: CUDD 3.0","import ""DwyerPatternsNew.spectra""",,0,4,false,true,[],[],,null
1670685549,FINAL,1670685549.spectra,0,REALIZABILITY,SYS_UNREAL,"TEMP: false, SORT_AFTERWARDS: false, GROUP_OPTION: NO_GROUPING, INCREMENTAL_ADDITION: NO_INCREMENTAL, USE_RABIN: false, GROUP_AUX: GROUP_PAIR, STATIC_ORDER: REVERSE_CUTHILL, ROY_SIFT_MARKER: false, MAKE_LAST: false, MEMORYLESS: true, REORDER_METHOD: SIFT, NEW_PATTERN: true, INCREMENTAL_JUSTICES: INCREMENTAL_GRAPH, REDUCED_ALGORITHM: FALSE, PARALLEL: false, ORIGINAL: false, BUCHI_INTERSECTION: false, NEW_TRIGGER: true, PARTITIONED: SINGLE_FUNC, VERIFICATION: true, CREATE_GRAPH: false",4234,252,578,-1,366829,371893,"[0, 1, 2, 3, 4, 5, 6, 7, 8, 9, 10, 11, 12, 13, 14, 15, 16, 17, 18, 19, 20, 21, 22, 23, 24, 25, 26, 27, 28, 29, 30, 31, 32, 33, 34, 35, 36, 37, 38, 39, 40, 41, 42, 43, 44, 45, 46, 47, 48, 49, 50, 51, 52, 53, 54, 55, 56, 57, 58, 59, 60, 61, 62, 63, 64, 65, 66, 67, 68, 69, 70, 71, 72, 73, 74, 75, 76, 77, 78, 79, 80, 81, 82, 83, 84, 85, 86, 87, 88, 89]","[49, 13, 27, 37, 38, 39, 32, 33, 31, 41, 9, 10, 11, 3, 4, 5, 23, 24, 25, 17, 18, 19, 45, 46, 47, 68, 69, 70, 71, 76, 77, 78, 79, 72, 73, 74, 75, 40, 26, 12, 34, 35, 36, 28, 29, 30, 59, 60, 61, 53, 54, 55, 6, 7, 8, 0, 1, 2, 20, 21, 22, 16, 14, 15, 42, 43, 44, 56, 57, 58, 50, 51, 52, 65, 66, 67, 64, 62, 63, 48, 80, 81, 82, 83, 84, 85, 86, 87, 88, 89]","[49, 41, 37, 59, 61, 39, 40, 34, 38, 35, 36, 9, 11, 13, 60, 10, 12, 8, 7, 6, 56, 57, 26, 58, 20, 21, 22, 23, 24, 25, 54, 4, 3, 55, 5, 53, 31, 32, 33, 27, 17, 18, 19, 29, 28, 30, 51, 1, 16, 15, 14, 44, 43, 42, 46, 45, 47, 50, 52, 0, 2, 77, 76, 78, 79, 73, 72, 75, 74, 69, 68, 70, 71, 48, 65, 66, 67, 64, 62, 63, 80, 81, 82, 83, 84, 85, 86, 87, 88, 89]","[36, 34, 40, 35, 12, 57, 58, 61, 60, 38, 39, 26, 7, 8, 6, 56, 10, 11, 9, 59, 37, 22, 20, 21, 25, 23, 24, 5, 3, 53, 17, 18, 31, 32, 54, 4, 55, 19, 33, 52, 2, 51, 1, 15, 14, 29, 50, 28, 30, 16, 27, 72, 73, 74, 75, 41, 76, 77, 78, 79, 0, 69, 68, 71, 70, 13, 47, 45, 46, 49, 44, 43, 42, 48, 67, 65, 66, 64, 62, 63, 80, 81, 82, 83, 84, 85, 86, 87, 88, 89]",4469,11570,19457,195518,NOT_IMPLEMENTED,NOT_IMPLEMENTED,NOT_IMPLEMENTED,NOT_IMPLEMENTED,NOT_IMPLEMENTED,NOT_IMPLEMENTED,NOT_IMPLEMENTED,24269.0,12,2022.416666666667,-11122.333333333332,1,9,1503,0,0,0,0,0,,,,,,,,,,,,90,,,NOT_IMPLEMENTED,,false,36,"$TRIGGER:0.VAR',$TRIGGER:3.VAR,$TRIGGER:0.VAR,$TRIGGER:1.VAR',$TRIGGER:1.VAR,robotY,robotY',$COUNTER:0.turnsAtTopRight,$COUNTER:0.turnsAtTopRight',robotX,robotX',$TRIGGER:2.VAR',$TRIGGER:2.VAR,$TRIGGER:3.VAR'","Bgreen,Bgreen',losingPower,losingPower',targetBY,targetBY',targetAX,targetAX',targetAY,targetAY',targetCX,targetCX',Cgreen,Cgreen',Agreen,Agreen',targetCY,targetCY',targetBX,targetBX',MX,MX'",2,,,,,,7,8,0,0,4083638962118197248,387842635116370198528,1918263044273512842965024768,4005171240383266455801561088,3293850621801577536552960,1153137114439007338496,CUDD,"Using BDD Package: CUDDFactory, Version: CUDD 3.0","import ""DwyerPatternsNewReduced.spectra""",,0,4,false,true,[],"[REMOVED_HOLE, REMOVED_HOLE, REMOVED_HOLE, REMOVED_HOLE, REMOVED_JUSTICE, REMOVED_VAR, REMOVED_VAR, REMOVED_VAR]",,null
1670685549,NOTHING,1670685549.spectra,0,REALIZABILITY,SYS_UNREAL,"TEMP: false, SORT_AFTERWARDS: false, GROUP_OPTION: NO_GROUPING, INCREMENTAL_ADDITION: NO_INCREMENTAL, USE_RABIN: false, GROUP_AUX: NO_GROUPING, STATIC_ORDER: NO_STATIC_ORDERING, ROY_SIFT_MARKER: false, MAKE_LAST: false, MEMORYLESS: false, REORDER_METHOD: SIFT, NEW_PATTERN: false, INCREMENTAL_JUSTICES: NO_INCREMENTAL, REDUCED_ALGORITHM: FALSE, PARALLEL: false, ORIGINAL: false, BUCHI_INTERSECTION: false, NEW_TRIGGER: false, PARTITIONED: SINGLE_FUNC, VERIFICATION: true, CREATE_GRAPH: false",3219,15,641,-1,562852,566727,"[0, 1, 2, 3, 4, 5, 6, 7, 8, 9, 10, 11, 12, 13, 14, 15, 16, 17, 18, 19, 20, 21, 22, 23, 24, 25, 26, 27, 28, 29, 30, 31, 32, 33, 34, 35, 36, 37, 38, 39, 40, 41, 42, 43, 44, 45, 46, 47, 48, 49, 50, 51, 52, 53, 54, 55, 56, 57, 58, 59, 60, 61, 62, 63, 64, 65, 66, 67, 68, 69, 70, 71, 72, 73, 74, 75, 76, 77, 78, 79, 80, 81, 82, 83, 84, 85, 86, 87, 88, 89]","[0, 1, 2, 3, 4, 5, 6, 7, 8, 9, 10, 11, 12, 13, 14, 15, 16, 17, 18, 19, 20, 21, 22, 23, 24, 25, 26, 27, 28, 29, 30, 31, 32, 33, 34, 35, 36, 37, 38, 39, 40, 41, 42, 43, 44, 45, 46, 47, 48, 49, 50, 51, 52, 53, 54, 55, 56, 57, 58, 59, 60, 61, 62, 63, 64, 65, 66, 67, 68, 69, 70, 71, 72, 73, 74, 75, 76, 77, 78, 79, 80, 81, 82, 83, 84, 85, 86, 87, 88, 89]","[49, 27, 19, 55, 5, 13, 17, 53, 3, 18, 54, 4, 33, 32, 31, 41, 12, 2, 1, 0, 50, 26, 51, 52, 16, 14, 15, 40, 28, 29, 30, 61, 11, 60, 10, 9, 59, 25, 23, 24, 39, 37, 38, 45, 47, 46, 56, 34, 20, 6, 57, 35, 21, 7, 22, 8, 36, 58, 42, 43, 77, 76, 78, 79, 73, 72, 74, 75, 69, 68, 44, 71, 70, 67, 65, 66, 48, 62, 63, 64, 80, 81, 82, 83, 84, 85, 86, 87, 88, 89]","[5, 55, 4, 40, 26, 12, 54, 52, 51, 2, 1, 19, 18, 33, 32, 31, 17, 3, 53, 50, 0, 16, 15, 14, 30, 29, 28, 39, 61, 25, 60, 24, 38, 23, 37, 11, 10, 59, 9, 58, 57, 56, 6, 7, 34, 35, 21, 20, 36, 76, 41, 77, 46, 45, 47, 27, 13, 79, 78, 22, 8, 44, 43, 42, 72, 73, 74, 75, 68, 69, 70, 71, 67, 65, 66, 48, 63, 62, 64, 80, 81, 82, 83, 84, 49, 85, 86, 87, 88, 89]",4493,4493,16632,608352,NOT_IMPLEMENTED,NOT_IMPLEMENTED,NOT_IMPLEMENTED,NOT_IMPLEMENTED,NOT_IMPLEMENTED,NOT_IMPLEMENTED,NOT_IMPLEMENTED,138713.0,12,11559.416666666664,-11798.25,2,47,2700,0,0,0,0,0,,,,,,,,,,,,90,,,NOT_IMPLEMENTED,,false,36,"$COUNTER:0.turnsAtTopRight,$COUNTER:0.turnsAtTopRight',robotY,robotY',$TRIGGER:0.VAR,$TRIGGER:0.VAR',$TRIGGER:3.VAR',$TRIGGER:2.VAR',robotX,robotX',$TRIGGER:1.VAR',$TRIGGER:3.VAR,$TRIGGER:2.VAR,$TRIGGER:1.VAR","Bgreen,Bgreen',losingPower,losingPower',targetAY,targetAY',targetCY,targetCY',targetBX,targetBX',targetCX,targetCX',Cgreen,Cgreen',MX,MX',Agreen,Agreen',targetAX,targetAX',targetBY,targetBY'",2,,,,,,7,8,0,0,4083638962118197248,1012751609257860792320,1918263044273512842965024768,4005171240383266455801561088,3293850621801577536552960,1153137114439007338496,CUDD,"Using BDD Package: CUDDFactory, Version: CUDD 3.0","import ""DwyerPatternsNew.spectra""",,0,4,false,true,[],[],,null
1670685549,FINAL,1670685549.spectra,0,REALIZABILITY,SYS_UNREAL,"TEMP: false, SORT_AFTERWARDS: false, GROUP_OPTION: NO_GROUPING, INCREMENTAL_ADDITION: NO_INCREMENTAL, USE_RABIN: false, GROUP_AUX: GROUP_PAIR, STATIC_ORDER: REVERSE_CUTHILL, ROY_SIFT_MARKER: false, MAKE_LAST: false, MEMORYLESS: true, REORDER_METHOD: SIFT, NEW_PATTERN: true, INCREMENTAL_JUSTICES: INCREMENTAL_GRAPH, REDUCED_ALGORITHM: FALSE, PARALLEL: false, ORIGINAL: false, BUCHI_INTERSECTION: false, NEW_TRIGGER: true, PARTITIONED: SINGLE_FUNC, VERIFICATION: true, CREATE_GRAPH: false",3547,172,609,-1,367597,371925,"[0, 1, 2, 3, 4, 5, 6, 7, 8, 9, 10, 11, 12, 13, 14, 15, 16, 17, 18, 19, 20, 21, 22, 23, 24, 25, 26, 27, 28, 29, 30, 31, 32, 33, 34, 35, 36, 37, 38, 39, 40, 41, 42, 43, 44, 45, 46, 47, 48, 49, 50, 51, 52, 53, 54, 55, 56, 57, 58, 59, 60, 61, 62, 63, 64, 65, 66, 67, 68, 69, 70, 71, 72, 73, 74, 75, 76, 77, 78, 79, 80, 81, 82, 83, 84, 85, 86, 87, 88, 89]","[49, 13, 27, 37, 38, 39, 32, 33, 31, 41, 9, 10, 11, 3, 4, 5, 23, 24, 25, 17, 18, 19, 45, 46, 47, 68, 69, 70, 71, 76, 77, 78, 79, 72, 73, 74, 75, 40, 26, 12, 34, 35, 36, 28, 29, 30, 59, 60, 61, 53, 54, 55, 6, 7, 8, 0, 1, 2, 20, 21, 22, 16, 14, 15, 42, 43, 44, 56, 57, 58, 50, 51, 52, 65, 66, 67, 64, 62, 63, 48, 80, 81, 82, 83, 84, 85, 86, 87, 88, 89]","[49, 41, 37, 59, 61, 39, 40, 34, 38, 35, 36, 9, 11, 13, 60, 10, 12, 8, 6, 7, 56, 57, 26, 58, 20, 21, 22, 23, 24, 25, 54, 4, 53, 3, 5, 55, 31, 32, 33, 27, 17, 18, 19, 28, 50, 51, 29, 0, 1, 14, 15, 16, 30, 44, 43, 42, 46, 45, 47, 2, 52, 77, 76, 79, 78, 73, 72, 74, 75, 69, 68, 70, 71, 48, 65, 66, 67, 64, 62, 63, 80, 81, 82, 83, 84, 85, 86, 87, 88, 89]","[36, 34, 40, 35, 26, 12, 58, 61, 60, 38, 39, 8, 7, 6, 56, 57, 10, 11, 9, 59, 37, 22, 20, 21, 25, 23, 24, 5, 3, 53, 17, 18, 31, 32, 54, 4, 55, 33, 19, 52, 2, 51, 1, 0, 50, 13, 69, 68, 71, 70, 14, 15, 28, 29, 30, 16, 27, 72, 73, 74, 75, 41, 76, 77, 78, 79, 47, 46, 45, 49, 44, 43, 42, 48, 67, 65, 66, 64, 62, 63, 80, 81, 82, 83, 84, 85, 86, 87, 88, 89]",4549,11559,18530,193064,NOT_IMPLEMENTED,NOT_IMPLEMENTED,NOT_IMPLEMENTED,NOT_IMPLEMENTED,NOT_IMPLEMENTED,NOT_IMPLEMENTED,NOT_IMPLEMENTED,27310.0,12,2275.8333333333335,-11871.75,1,9,1503,0,0,0,0,0,,,,,,,,,,,,90,,,NOT_IMPLEMENTED,,false,36,"$TRIGGER:0.VAR',$TRIGGER:3.VAR,$TRIGGER:0.VAR,$TRIGGER:1.VAR',$TRIGGER:1.VAR,robotY,robotY',$COUNTER:0.turnsAtTopRight,$COUNTER:0.turnsAtTopRight',robotX,robotX',$TRIGGER:2.VAR',$TRIGGER:2.VAR,$TRIGGER:3.VAR'","Bgreen,Bgreen',losingPower,losingPower',targetBY,targetBY',targetAX,targetAX',targetAY,targetAY',targetCX,targetCX',Cgreen,Cgreen',Agreen,Agreen',targetCY,targetCY',targetBX,targetBX',MX,MX'",2,,,,,,7,8,0,0,4083638962118197248,387842635116370132992,1918263044273512842965024768,4005171240383266455801561088,3293850621801577536552960,1153137114439007338496,CUDD,"Using BDD Package: CUDDFactory, Version: CUDD 3.0","import ""DwyerPatternsNewReduced.spectra""",,0,4,false,true,[],"[REMOVED_HOLE, REMOVED_HOLE, REMOVED_HOLE, REMOVED_HOLE, REMOVED_JUSTICE, REMOVED_VAR, REMOVED_VAR, REMOVED_VAR]",,null
1670598869,NOTHING,1670598869.spectra,0,REALIZABILITY,SYS_REAL,"TEMP: false, SORT_AFTERWARDS: false, GROUP_OPTION: NO_GROUPING, INCREMENTAL_ADDITION: NO_INCREMENTAL, USE_RABIN: false, GROUP_AUX: NO_GROUPING, STATIC_ORDER: NO_STATIC_ORDERING, ROY_SIFT_MARKER: false, MAKE_LAST: false, MEMORYLESS: false, REORDER_METHOD: SIFT, NEW_PATTERN: false, INCREMENTAL_JUSTICES: NO_INCREMENTAL, REDUCED_ALGORITHM: FALSE, PARALLEL: false, ORIGINAL: false, BUCHI_INTERSECTION: false, NEW_TRIGGER: false, PARTITIONED: SINGLE_FUNC, VERIFICATION: true, CREATE_GRAPH: false",3453,16,78,-1,79533,83080,"[0, 1, 2, 3, 4, 5, 6, 7, 8, 9, 10, 11, 12, 13, 14, 15, 16, 17, 18, 19, 20, 21, 22, 23, 24, 25, 26, 27, 28, 29, 30, 31, 32, 33, 34, 35, 36, 37, 38, 39, 40, 41, 42, 43, 44, 45, 46, 47, 48, 49, 50, 51, 52, 53, 54, 55, 56, 57, 58, 59, 60, 61, 62, 63, 64, 65, 66, 67, 68, 69]","[0, 1, 2, 3, 4, 5, 6, 7, 8, 9, 10, 11, 12, 13, 14, 15, 16, 17, 18, 19, 20, 21, 22, 23, 24, 25, 26, 27, 28, 29, 30, 31, 32, 33, 34, 35, 36, 37, 38, 39, 40, 41, 42, 43, 44, 45, 46, 47, 48, 49, 50, 51, 52, 53, 54, 55, 56, 57, 58, 59, 60, 61, 62, 63, 64, 65, 66, 67, 68, 69]","[49, 5, 3, 62, 42, 0, 48, 63, 50, 43, 2, 4, 52, 1, 51, 54, 55, 53, 44, 8, 11, 6, 9, 7, 10, 12, 15, 46, 14, 13, 16, 17, 45, 47, 60, 57, 22, 19, 23, 20, 21, 18, 56, 58, 30, 59, 33, 34, 31, 35, 32, 61, 27, 24, 40, 39, 41, 28, 29, 26, 25, 37, 36, 38, 66, 65, 64, 69, 68, 67]","[62, 48, 63, 55, 53, 52, 54, 51, 50, 8, 49, 11, 7, 10, 58, 56, 61, 60, 14, 59, 17, 13, 16, 2, 5, 12, 0, 15, 3, 57, 1, 4, 6, 9, 20, 23, 19, 22, 18, 21, 43, 47, 45, 27, 28, 34, 39, 40, 41, 33, 25, 29, 24, 26, 35, 69, 31, 30, 32, 37, 46, 44, 42, 36, 38, 66, 65, 64, 68, 67]",314,314,5683,14985,NOT_IMPLEMENTED,NOT_IMPLEMENTED,NOT_IMPLEMENTED,NOT_IMPLEMENTED,NOT_IMPLEMENTED,NOT_IMPLEMENTED,NOT_IMPLEMENTED,49886.0,11,4535.090909090909,-13368.454545454546,3,126,877,0,1,0,79471,0,,,,,,,,,,,,70,,,NOT_IMPLEMENTED,,true,30,"robotX,robotX',robotY,robotY',$COUNTER:0.chargingTime,$COUNTER:0.chargingTime',$PATTERN:0.SYS_CONSTRAINT.0.S_responds_to_P_globally.state,$PATTERN:0.SYS_CONSTRAINT.0.S_responds_to_P_globally.state'","goalsY[2],goalsY[2]',goalsX[1],goalsX[1]',charged,charged',movingObstacleX,movingObstacleX',redGoals[2],redGoals[2]',redGoals[0],redGoals[0]',goalsX[0],goalsX[0]',goalsY[1],goalsY[1]',goalsX[2],goalsX[2]',redGoals[1],redGoals[1]',goalsY[0],goalsY[0]'",2,,,,,,5,3,1141311567815113703424,570655783907556851712,100906775347200,1349627994246742016,630359832643793584128,1753593608507014250496,19252888407008870400,21818390226812272640,CUDD,"Using BDD Package: CUDDFactory, Version: CUDD 3.0","import ""DwyerPatternsNew.spectra""",S_responds_to_P_globally,1,0,false,true,[],[],,null
1670598869,FINAL,1670598869.spectra,0,REALIZABILITY,SYS_REAL,"TEMP: false, SORT_AFTERWARDS: false, GROUP_OPTION: NO_GROUPING, INCREMENTAL_ADDITION: NO_INCREMENTAL, USE_RABIN: false, GROUP_AUX: GROUP_PAIR, STATIC_ORDER: REVERSE_CUTHILL, ROY_SIFT_MARKER: false, MAKE_LAST: false, MEMORYLESS: true, REORDER_METHOD: SIFT, NEW_PATTERN: true, INCREMENTAL_JUSTICES: INCREMENTAL_GRAPH, REDUCED_ALGORITHM: FALSE, PARALLEL: false, ORIGINAL: false, BUCHI_INTERSECTION: false, NEW_TRIGGER: true, PARTITIONED: SINGLE_FUNC, VERIFICATION: true, CREATE_GRAPH: false",3125,156,172,-1,68250,71719,"[0, 1, 2, 3, 4, 5, 6, 7, 8, 9, 10, 11, 12, 13, 14, 15, 16, 17, 18, 19, 20, 21, 22, 23, 24, 25, 26, 27, 28, 29, 30, 31, 32, 33, 34, 35, 36, 37, 38, 39, 40, 41, 42, 43, 44, 45, 46, 47, 48, 49, 50, 51, 52, 53, 54, 55, 56, 57, 58, 59, 60, 61, 62, 63, 64, 65, 66, 67, 68, 69]","[0, 1, 2, 3, 4, 5, 6, 7, 8, 9, 10, 11, 12, 13, 14, 15, 16, 17, 18, 19, 20, 21, 22, 23, 24, 25, 26, 27, 28, 29, 30, 31, 32, 33, 34, 35, 36, 37, 38, 39, 40, 41, 42, 43, 44, 45, 46, 47, 48, 49, 50, 51, 52, 53, 54, 55, 56, 57, 58, 59, 60, 61, 62, 63, 64, 65, 66, 67, 68, 69]","[64, 65, 66, 69, 68, 67, 49, 48, 62, 63, 52, 55, 42, 2, 5, 0, 43, 3, 1, 4, 51, 50, 9, 53, 44, 6, 8, 11, 10, 45, 54, 60, 7, 12, 15, 46, 14, 17, 13, 16, 47, 57, 22, 19, 23, 20, 21, 18, 56, 58, 59, 33, 30, 34, 31, 35, 32, 27, 24, 26, 29, 25, 28, 39, 40, 41, 37, 36, 38, 61]","[48, 62, 63, 52, 51, 50, 54, 55, 2, 53, 49, 5, 1, 4, 0, 3, 8, 11, 7, 10, 14, 17, 13, 16, 12, 15, 20, 23, 61, 19, 22, 18, 6, 21, 60, 59, 9, 26, 29, 28, 25, 45, 27, 24, 31, 57, 43, 47, 34, 33, 39, 40, 41, 35, 30, 32, 58, 46, 42, 44, 56, 38, 37, 36, 66, 69, 68, 67, 65, 64]",314,318,5567,304073,NOT_IMPLEMENTED,NOT_IMPLEMENTED,NOT_IMPLEMENTED,NOT_IMPLEMENTED,NOT_IMPLEMENTED,NOT_IMPLEMENTED,NOT_IMPLEMENTED,39281.0,11,3571.0,-10736.727272727272,3,126,877,0,1,0,68250,0,,,,,,,,,,,,70,,,NOT_IMPLEMENTED,,true,30,"$PATTERN:0.SYS_CONSTRAINT.0.S_responds_to_P_globally.state,$PATTERN:0.SYS_CONSTRAINT.0.S_responds_to_P_globally.state',$COUNTER:0.chargingTime,$COUNTER:0.chargingTime',robotY,robotY',robotX,robotX'","redGoals[0],redGoals[0]',goalsX[1],goalsX[1]',goalsY[0],goalsY[0]',charged,charged',movingObstacleX,movingObstacleX',redGoals[2],redGoals[2]',goalsX[0],goalsX[0]',redGoals[1],redGoals[1]',goalsY[1],goalsY[1]',goalsX[2],goalsX[2]',goalsY[2],goalsY[2]'",2,,,,,,5,3,1141311567815113703424,570655783907556851712,100906775347200,1349627994246742016,630359832643793584128,1753593608507014250496,19252888407008870400,21818390226812272640,CUDD,"Using BDD Package: CUDDFactory, Version: CUDD 3.0","import ""DwyerPatternsNewReduced.spectra""",S_responds_to_P_globally,1,0,false,true,[],[],,null
