Spec,RunConfig,UniqueIdentifier,TIMEOUT,ActionType,Result,CONFIG_TXT,INITIAL_BDD_TIME,HEURISTICS_TIME,SECOND_STEP_TIME,PARALLEL_OVERHEAD_TIME,WORK_TIME,TOTAL_TIME,PRE_ROYBDD_ORDER,POST_HEURISTICS_ORDER,POST_SECOND_STEP_ORDER,POST_WORK_ORDER,PRE_ROYBDD_NODE_SIZE,POST_HEURISTICS_NODE_SIZE,POST_SECOND_STEP_NODE_SIZE,POST_WORK_NODE_SIZE,AVERAGE_AUX_SIZE,AVERAGE_SYS_DOM_IN_CONSTRAINT,AVERAGE_ENV_DOM_IN_CONSTRAINT,AVERAGE_SYS_DOM_SIZE,AVERAGE_ENV_DOM_SIZE,AVERAGE_CONSTRAINT_COMPLEXITY,INTERCONNECTNESS_INDEX,TOTAL_REORDER_TIME,REORDER_CALL_AMOUNT,AVERAGE_REORDER_TIME,AVERAGE_REORDER_GAIN,Z_FIXPOINTS,Y_FIXPOINTS,X_FIXPOINTS,W_FIXPOINTS,REAL_CASES,UNREAL_CASES,REAL_TIME,UNREAL_TIME,GRAPH_DATA,CLUSTER_INC_DATA,CLUSTER_VAR_DATA,DOMAIN_GRAPH_DATA,CONSTRAINT_GRAPH_DATA,JUST_STRING_COUNT,JUST_STRING_ENV_COUNT,TRANS_STRING_SYS_COUNT,TRANS_STRING_ENV_COUNT,INI_STRING_ENV_COUNT,INI_STRING_SYS_COUNT,TOTAL_VARS,SYS_VARS,ENV_VARS,AUX_VARS,UNUSED_CONS_VARS,ARRAYS_INSTANCES,TOTAL_DOMS,SYS_DOMS,ENV_DOMS,AUX_DOMS,DOMS_NOT_QUANTIFIED,INI_SYS_CONSTRAINTS,INI_ENV_CONSTRAINTS,TRANS_ENV_CONSTRAINTS,TRANS_SYS_CONSTRAINTS,JUSTICE_SYS_AMOUNT,JUSTICE_ENV_AMOUNT,Z_SAT_COUNT,Z_SAT_COUNT_START_S0,TRANS_ENV_SAT,TRANS_SYS_SAT,JUSTS_SYS_SAT,JUSTS_ENV_SAT,INI_ENV_SAT,INI_SYS_SAT,FACTORY_TYPE,BDDPACKAGE,IMPORT,UNIQUE_PATTERNS,PATTERN_INSTANCES,TRIGGER_INSTANCES,MONITORS_INSTANCES,COUNTERS_INSTANCES,REDUCED_PATTERN,REDUCED_TRIGGER,SWAPPED_TO_ORIGINAL,ADDITIONAL
1670057023,NOTHING,1670057023.spectra,0,REALIZABILITY,SYS_REAL,"TEMP: false, SORT_AFTERWARDS: false, GROUP_OPTION: NO_GROUPING, INCREMENTAL_ADDITION: NO_INCREMENTAL, USE_RABIN: false, GROUP_AUX: NO_GROUPING, STATIC_ORDER: NO_STATIC_ORDERING, ROY_SIFT_MARKER: false, MAKE_LAST: false, MEMORYLESS: false, REORDER_METHOD: SIFT, NEW_PATTERN: false, INCREMENTAL_JUSTICES: NO_INCREMENTAL, REDUCED_ALGORITHM: FALSE, PARALLEL: false, ORIGINAL: false, BUCHI_INTERSECTION: false, NEW_TRIGGER: false, PARTITIONED: SINGLE_FUNC, VERIFICATION: true, CREATE_GRAPH: false",3437,16,703,-1,173642,177798,"[0, 1, 2, 3, 4, 5, 6, 7, 8, 9, 10, 11, 12, 13, 14, 15, 16, 17, 18, 19, 20, 21, 22, 23, 24, 25, 26, 27, 28, 29, 30, 31, 32, 33, 34, 35, 36, 37, 38, 39, 40, 41, 42, 43, 44, 45, 46, 47, 48, 49, 50, 51, 52, 53, 54, 55, 56, 57, 58, 59, 60, 61, 62, 63, 64, 65, 66, 67, 68, 69, 70, 71]","[0, 1, 2, 3, 4, 5, 6, 7, 8, 9, 10, 11, 12, 13, 14, 15, 16, 17, 18, 19, 20, 21, 22, 23, 24, 25, 26, 27, 28, 29, 30, 31, 32, 33, 34, 35, 36, 37, 38, 39, 40, 41, 42, 43, 44, 45, 46, 47, 48, 49, 50, 51, 52, 53, 54, 55, 56, 57, 58, 59, 60, 61, 62, 63, 64, 65, 66, 67, 68, 69, 70, 71]","[57, 55, 5, 36, 2, 3, 56, 0, 4, 1, 11, 8, 9, 6, 15, 12, 17, 14, 16, 13, 27, 24, 29, 52, 53, 28, 54, 25, 65, 64, 10, 7, 26, 20, 63, 23, 61, 18, 38, 21, 22, 19, 40, 39, 37, 62, 34, 59, 41, 58, 60, 33, 35, 30, 31, 32, 51, 66, 67, 68, 69, 70, 71, 44, 50, 49, 48, 43, 42, 46, 47, 45]","[5, 57, 4, 1, 2, 0, 3, 8, 56, 55, 11, 7, 10, 6, 9, 28, 12, 15, 14, 17, 13, 38, 36, 16, 20, 23, 19, 22, 21, 18, 29, 63, 26, 25, 60, 27, 62, 24, 40, 54, 53, 52, 39, 33, 34, 61, 59, 58, 45, 46, 41, 31, 37, 35, 64, 30, 32, 42, 43, 47, 65, 51, 50, 48, 49, 44, 66, 67, 68, 69, 70, 71]",575,575,15961,51702,NOT_IMPLEMENTED,NOT_IMPLEMENTED,NOT_IMPLEMENTED,NOT_IMPLEMENTED,NOT_IMPLEMENTED,NOT_IMPLEMENTED,NOT_IMPLEMENTED,101717.0,16,6357.3125,-14434.9375,2,80,1202,0,1,0,173486,0,,,,,,,,,,,,72,,,NOT_IMPLEMENTED,,false,32,"robotX,robotX',robotY,robotY',$TRIGGER:0.VAR',$PATTERN:0.SYS_CONSTRAINT.0.S_responds_to_P_globally.state,$PATTERN:0.SYS_CONSTRAINT.0.S_responds_to_P_globally.state',$TRIGGER:0.VAR","$PATTERN:1.ENV_CONSTRAINT.1.S_responds_to_P_globally.state,$PATTERN:1.ENV_CONSTRAINT.1.S_responds_to_P_globally.state',targetCY,targetCY',targetBX,targetBX',$PATTERN:2.ENV_CONSTRAINT.2.S_responds_to_P_globally.state,$PATTERN:2.ENV_CONSTRAINT.2.S_responds_to_P_globally.state',targetAY,targetAY',isABlocked,isABlocked',targetCX,targetCX',isCBlocked,isCBlocked',targetAX,targetAX',isBBlocked,isBBlocked',MObstacleX,MObstacleX',targetBY,targetBY'",0,,,,,,7,5,4670920586693680562176,72967013299400998912,18329691488256,5328130073029509120,3185522117228718194688,11252513884962826485760,3014597000571125760,4504441853277372416,CUDD,"Using BDD Package: CUDDFactory, Version: CUDD 3.0","import ""DwyerPatternsNew.spectra""",S_responds_to_P_globally,3,1,false,false,[],[],,null
1670057023,FINAL,1670057023.spectra,0,REALIZABILITY,SYS_REAL,"TEMP: false, SORT_AFTERWARDS: false, GROUP_OPTION: NO_GROUPING, INCREMENTAL_ADDITION: NO_INCREMENTAL, USE_RABIN: false, GROUP_AUX: GROUP_PAIR, STATIC_ORDER: REVERSE_CUTHILL, ROY_SIFT_MARKER: false, MAKE_LAST: false, MEMORYLESS: true, REORDER_METHOD: SIFT, NEW_PATTERN: true, INCREMENTAL_JUSTICES: INCREMENTAL_GRAPH, REDUCED_ALGORITHM: FALSE, PARALLEL: false, ORIGINAL: false, BUCHI_INTERSECTION: false, NEW_TRIGGER: true, PARTITIONED: SINGLE_FUNC, VERIFICATION: true, CREATE_GRAPH: false",3375,250,641,-1,117020,121298,"[0, 1, 2, 3, 4, 5, 6, 7, 8, 9, 10, 11, 12, 13, 14, 15, 16, 17, 18, 19, 20, 21, 22, 23, 24, 25, 26, 27, 28, 29, 30, 31, 32, 33, 34, 35, 36, 37, 38, 39, 40, 41, 42, 43, 44, 45, 46, 47, 48, 49, 50, 51, 52, 53, 54, 55, 56, 57, 58, 59, 60, 61, 62, 63, 64, 65, 66, 67, 68, 69]","[50, 51, 48, 49, 9, 10, 11, 3, 4, 5, 21, 22, 23, 16, 17, 15, 45, 46, 47, 38, 36, 39, 37, 66, 67, 68, 69, 61, 62, 63, 55, 56, 57, 42, 43, 44, 41, 0, 1, 2, 6, 7, 8, 12, 13, 14, 18, 19, 20, 33, 34, 35, 27, 28, 29, 40, 58, 59, 60, 52, 53, 54, 24, 25, 26, 32, 30, 31, 65, 64]","[63, 61, 51, 50, 49, 48, 36, 44, 43, 46, 42, 45, 47, 11, 8, 9, 62, 6, 10, 57, 7, 5, 55, 2, 3, 0, 4, 1, 15, 12, 17, 14, 13, 65, 64, 56, 16, 19, 38, 22, 18, 21, 59, 34, 58, 33, 52, 20, 23, 37, 39, 28, 53, 41, 54, 60, 66, 67, 69, 68, 27, 29, 35, 31, 30, 32, 40, 24, 25, 26]","[68, 69, 67, 66, 63, 62, 61, 44, 47, 50, 51, 49, 48, 46, 59, 43, 42, 45, 60, 58, 40, 36, 57, 54, 56, 55, 4, 38, 1, 3, 0, 13, 16, 17, 15, 39, 33, 12, 24, 25, 53, 52, 41, 31, 30, 28, 27, 37, 34, 22, 29, 35, 32, 21, 9, 5, 10, 11, 23, 7, 6, 26, 64, 65, 19, 2, 8, 14, 20, 18]",551,729,20396,185618,NOT_IMPLEMENTED,NOT_IMPLEMENTED,NOT_IMPLEMENTED,NOT_IMPLEMENTED,NOT_IMPLEMENTED,NOT_IMPLEMENTED,NOT_IMPLEMENTED,64975.0,19,3419.736842105262,-31645.0,2,78,1133,0,1,0,116985,0,,,,,,,,,,,,70,,,NOT_IMPLEMENTED,,false,32,"$PATTERN:0.SYS_CONSTRAINT.0.S_responds_to_P_globally.state,$PATTERN:0.SYS_CONSTRAINT.0.S_responds_to_P_globally.state',$TRIGGER:0.VAR,robotY,robotY',$TRIGGER:0.VAR',robotX,robotX'","isABlocked,isABlocked',isBBlocked,isBBlocked',targetAX,targetAX',targetCX,targetCX',$PATTERN:1.ENV_CONSTRAINT.1.S_responds_to_P_globally.state,$PATTERN:1.ENV_CONSTRAINT.1.S_responds_to_P_globally.state',targetBY,targetBY',targetBX,targetBX',targetCY,targetCY',MObstacleX,MObstacleX',targetAY,targetAY',$PATTERN:2.ENV_CONSTRAINT.2.S_responds_to_P_globally.state,$PATTERN:2.ENV_CONSTRAINT.2.S_responds_to_P_globally.state',isCBlocked,isCBlocked'",0,,,,,,7,5,1165628058012240314368,36480076173421838336,4582422872064,1144805656558043136,943954481896855961600,2813128471240706621440,753649250142781440,2252220926638686208,CUDD,"Using BDD Package: CUDDFactory, Version: CUDD 3.0","import ""DwyerPatternsNewReduced.spectra""",S_responds_to_P_globally,3,1,false,false,[],[REMOVED_HOLE],,null
1670057023,NOTHING,1670057023.spectra,0,REALIZABILITY,SYS_REAL,"TEMP: false, SORT_AFTERWARDS: false, GROUP_OPTION: NO_GROUPING, INCREMENTAL_ADDITION: NO_INCREMENTAL, USE_RABIN: false, GROUP_AUX: NO_GROUPING, STATIC_ORDER: NO_STATIC_ORDERING, ROY_SIFT_MARKER: false, MAKE_LAST: false, MEMORYLESS: false, REORDER_METHOD: SIFT, NEW_PATTERN: false, INCREMENTAL_JUSTICES: NO_INCREMENTAL, REDUCED_ALGORITHM: FALSE, PARALLEL: false, ORIGINAL: false, BUCHI_INTERSECTION: false, NEW_TRIGGER: false, PARTITIONED: SINGLE_FUNC, VERIFICATION: true, CREATE_GRAPH: false",3015,16,719,-1,179869,183619,"[0, 1, 2, 3, 4, 5, 6, 7, 8, 9, 10, 11, 12, 13, 14, 15, 16, 17, 18, 19, 20, 21, 22, 23, 24, 25, 26, 27, 28, 29, 30, 31, 32, 33, 34, 35, 36, 37, 38, 39, 40, 41, 42, 43, 44, 45, 46, 47, 48, 49, 50, 51, 52, 53, 54, 55, 56, 57, 58, 59, 60, 61, 62, 63, 64, 65, 66, 67, 68, 69, 70, 71]","[0, 1, 2, 3, 4, 5, 6, 7, 8, 9, 10, 11, 12, 13, 14, 15, 16, 17, 18, 19, 20, 21, 22, 23, 24, 25, 26, 27, 28, 29, 30, 31, 32, 33, 34, 35, 36, 37, 38, 39, 40, 41, 42, 43, 44, 45, 46, 47, 48, 49, 50, 51, 52, 53, 54, 55, 56, 57, 58, 59, 60, 61, 62, 63, 64, 65, 66, 67, 68, 69, 70, 71]","[57, 56, 36, 2, 1, 4, 5, 55, 3, 0, 11, 8, 9, 6, 15, 12, 17, 14, 16, 13, 27, 29, 24, 52, 53, 28, 54, 25, 65, 64, 10, 7, 26, 20, 63, 23, 61, 18, 38, 21, 22, 19, 40, 37, 39, 62, 34, 59, 41, 58, 60, 33, 35, 30, 31, 32, 51, 66, 67, 68, 69, 70, 71, 44, 50, 49, 48, 43, 42, 46, 47, 45]","[5, 57, 4, 1, 2, 0, 3, 8, 11, 7, 10, 6, 9, 12, 15, 14, 17, 13, 16, 38, 36, 20, 23, 19, 22, 21, 56, 29, 28, 55, 61, 18, 62, 26, 25, 54, 40, 24, 53, 52, 27, 39, 37, 59, 31, 58, 34, 33, 41, 35, 30, 63, 32, 60, 46, 45, 64, 43, 42, 47, 65, 50, 51, 48, 49, 44, 66, 67, 68, 69, 70, 71]",575,575,15988,45770,NOT_IMPLEMENTED,NOT_IMPLEMENTED,NOT_IMPLEMENTED,NOT_IMPLEMENTED,NOT_IMPLEMENTED,NOT_IMPLEMENTED,NOT_IMPLEMENTED,112308.0,16,7019.25,-11068.125,2,80,1202,0,1,0,179784,0,,,,,,,,,,,,72,,,NOT_IMPLEMENTED,,false,32,"$TRIGGER:0.VAR',$TRIGGER:0.VAR,$PATTERN:0.SYS_CONSTRAINT.0.S_responds_to_P_globally.state,$PATTERN:0.SYS_CONSTRAINT.0.S_responds_to_P_globally.state',robotY,robotY',robotX,robotX'","targetAY,targetAY',targetCY,targetCY',targetBX,targetBX',isCBlocked,isCBlocked',isBBlocked,isBBlocked',isABlocked,isABlocked',$PATTERN:1.ENV_CONSTRAINT.1.S_responds_to_P_globally.state,$PATTERN:1.ENV_CONSTRAINT.1.S_responds_to_P_globally.state',targetBY,targetBY',targetAX,targetAX',MObstacleX,MObstacleX',$PATTERN:2.ENV_CONSTRAINT.2.S_responds_to_P_globally.state,$PATTERN:2.ENV_CONSTRAINT.2.S_responds_to_P_globally.state',targetCX,targetCX'",0,,,,,,7,5,4670920586693680562176,72967013299400998912,18329691488256,5328130073029509120,3185522117228718194688,11252513884962826485760,3014597000571125760,4504441853277372416,CUDD,"Using BDD Package: CUDDFactory, Version: CUDD 3.0","import ""DwyerPatternsNew.spectra""",S_responds_to_P_globally,3,1,false,false,[],[],,null
1670057023,FINAL,1670057023.spectra,0,REALIZABILITY,SYS_REAL,"TEMP: false, SORT_AFTERWARDS: false, GROUP_OPTION: NO_GROUPING, INCREMENTAL_ADDITION: NO_INCREMENTAL, USE_RABIN: false, GROUP_AUX: GROUP_PAIR, STATIC_ORDER: REVERSE_CUTHILL, ROY_SIFT_MARKER: false, MAKE_LAST: false, MEMORYLESS: true, REORDER_METHOD: SIFT, NEW_PATTERN: true, INCREMENTAL_JUSTICES: INCREMENTAL_GRAPH, REDUCED_ALGORITHM: FALSE, PARALLEL: false, ORIGINAL: false, BUCHI_INTERSECTION: false, NEW_TRIGGER: true, PARTITIONED: SINGLE_FUNC, VERIFICATION: true, CREATE_GRAPH: false",3498,207,657,-1,133670,138032,"[0, 1, 2, 3, 4, 5, 6, 7, 8, 9, 10, 11, 12, 13, 14, 15, 16, 17, 18, 19, 20, 21, 22, 23, 24, 25, 26, 27, 28, 29, 30, 31, 32, 33, 34, 35, 36, 37, 38, 39, 40, 41, 42, 43, 44, 45, 46, 47, 48, 49, 50, 51, 52, 53, 54, 55, 56, 57, 58, 59, 60, 61, 62, 63, 64, 65, 66, 67, 68, 69]","[50, 51, 48, 49, 9, 10, 11, 3, 4, 5, 21, 22, 23, 16, 17, 15, 45, 46, 47, 38, 36, 39, 37, 66, 67, 68, 69, 61, 62, 63, 55, 56, 57, 42, 43, 44, 41, 0, 1, 2, 6, 7, 8, 12, 13, 14, 18, 19, 20, 33, 34, 35, 27, 28, 29, 40, 58, 59, 60, 52, 53, 54, 24, 25, 26, 32, 30, 31, 65, 64]","[65, 64, 63, 68, 69, 67, 66, 51, 50, 48, 49, 36, 44, 43, 42, 46, 45, 47, 8, 11, 7, 10, 6, 9, 5, 2, 0, 3, 1, 4, 15, 12, 14, 17, 13, 62, 61, 57, 56, 55, 16, 22, 19, 59, 31, 34, 60, 58, 30, 18, 33, 21, 35, 23, 52, 24, 54, 41, 53, 37, 39, 20, 38, 32, 40, 25, 26, 28, 29, 27]","[68, 69, 67, 66, 60, 59, 63, 62, 61, 57, 47, 46, 44, 50, 51, 48, 49, 43, 42, 45, 58, 40, 36, 54, 38, 32, 35, 31, 34, 30, 56, 55, 33, 26, 29, 17, 14, 2, 11, 8, 10, 7, 6, 5, 9, 16, 4, 1, 28, 25, 22, 3, 15, 37, 41, 27, 21, 39, 23, 13, 0, 24, 19, 52, 12, 53, 64, 65, 20, 18]",488,549,25710,368230,NOT_IMPLEMENTED,NOT_IMPLEMENTED,NOT_IMPLEMENTED,NOT_IMPLEMENTED,NOT_IMPLEMENTED,NOT_IMPLEMENTED,NOT_IMPLEMENTED,56677.0,17,3333.9411764705887,-16825.35294117647,2,78,1133,0,1,0,133623,0,,,,,,,,,,,,70,,,NOT_IMPLEMENTED,,false,32,"robotY,robotY',$TRIGGER:0.VAR',$TRIGGER:0.VAR,$PATTERN:0.SYS_CONSTRAINT.0.S_responds_to_P_globally.state,$PATTERN:0.SYS_CONSTRAINT.0.S_responds_to_P_globally.state',robotX,robotX'","$PATTERN:2.ENV_CONSTRAINT.2.S_responds_to_P_globally.state,$PATTERN:2.ENV_CONSTRAINT.2.S_responds_to_P_globally.state',targetCX,targetCX',targetAY,targetAY',targetCY,targetCY',isABlocked,isABlocked',isBBlocked,isBBlocked',targetBX,targetBX',isCBlocked,isCBlocked',$PATTERN:1.ENV_CONSTRAINT.1.S_responds_to_P_globally.state,$PATTERN:1.ENV_CONSTRAINT.1.S_responds_to_P_globally.state',targetBY,targetBY',MObstacleX,MObstacleX',targetAX,targetAX'",0,,,,,,7,5,1165628058012240314368,36480076173421838336,4582422872064,1144805656558043136,943954481896855961600,2813128471240706621440,753649250142781440,2252220926638686208,CUDD,"Using BDD Package: CUDDFactory, Version: CUDD 3.0","import ""DwyerPatternsNewReduced.spectra""",S_responds_to_P_globally,3,1,false,false,[],[REMOVED_HOLE],,null
1670057023,NOTHING,1670057023.spectra,0,REALIZABILITY,SYS_REAL,"TEMP: false, SORT_AFTERWARDS: false, GROUP_OPTION: NO_GROUPING, INCREMENTAL_ADDITION: NO_INCREMENTAL, USE_RABIN: false, GROUP_AUX: NO_GROUPING, STATIC_ORDER: NO_STATIC_ORDERING, ROY_SIFT_MARKER: false, MAKE_LAST: false, MEMORYLESS: false, REORDER_METHOD: SIFT, NEW_PATTERN: false, INCREMENTAL_JUSTICES: NO_INCREMENTAL, REDUCED_ALGORITHM: FALSE, PARALLEL: false, ORIGINAL: false, BUCHI_INTERSECTION: false, NEW_TRIGGER: false, PARTITIONED: SINGLE_FUNC, VERIFICATION: true, CREATE_GRAPH: false",4663,18,784,-1,201423,206888,"[0, 1, 2, 3, 4, 5, 6, 7, 8, 9, 10, 11, 12, 13, 14, 15, 16, 17, 18, 19, 20, 21, 22, 23, 24, 25, 26, 27, 28, 29, 30, 31, 32, 33, 34, 35, 36, 37, 38, 39, 40, 41, 42, 43, 44, 45, 46, 47, 48, 49, 50, 51, 52, 53, 54, 55, 56, 57, 58, 59, 60, 61, 62, 63, 64, 65, 66, 67, 68, 69, 70, 71]","[0, 1, 2, 3, 4, 5, 6, 7, 8, 9, 10, 11, 12, 13, 14, 15, 16, 17, 18, 19, 20, 21, 22, 23, 24, 25, 26, 27, 28, 29, 30, 31, 32, 33, 34, 35, 36, 37, 38, 39, 40, 41, 42, 43, 44, 45, 46, 47, 48, 49, 50, 51, 52, 53, 54, 55, 56, 57, 58, 59, 60, 61, 62, 63, 64, 65, 66, 67, 68, 69, 70, 71]","[57, 56, 36, 2, 1, 4, 5, 55, 3, 0, 11, 8, 9, 6, 15, 12, 17, 14, 16, 13, 27, 24, 29, 52, 53, 28, 54, 25, 65, 64, 10, 7, 26, 20, 63, 23, 61, 18, 38, 21, 22, 19, 40, 37, 39, 62, 34, 59, 41, 58, 60, 33, 35, 30, 31, 32, 51, 66, 67, 68, 69, 70, 71, 44, 50, 49, 48, 43, 42, 46, 47, 45]","[5, 4, 1, 2, 55, 0, 3, 8, 11, 7, 10, 6, 9, 12, 15, 14, 17, 13, 16, 38, 36, 20, 23, 19, 22, 21, 57, 29, 28, 56, 61, 18, 62, 26, 25, 54, 40, 24, 53, 52, 27, 37, 64, 39, 31, 30, 32, 60, 59, 58, 34, 33, 41, 35, 63, 45, 46, 43, 42, 50, 51, 48, 49, 47, 44, 65, 66, 67, 68, 69, 70, 71]",575,575,15960,45438,NOT_IMPLEMENTED,NOT_IMPLEMENTED,NOT_IMPLEMENTED,NOT_IMPLEMENTED,NOT_IMPLEMENTED,NOT_IMPLEMENTED,NOT_IMPLEMENTED,127291.0,16,7955.6875,-11661.9375,2,80,1202,0,1,0,201334,0,,,,,,,,,,,,72,,,NOT_IMPLEMENTED,,false,32,"$TRIGGER:0.VAR',$TRIGGER:0.VAR,$PATTERN:0.SYS_CONSTRAINT.0.S_responds_to_P_globally.state,$PATTERN:0.SYS_CONSTRAINT.0.S_responds_to_P_globally.state',robotY,robotY',robotX,robotX'","targetAY,targetAY',targetCY,targetCY',targetBX,targetBX',isCBlocked,isCBlocked',isBBlocked,isBBlocked',isABlocked,isABlocked',$PATTERN:1.ENV_CONSTRAINT.1.S_responds_to_P_globally.state,$PATTERN:1.ENV_CONSTRAINT.1.S_responds_to_P_globally.state',targetBY,targetBY',targetAX,targetAX',MObstacleX,MObstacleX',$PATTERN:2.ENV_CONSTRAINT.2.S_responds_to_P_globally.state,$PATTERN:2.ENV_CONSTRAINT.2.S_responds_to_P_globally.state',targetCX,targetCX'",0,,,,,,7,5,4670920586693680562176,72967013299400998912,18329691488256,5328130073029509120,3185522117228718194688,11252513884962826485760,3014597000571125760,4504441853277372416,CUDD,"Using BDD Package: CUDDFactory, Version: CUDD 3.0","import ""DwyerPatternsNew.spectra""",S_responds_to_P_globally,3,1,false,false,[],[],,null
1670057023,FINAL,1670057023.spectra,0,REALIZABILITY,SYS_REAL,"TEMP: false, SORT_AFTERWARDS: false, GROUP_OPTION: NO_GROUPING, INCREMENTAL_ADDITION: NO_INCREMENTAL, USE_RABIN: false, GROUP_AUX: GROUP_PAIR, STATIC_ORDER: REVERSE_CUTHILL, ROY_SIFT_MARKER: false, MAKE_LAST: false, MEMORYLESS: true, REORDER_METHOD: SIFT, NEW_PATTERN: true, INCREMENTAL_JUSTICES: INCREMENTAL_GRAPH, REDUCED_ALGORITHM: FALSE, PARALLEL: false, ORIGINAL: false, BUCHI_INTERSECTION: false, NEW_TRIGGER: true, PARTITIONED: SINGLE_FUNC, VERIFICATION: true, CREATE_GRAPH: false",5041,312,800,-1,72406,78559,"[0, 1, 2, 3, 4, 5, 6, 7, 8, 9, 10, 11, 12, 13, 14, 15, 16, 17, 18, 19, 20, 21, 22, 23, 24, 25, 26, 27, 28, 29, 30, 31, 32, 33, 34, 35, 36, 37, 38, 39, 40, 41, 42, 43, 44, 45, 46, 47, 48, 49, 50, 51, 52, 53, 54, 55, 56, 57, 58, 59, 60, 61, 62, 63, 64, 65, 66, 67, 68, 69]","[50, 51, 48, 49, 9, 10, 11, 3, 4, 5, 21, 22, 23, 16, 17, 15, 45, 46, 47, 38, 36, 39, 37, 66, 67, 68, 69, 61, 62, 63, 55, 56, 57, 42, 43, 44, 41, 0, 1, 2, 6, 7, 8, 12, 13, 14, 18, 19, 20, 33, 34, 35, 27, 28, 29, 40, 58, 59, 60, 52, 53, 54, 24, 25, 26, 32, 30, 31, 65, 64]","[65, 64, 49, 48, 51, 50, 36, 44, 43, 42, 46, 45, 47, 11, 8, 6, 9, 7, 61, 62, 10, 0, 3, 2, 5, 1, 4, 12, 63, 55, 56, 15, 14, 17, 16, 13, 68, 69, 67, 66, 57, 59, 22, 19, 30, 18, 58, 21, 31, 53, 54, 28, 52, 39, 41, 60, 37, 27, 23, 20, 38, 29, 33, 34, 35, 32, 40, 25, 24, 26]","[68, 69, 66, 67, 44, 50, 51, 48, 49, 60, 59, 63, 62, 61, 65, 64, 58, 43, 47, 46, 45, 42, 36, 57, 56, 55, 54, 40, 38, 53, 25, 28, 1, 0, 52, 13, 12, 24, 26, 29, 27, 4, 3, 30, 16, 15, 5, 41, 37, 11, 10, 9, 34, 22, 21, 39, 17, 33, 35, 23, 31, 19, 7, 6, 18, 32, 14, 20, 2, 8]",489,555,23005,157240,NOT_IMPLEMENTED,NOT_IMPLEMENTED,NOT_IMPLEMENTED,NOT_IMPLEMENTED,NOT_IMPLEMENTED,NOT_IMPLEMENTED,NOT_IMPLEMENTED,30524.0,17,1795.5294117647056,-16699.764705882353,2,78,1133,0,1,0,72347,0,,,,,,,,,,,,70,,,NOT_IMPLEMENTED,,false,32,"robotY,robotY',$TRIGGER:0.VAR',$TRIGGER:0.VAR,$PATTERN:0.SYS_CONSTRAINT.0.S_responds_to_P_globally.state,$PATTERN:0.SYS_CONSTRAINT.0.S_responds_to_P_globally.state',robotX,robotX'","$PATTERN:2.ENV_CONSTRAINT.2.S_responds_to_P_globally.state,$PATTERN:2.ENV_CONSTRAINT.2.S_responds_to_P_globally.state',targetCX,targetCX',targetAY,targetAY',targetCY,targetCY',isABlocked,isABlocked',isBBlocked,isBBlocked',targetBX,targetBX',isCBlocked,isCBlocked',$PATTERN:1.ENV_CONSTRAINT.1.S_responds_to_P_globally.state,$PATTERN:1.ENV_CONSTRAINT.1.S_responds_to_P_globally.state',targetBY,targetBY',MObstacleX,MObstacleX',targetAX,targetAX'",0,,,,,,7,5,1165628058012240314368,36480076173421838336,4582422872064,1144805656558043136,943954481896855961600,2813128471240706621440,753649250142781440,2252220926638686208,CUDD,"Using BDD Package: CUDDFactory, Version: CUDD 3.0","import ""DwyerPatternsNewReduced.spectra""",S_responds_to_P_globally,3,1,false,false,[],[REMOVED_HOLE],,null
1670185982,NOTHING,1670185982.spectra,1
1670185982,FINAL,1670185982.spectra,1
1669987834,NOTHING,1669987834.spectra,0,REALIZABILITY,SYS_REAL,"TEMP: false, SORT_AFTERWARDS: false, GROUP_OPTION: NO_GROUPING, INCREMENTAL_ADDITION: NO_INCREMENTAL, USE_RABIN: false, GROUP_AUX: NO_GROUPING, STATIC_ORDER: NO_STATIC_ORDERING, ROY_SIFT_MARKER: false, MAKE_LAST: false, MEMORYLESS: false, REORDER_METHOD: SIFT, NEW_PATTERN: false, INCREMENTAL_JUSTICES: NO_INCREMENTAL, REDUCED_ALGORITHM: FALSE, PARALLEL: false, ORIGINAL: false, BUCHI_INTERSECTION: false, NEW_TRIGGER: false, PARTITIONED: SINGLE_FUNC, VERIFICATION: true, CREATE_GRAPH: false",3827,16,540,-1,86753,91136,"[0, 1, 2, 3, 4, 5, 6, 7, 8, 9, 10, 11, 12, 13, 14, 15, 16, 17, 18, 19, 20, 21, 22, 23, 24, 25, 26, 27, 28, 29, 30, 31, 32, 33, 34, 35, 36, 37, 38, 39, 40, 41, 42, 43, 44, 45, 46, 47, 48, 49, 50, 51, 52, 53, 54, 55, 56, 57, 58, 59, 60, 61, 62, 63]","[0, 1, 2, 3, 4, 5, 6, 7, 8, 9, 10, 11, 12, 13, 14, 15, 16, 17, 18, 19, 20, 21, 22, 23, 24, 25, 26, 27, 28, 29, 30, 31, 32, 33, 34, 35, 36, 37, 38, 39, 40, 41, 42, 43, 44, 45, 46, 47, 48, 49, 50, 51, 52, 53, 54, 55, 56, 57, 58, 59, 60, 61, 62, 63]","[2, 56, 55, 5, 0, 3, 1, 4, 12, 15, 14, 17, 13, 57, 62, 61, 16, 6, 9, 29, 26, 24, 27, 63, 53, 25, 28, 52, 54, 8, 11, 36, 7, 10, 23, 20, 21, 18, 38, 22, 19, 40, 58, 59, 37, 39, 34, 41, 60, 33, 35, 30, 31, 32, 51, 44, 50, 49, 48, 43, 42, 46, 45, 47]","[5, 4, 1, 2, 0, 3, 17, 14, 56, 16, 13, 40, 38, 36, 54, 53, 26, 29, 28, 25, 52, 12, 55, 15, 8, 11, 10, 7, 9, 6, 27, 22, 19, 21, 18, 23, 20, 24, 31, 30, 57, 61, 62, 59, 39, 37, 58, 34, 41, 60, 32, 63, 33, 35, 45, 46, 47, 42, 43, 51, 50, 44, 48, 49]",283,283,11928,14605,NOT_IMPLEMENTED,NOT_IMPLEMENTED,NOT_IMPLEMENTED,NOT_IMPLEMENTED,NOT_IMPLEMENTED,NOT_IMPLEMENTED,NOT_IMPLEMENTED,52060.0,16,3253.75,-6159.4375,2,51,836,0,1,0,86657,0,,,,,,,,,,,,64,,,NOT_IMPLEMENTED,,false,28,"robotY,robotY',robotX,robotX'","$PATTERN:1.ENV_CONSTRAINT.1.S_responds_to_P_globally.state,$PATTERN:1.ENV_CONSTRAINT.1.S_responds_to_P_globally.state',targetBY,targetBY',targetCY,targetCY',targetBX,targetBX',targetCX,targetCX',targetAY,targetAY',isABlocked,isABlocked',targetAX,targetAX',isCBlocked,isCBlocked',isBBlocked,isBBlocked',$PATTERN:0.ENV_CONSTRAINT.0.S_responds_to_P_globally.state,$PATTERN:0.ENV_CONSTRAINT.0.S_responds_to_P_globally.state',MObstacleX,MObstacleX'",0,,,,,,5,5,18263427172934877184,4565856793233719296,84218019840,550408483292315648,914230724356210688,43955132363136040960,13913220137877504,281527615829835776,CUDD,"Using BDD Package: CUDDFactory, Version: CUDD 3.0","import ""DwyerPatternsNew.spectra""",S_responds_to_P_globally,2,0,false,false,[],[],,null
1669987834,FINAL,1669987834.spectra,0,REALIZABILITY,SYS_REAL,"TEMP: false, SORT_AFTERWARDS: false, GROUP_OPTION: NO_GROUPING, INCREMENTAL_ADDITION: NO_INCREMENTAL, USE_RABIN: false, GROUP_AUX: GROUP_PAIR, STATIC_ORDER: REVERSE_CUTHILL, ROY_SIFT_MARKER: false, MAKE_LAST: false, MEMORYLESS: true, REORDER_METHOD: SIFT, NEW_PATTERN: true, INCREMENTAL_JUSTICES: INCREMENTAL_GRAPH, REDUCED_ALGORITHM: FALSE, PARALLEL: false, ORIGINAL: false, BUCHI_INTERSECTION: false, NEW_TRIGGER: true, PARTITIONED: SINGLE_FUNC, VERIFICATION: true, CREATE_GRAPH: false",3957,126,698,-1,65098,69896,"[0, 1, 2, 3, 4, 5, 6, 7, 8, 9, 10, 11, 12, 13, 14, 15, 16, 17, 18, 19, 20, 21, 22, 23, 24, 25, 26, 27, 28, 29, 30, 31, 32, 33, 34, 35, 36, 37, 38, 39, 40, 41, 42, 43, 44, 45, 46, 47, 48, 49, 50, 51, 52, 53, 54, 55, 56, 57, 58, 59, 60, 61, 62, 63]","[33, 34, 35, 27, 28, 29, 41, 39, 21, 22, 23, 16, 17, 15, 37, 32, 30, 31, 9, 10, 11, 3, 4, 5, 18, 19, 20, 6, 7, 8, 61, 62, 63, 55, 56, 57, 52, 53, 54, 24, 25, 26, 40, 58, 59, 60, 12, 13, 14, 38, 50, 51, 0, 1, 2, 36, 45, 46, 47, 42, 43, 44, 49, 48]","[63, 35, 61, 32, 30, 33, 31, 34, 18, 21, 23, 62, 20, 19, 22, 9, 6, 11, 8, 7, 10, 17, 14, 38, 12, 15, 60, 58, 59, 57, 16, 56, 13, 36, 25, 40, 53, 4, 54, 52, 39, 55, 37, 41, 0, 24, 3, 5, 26, 27, 28, 29, 1, 2, 44, 50, 51, 49, 48, 47, 46, 45, 42, 43]","[20, 23, 18, 63, 21, 22, 14, 17, 13, 16, 12, 15, 19, 35, 32, 31, 40, 34, 38, 26, 29, 24, 27, 25, 28, 30, 33, 8, 62, 11, 10, 61, 9, 57, 56, 7, 60, 6, 59, 1, 0, 36, 58, 55, 41, 39, 2, 54, 52, 53, 37, 4, 5, 3, 45, 46, 42, 43, 50, 51, 49, 48, 44, 47]",283,281,13056,412834,NOT_IMPLEMENTED,NOT_IMPLEMENTED,NOT_IMPLEMENTED,NOT_IMPLEMENTED,NOT_IMPLEMENTED,NOT_IMPLEMENTED,NOT_IMPLEMENTED,28901.0,18,1605.6111111111115,-5873.2222222222235,2,51,836,0,1,0,65049,0,,,,,,,,,,,,64,,,NOT_IMPLEMENTED,,false,28,"robotX,robotX',robotY,robotY'","targetCY,targetCY',isBBlocked,isBBlocked',isABlocked,isABlocked',isCBlocked,isCBlocked',targetBX,targetBX',targetCX,targetCX',$PATTERN:0.ENV_CONSTRAINT.0.S_responds_to_P_globally.state,$PATTERN:0.ENV_CONSTRAINT.0.S_responds_to_P_globally.state',targetAY,targetAY',targetBY,targetBY',targetAX,targetAX',$PATTERN:1.ENV_CONSTRAINT.1.S_responds_to_P_globally.state,$PATTERN:1.ENV_CONSTRAINT.1.S_responds_to_P_globally.state',MObstacleX,MObstacleX'",0,,,,,,5,5,18263427172934877184,4565856793233719296,84218019840,550408483292315648,914230724356210688,43955132363136040960,13913220137877504,281527615829835776,CUDD,"Using BDD Package: CUDDFactory, Version: CUDD 3.0","import ""DwyerPatternsNewReduced.spectra""",S_responds_to_P_globally,2,0,false,false,[],[],,null
1669987834,NOTHING,1669987834.spectra,0,REALIZABILITY,SYS_REAL,"TEMP: false, SORT_AFTERWARDS: false, GROUP_OPTION: NO_GROUPING, INCREMENTAL_ADDITION: NO_INCREMENTAL, USE_RABIN: false, GROUP_AUX: NO_GROUPING, STATIC_ORDER: NO_STATIC_ORDERING, ROY_SIFT_MARKER: false, MAKE_LAST: false, MEMORYLESS: false, REORDER_METHOD: SIFT, NEW_PATTERN: false, INCREMENTAL_JUSTICES: NO_INCREMENTAL, REDUCED_ALGORITHM: FALSE, PARALLEL: false, ORIGINAL: false, BUCHI_INTERSECTION: false, NEW_TRIGGER: false, PARTITIONED: SINGLE_FUNC, VERIFICATION: true, CREATE_GRAPH: false",5203,15,824,-1,88336,94394,"[0, 1, 2, 3, 4, 5, 6, 7, 8, 9, 10, 11, 12, 13, 14, 15, 16, 17, 18, 19, 20, 21, 22, 23, 24, 25, 26, 27, 28, 29, 30, 31, 32, 33, 34, 35, 36, 37, 38, 39, 40, 41, 42, 43, 44, 45, 46, 47, 48, 49, 50, 51, 52, 53, 54, 55, 56, 57, 58, 59, 60, 61, 62, 63]","[0, 1, 2, 3, 4, 5, 6, 7, 8, 9, 10, 11, 12, 13, 14, 15, 16, 17, 18, 19, 20, 21, 22, 23, 24, 25, 26, 27, 28, 29, 30, 31, 32, 33, 34, 35, 36, 37, 38, 39, 40, 41, 42, 43, 44, 45, 46, 47, 48, 49, 50, 51, 52, 53, 54, 55, 56, 57, 58, 59, 60, 61, 62, 63]","[2, 56, 55, 5, 0, 3, 1, 4, 12, 15, 14, 17, 13, 57, 62, 61, 16, 6, 9, 29, 26, 24, 27, 63, 53, 25, 28, 52, 54, 8, 11, 36, 7, 10, 23, 20, 21, 18, 38, 22, 19, 40, 58, 59, 37, 39, 34, 41, 60, 33, 35, 30, 31, 32, 51, 44, 50, 49, 48, 43, 42, 46, 45, 47]","[5, 4, 1, 2, 0, 3, 17, 14, 56, 16, 13, 40, 38, 36, 54, 53, 26, 29, 28, 25, 52, 12, 55, 15, 8, 11, 10, 7, 9, 6, 27, 22, 19, 21, 18, 23, 20, 24, 31, 30, 57, 61, 62, 59, 39, 37, 58, 34, 41, 60, 32, 63, 33, 35, 45, 46, 47, 42, 43, 51, 50, 44, 48, 49]",283,283,11925,14602,NOT_IMPLEMENTED,NOT_IMPLEMENTED,NOT_IMPLEMENTED,NOT_IMPLEMENTED,NOT_IMPLEMENTED,NOT_IMPLEMENTED,NOT_IMPLEMENTED,51705.0,16,3231.5625,-6154.4375,2,51,836,0,1,0,88226,0,,,,,,,,,,,,64,,,NOT_IMPLEMENTED,,false,28,"robotY,robotY',robotX,robotX'","$PATTERN:1.ENV_CONSTRAINT.1.S_responds_to_P_globally.state,$PATTERN:1.ENV_CONSTRAINT.1.S_responds_to_P_globally.state',targetBY,targetBY',targetCY,targetCY',targetBX,targetBX',targetCX,targetCX',targetAY,targetAY',isABlocked,isABlocked',targetAX,targetAX',isCBlocked,isCBlocked',isBBlocked,isBBlocked',$PATTERN:0.ENV_CONSTRAINT.0.S_responds_to_P_globally.state,$PATTERN:0.ENV_CONSTRAINT.0.S_responds_to_P_globally.state',MObstacleX,MObstacleX'",0,,,,,,5,5,18263427172934877184,4565856793233719296,84218019840,550408483292315648,914230724356210688,43955132363136040960,13913220137877504,281527615829835776,CUDD,"Using BDD Package: CUDDFactory, Version: CUDD 3.0","import ""DwyerPatternsNew.spectra""",S_responds_to_P_globally,2,0,false,false,[],[],,null
1669987834,FINAL,1669987834.spectra,0,REALIZABILITY,SYS_REAL,"TEMP: false, SORT_AFTERWARDS: false, GROUP_OPTION: NO_GROUPING, INCREMENTAL_ADDITION: NO_INCREMENTAL, USE_RABIN: false, GROUP_AUX: GROUP_PAIR, STATIC_ORDER: REVERSE_CUTHILL, ROY_SIFT_MARKER: false, MAKE_LAST: false, MEMORYLESS: true, REORDER_METHOD: SIFT, NEW_PATTERN: true, INCREMENTAL_JUSTICES: INCREMENTAL_GRAPH, REDUCED_ALGORITHM: FALSE, PARALLEL: false, ORIGINAL: false, BUCHI_INTERSECTION: false, NEW_TRIGGER: true, PARTITIONED: SINGLE_FUNC, VERIFICATION: true, CREATE_GRAPH: false",3071,177,460,-1,59045,62754,"[0, 1, 2, 3, 4, 5, 6, 7, 8, 9, 10, 11, 12, 13, 14, 15, 16, 17, 18, 19, 20, 21, 22, 23, 24, 25, 26, 27, 28, 29, 30, 31, 32, 33, 34, 35, 36, 37, 38, 39, 40, 41, 42, 43, 44, 45, 46, 47, 48, 49, 50, 51, 52, 53, 54, 55, 56, 57, 58, 59, 60, 61, 62, 63]","[33, 34, 35, 27, 28, 29, 41, 39, 21, 22, 23, 16, 17, 15, 37, 32, 30, 31, 9, 10, 11, 3, 4, 5, 18, 19, 20, 6, 7, 8, 61, 62, 63, 55, 56, 57, 52, 53, 54, 24, 25, 26, 40, 58, 59, 60, 12, 13, 14, 38, 50, 51, 0, 1, 2, 36, 45, 46, 47, 42, 43, 44, 49, 48]","[63, 61, 32, 35, 30, 33, 31, 34, 18, 21, 20, 23, 19, 22, 6, 9, 11, 62, 8, 10, 7, 17, 14, 38, 12, 15, 60, 58, 59, 13, 16, 53, 1, 36, 25, 40, 41, 37, 56, 52, 54, 39, 55, 57, 0, 27, 28, 29, 24, 26, 2, 4, 3, 5, 44, 50, 51, 49, 48, 47, 46, 45, 43, 42]","[32, 30, 33, 35, 20, 63, 23, 18, 21, 19, 22, 11, 8, 14, 17, 13, 16, 12, 15, 31, 34, 26, 29, 25, 28, 24, 40, 27, 62, 10, 61, 57, 56, 38, 7, 60, 6, 9, 1, 0, 36, 59, 58, 2, 55, 54, 53, 41, 52, 37, 4, 3, 5, 39, 45, 46, 42, 43, 50, 51, 48, 49, 44, 47]",283,281,13121,438720,NOT_IMPLEMENTED,NOT_IMPLEMENTED,NOT_IMPLEMENTED,NOT_IMPLEMENTED,NOT_IMPLEMENTED,NOT_IMPLEMENTED,NOT_IMPLEMENTED,22288.0,17,1311.0588235294113,-4409.0,2,51,836,0,1,0,59002,0,,,,,,,,,,,,64,,,NOT_IMPLEMENTED,,false,28,"robotX,robotX',robotY,robotY'","targetCY,targetCY',targetBX,targetBX',MObstacleX,MObstacleX',$PATTERN:1.ENV_CONSTRAINT.1.S_responds_to_P_globally.state,$PATTERN:1.ENV_CONSTRAINT.1.S_responds_to_P_globally.state',isABlocked,isABlocked',isCBlocked,isCBlocked',isBBlocked,isBBlocked',targetAX,targetAX',targetBY,targetBY',targetCX,targetCX',$PATTERN:0.ENV_CONSTRAINT.0.S_responds_to_P_globally.state,$PATTERN:0.ENV_CONSTRAINT.0.S_responds_to_P_globally.state',targetAY,targetAY'",0,,,,,,5,5,18263427172934877184,4565856793233719296,84218019840,550408483292315648,914230724356210688,43955132363136040960,13913220137877504,281527615829835776,CUDD,"Using BDD Package: CUDDFactory, Version: CUDD 3.0","import ""DwyerPatternsNewReduced.spectra""",S_responds_to_P_globally,2,0,false,false,[],[],,null
1669987834,NOTHING,1669987834.spectra,0,REALIZABILITY,SYS_REAL,"TEMP: false, SORT_AFTERWARDS: false, GROUP_OPTION: NO_GROUPING, INCREMENTAL_ADDITION: NO_INCREMENTAL, USE_RABIN: false, GROUP_AUX: NO_GROUPING, STATIC_ORDER: NO_STATIC_ORDERING, ROY_SIFT_MARKER: false, MAKE_LAST: false, MEMORYLESS: false, REORDER_METHOD: SIFT, NEW_PATTERN: false, INCREMENTAL_JUSTICES: NO_INCREMENTAL, REDUCED_ALGORITHM: FALSE, PARALLEL: false, ORIGINAL: false, BUCHI_INTERSECTION: false, NEW_TRIGGER: false, PARTITIONED: SINGLE_FUNC, VERIFICATION: true, CREATE_GRAPH: false",3637,19,473,-1,89674,93803,"[0, 1, 2, 3, 4, 5, 6, 7, 8, 9, 10, 11, 12, 13, 14, 15, 16, 17, 18, 19, 20, 21, 22, 23, 24, 25, 26, 27, 28, 29, 30, 31, 32, 33, 34, 35, 36, 37, 38, 39, 40, 41, 42, 43, 44, 45, 46, 47, 48, 49, 50, 51, 52, 53, 54, 55, 56, 57, 58, 59, 60, 61, 62, 63]","[0, 1, 2, 3, 4, 5, 6, 7, 8, 9, 10, 11, 12, 13, 14, 15, 16, 17, 18, 19, 20, 21, 22, 23, 24, 25, 26, 27, 28, 29, 30, 31, 32, 33, 34, 35, 36, 37, 38, 39, 40, 41, 42, 43, 44, 45, 46, 47, 48, 49, 50, 51, 52, 53, 54, 55, 56, 57, 58, 59, 60, 61, 62, 63]","[2, 56, 55, 5, 0, 3, 1, 4, 12, 15, 14, 17, 13, 57, 62, 61, 16, 6, 9, 29, 26, 24, 27, 63, 53, 25, 28, 52, 54, 8, 11, 36, 7, 10, 23, 20, 21, 18, 38, 22, 19, 40, 58, 59, 37, 39, 34, 41, 60, 33, 35, 30, 31, 32, 51, 44, 50, 49, 48, 43, 42, 46, 45, 47]","[5, 4, 1, 2, 17, 14, 56, 16, 13, 40, 38, 36, 54, 53, 26, 29, 28, 25, 52, 0, 55, 3, 12, 15, 8, 11, 10, 7, 9, 6, 27, 22, 19, 21, 18, 23, 20, 24, 31, 30, 57, 61, 62, 59, 39, 37, 58, 34, 41, 60, 32, 63, 33, 35, 45, 46, 47, 42, 43, 51, 50, 44, 48, 49]",283,283,11925,14779,NOT_IMPLEMENTED,NOT_IMPLEMENTED,NOT_IMPLEMENTED,NOT_IMPLEMENTED,NOT_IMPLEMENTED,NOT_IMPLEMENTED,NOT_IMPLEMENTED,52955.0,16,3309.6875,-6178.625,2,51,836,0,1,0,89595,0,,,,,,,,,,,,64,,,NOT_IMPLEMENTED,,false,28,"robotX,robotX',robotY,robotY'","targetAX,targetAX',targetBY,targetBY',isABlocked,isABlocked',$PATTERN:0.ENV_CONSTRAINT.0.S_responds_to_P_globally.state,$PATTERN:0.ENV_CONSTRAINT.0.S_responds_to_P_globally.state',targetCX,targetCX',isBBlocked,isBBlocked',isCBlocked,isCBlocked',MObstacleX,MObstacleX',targetCY,targetCY',$PATTERN:1.ENV_CONSTRAINT.1.S_responds_to_P_globally.state,$PATTERN:1.ENV_CONSTRAINT.1.S_responds_to_P_globally.state',targetAY,targetAY',targetBX,targetBX'",0,,,,,,5,5,18263427172934877184,4565856793233719296,84218019840,550408483292315648,914230724356210688,43955132363136040960,13913220137877504,281527615829835776,CUDD,"Using BDD Package: CUDDFactory, Version: CUDD 3.0","import ""DwyerPatternsNew.spectra""",S_responds_to_P_globally,2,0,false,false,[],[],,null
1669987834,FINAL,1669987834.spectra,0,REALIZABILITY,SYS_REAL,"TEMP: false, SORT_AFTERWARDS: false, GROUP_OPTION: NO_GROUPING, INCREMENTAL_ADDITION: NO_INCREMENTAL, USE_RABIN: false, GROUP_AUX: GROUP_PAIR, STATIC_ORDER: REVERSE_CUTHILL, ROY_SIFT_MARKER: false, MAKE_LAST: false, MEMORYLESS: true, REORDER_METHOD: SIFT, NEW_PATTERN: true, INCREMENTAL_JUSTICES: INCREMENTAL_GRAPH, REDUCED_ALGORITHM: FALSE, PARALLEL: false, ORIGINAL: false, BUCHI_INTERSECTION: false, NEW_TRIGGER: true, PARTITIONED: SINGLE_FUNC, VERIFICATION: true, CREATE_GRAPH: false",3548,153,469,-1,60656,64826,"[0, 1, 2, 3, 4, 5, 6, 7, 8, 9, 10, 11, 12, 13, 14, 15, 16, 17, 18, 19, 20, 21, 22, 23, 24, 25, 26, 27, 28, 29, 30, 31, 32, 33, 34, 35, 36, 37, 38, 39, 40, 41, 42, 43, 44, 45, 46, 47, 48, 49, 50, 51, 52, 53, 54, 55, 56, 57, 58, 59, 60, 61, 62, 63]","[33, 34, 35, 27, 28, 29, 41, 39, 21, 22, 23, 16, 17, 15, 37, 32, 30, 31, 9, 10, 11, 3, 4, 5, 18, 19, 20, 6, 7, 8, 61, 62, 63, 55, 56, 57, 52, 53, 54, 24, 25, 26, 40, 58, 59, 60, 12, 13, 14, 38, 50, 51, 0, 1, 2, 36, 45, 46, 47, 42, 43, 44, 49, 48]","[63, 61, 32, 35, 30, 33, 31, 34, 18, 21, 20, 23, 19, 22, 6, 9, 11, 62, 8, 10, 7, 17, 14, 38, 12, 15, 60, 58, 59, 13, 16, 53, 1, 36, 25, 40, 41, 37, 56, 52, 54, 39, 55, 57, 0, 27, 28, 29, 24, 26, 2, 4, 3, 5, 44, 50, 51, 49, 48, 47, 46, 45, 43, 42]","[32, 30, 33, 35, 20, 63, 23, 18, 21, 19, 22, 11, 8, 14, 17, 13, 16, 12, 15, 31, 34, 26, 29, 25, 28, 24, 40, 27, 62, 10, 61, 57, 56, 38, 7, 60, 6, 9, 1, 0, 36, 59, 58, 2, 55, 54, 53, 41, 52, 37, 4, 3, 5, 39, 45, 46, 42, 43, 50, 51, 48, 49, 44, 47]",283,281,13121,437438,NOT_IMPLEMENTED,NOT_IMPLEMENTED,NOT_IMPLEMENTED,NOT_IMPLEMENTED,NOT_IMPLEMENTED,NOT_IMPLEMENTED,NOT_IMPLEMENTED,23536.0,17,1384.4705882352944,-4409.0,2,51,836,0,1,0,60621,0,,,,,,,,,,,,64,,,NOT_IMPLEMENTED,,false,28,"robotX,robotX',robotY,robotY'","targetCY,targetCY',isBBlocked,isBBlocked',isABlocked,isABlocked',isCBlocked,isCBlocked',targetBX,targetBX',targetCX,targetCX',$PATTERN:0.ENV_CONSTRAINT.0.S_responds_to_P_globally.state,$PATTERN:0.ENV_CONSTRAINT.0.S_responds_to_P_globally.state',targetAY,targetAY',targetBY,targetBY',targetAX,targetAX',$PATTERN:1.ENV_CONSTRAINT.1.S_responds_to_P_globally.state,$PATTERN:1.ENV_CONSTRAINT.1.S_responds_to_P_globally.state',MObstacleX,MObstacleX'",0,,,,,,5,5,18263427172934877184,4565856793233719296,84218019840,550408483292315648,914230724356210688,43955132363136040960,13913220137877504,281527615829835776,CUDD,"Using BDD Package: CUDDFactory, Version: CUDD 3.0","import ""DwyerPatternsNewReduced.spectra""",S_responds_to_P_globally,2,0,false,false,[],[],,null
1669983090,NOTHING,1669983090.spectra,0,REALIZABILITY,SYS_REAL,"TEMP: false, SORT_AFTERWARDS: false, GROUP_OPTION: NO_GROUPING, INCREMENTAL_ADDITION: NO_INCREMENTAL, USE_RABIN: false, GROUP_AUX: NO_GROUPING, STATIC_ORDER: NO_STATIC_ORDERING, ROY_SIFT_MARKER: false, MAKE_LAST: false, MEMORYLESS: false, REORDER_METHOD: SIFT, NEW_PATTERN: false, INCREMENTAL_JUSTICES: NO_INCREMENTAL, REDUCED_ALGORITHM: FALSE, PARALLEL: false, ORIGINAL: false, BUCHI_INTERSECTION: false, NEW_TRIGGER: false, PARTITIONED: SINGLE_FUNC, VERIFICATION: true, CREATE_GRAPH: false",3828,32,578,-1,181829,186267,"[0, 1, 2, 3, 4, 5, 6, 7, 8, 9, 10, 11, 12, 13, 14, 15, 16, 17, 18, 19, 20, 21, 22, 23, 24, 25, 26, 27, 28, 29, 30, 31, 32, 33, 34, 35, 36, 37, 38, 39, 40, 41, 42, 43, 44, 45, 46, 47, 48, 49, 50, 51, 52, 53, 54, 55, 56, 57, 58, 59, 60, 61, 62, 63, 64, 65, 66, 67, 68, 69]","[0, 1, 2, 3, 4, 5, 6, 7, 8, 9, 10, 11, 12, 13, 14, 15, 16, 17, 18, 19, 20, 21, 22, 23, 24, 25, 26, 27, 28, 29, 30, 31, 32, 33, 34, 35, 36, 37, 38, 39, 40, 41, 42, 43, 44, 45, 46, 47, 48, 49, 50, 51, 52, 53, 54, 55, 56, 57, 58, 59, 60, 61, 62, 63, 64, 65, 66, 67, 68, 69]","[57, 5, 55, 36, 2, 3, 56, 0, 1, 4, 9, 6, 11, 8, 10, 7, 15, 12, 17, 14, 16, 13, 27, 24, 54, 53, 52, 25, 28, 29, 26, 63, 23, 20, 61, 21, 18, 38, 22, 19, 40, 39, 37, 62, 34, 59, 41, 58, 60, 64, 33, 35, 65, 66, 67, 68, 69, 30, 31, 32, 51, 44, 50, 49, 48, 43, 42, 46, 45, 47]","[2, 5, 57, 4, 1, 0, 3, 8, 56, 11, 6, 9, 7, 10, 12, 15, 14, 17, 26, 40, 38, 36, 29, 25, 28, 13, 16, 19, 22, 18, 21, 23, 20, 62, 55, 54, 24, 53, 27, 52, 31, 59, 39, 34, 33, 41, 37, 30, 35, 32, 61, 63, 58, 60, 64, 45, 46, 42, 43, 51, 50, 48, 49, 47, 44, 65, 66, 67, 69, 68]",591,591,11818,23038,NOT_IMPLEMENTED,NOT_IMPLEMENTED,NOT_IMPLEMENTED,NOT_IMPLEMENTED,NOT_IMPLEMENTED,NOT_IMPLEMENTED,NOT_IMPLEMENTED,100132.0,15,6675.466666666668,-18369.933333333327,3,108,1524,0,1,0,181673,0,,,,,,,,,,,,70,,,NOT_IMPLEMENTED,,false,30,"$TRIGGER:0.VAR,robotX,robotX',$TRIGGER:0.VAR',robotY,robotY'","MObstacleX,MObstacleX',$PATTERN:0.ENV_CONSTRAINT.0.S_responds_to_P_globally.state,$PATTERN:0.ENV_CONSTRAINT.0.S_responds_to_P_globally.state',targetCX,targetCX',targetAY,targetAY',isCBlocked,isCBlocked',isBBlocked,isBBlocked',isABlocked,isABlocked',targetCY,targetCY',targetAX,targetAX',targetBX,targetBX',targetBY,targetBY',$PATTERN:1.ENV_CONSTRAINT.1.S_responds_to_P_globally.state,$PATTERN:1.ENV_CONSTRAINT.1.S_responds_to_P_globally.state'",0,,,,,,6,5,1166525295784389246976,36526849398067429376,5389953269760,3302450899753893888,353658671538150309888,2813128471240706621440,4452230444120801280,2252220926638686208,CUDD,"Using BDD Package: CUDDFactory, Version: CUDD 3.0","import ""DwyerPatternsNew.spectra""",S_responds_to_P_globally,2,1,false,false,[],[],,null
1669983090,FINAL,1669983090.spectra,0,REALIZABILITY,SYS_REAL,"TEMP: false, SORT_AFTERWARDS: false, GROUP_OPTION: NO_GROUPING, INCREMENTAL_ADDITION: NO_INCREMENTAL, USE_RABIN: false, GROUP_AUX: GROUP_PAIR, STATIC_ORDER: REVERSE_CUTHILL, ROY_SIFT_MARKER: false, MAKE_LAST: false, MEMORYLESS: true, REORDER_METHOD: SIFT, NEW_PATTERN: true, INCREMENTAL_JUSTICES: INCREMENTAL_GRAPH, REDUCED_ALGORITHM: FALSE, PARALLEL: false, ORIGINAL: false, BUCHI_INTERSECTION: false, NEW_TRIGGER: true, PARTITIONED: SINGLE_FUNC, VERIFICATION: true, CREATE_GRAPH: false",4750,375,594,-1,189173,194892,"[0, 1, 2, 3, 4, 5, 6, 7, 8, 9, 10, 11, 12, 13, 14, 15, 16, 17, 18, 19, 20, 21, 22, 23, 24, 25, 26, 27, 28, 29, 30, 31, 32, 33, 34, 35, 36, 37, 38, 39, 40, 41, 42, 43, 44, 45, 46, 47, 48, 49, 50, 51, 52, 53, 54, 55, 56, 57, 58, 59, 60, 61, 62, 63, 64, 65, 66, 67, 68, 69]","[21, 22, 23, 16, 17, 15, 9, 10, 11, 3, 4, 5, 39, 37, 64, 65, 66, 67, 68, 69, 41, 33, 34, 35, 27, 28, 29, 6, 7, 8, 18, 19, 20, 32, 30, 31, 61, 62, 63, 55, 56, 57, 12, 13, 14, 38, 50, 51, 0, 1, 2, 36, 58, 59, 60, 52, 53, 54, 24, 25, 26, 40, 45, 46, 47, 42, 43, 44, 49, 48]","[23, 20, 18, 21, 19, 22, 17, 38, 14, 12, 15, 13, 16, 9, 6, 33, 30, 32, 35, 8, 11, 7, 10, 31, 34, 58, 59, 60, 37, 62, 61, 63, 56, 55, 41, 57, 53, 54, 52, 64, 65, 66, 67, 69, 68, 39, 0, 36, 24, 40, 1, 29, 27, 28, 2, 3, 4, 5, 25, 26, 51, 50, 44, 49, 48, 47, 46, 45, 42, 43]","[60, 59, 58, 69, 68, 67, 66, 64, 65, 62, 63, 61, 54, 53, 56, 52, 38, 20, 57, 23, 22, 19, 14, 17, 13, 40, 16, 12, 15, 21, 18, 36, 32, 55, 35, 5, 7, 34, 31, 33, 30, 29, 6, 28, 41, 27, 4, 37, 39, 1, 25, 24, 26, 3, 10, 0, 2, 8, 9, 11, 45, 46, 42, 43, 51, 50, 48, 49, 44, 47]",571,698,19548,726482,NOT_IMPLEMENTED,NOT_IMPLEMENTED,NOT_IMPLEMENTED,NOT_IMPLEMENTED,NOT_IMPLEMENTED,NOT_IMPLEMENTED,NOT_IMPLEMENTED,136611.0,16,8538.1875,-7849.9375,2,61,1022,0,1,0,189143,0,,,,,,,,,,,,70,,,NOT_IMPLEMENTED,,false,30,"$TRIGGER:0.VAR',robotY,robotY',robotX,robotX',$TRIGGER:0.VAR","targetBY,targetBY',targetAX,targetAX',targetCX,targetCX',$PATTERN:0.ENV_CONSTRAINT.0.S_responds_to_P_globally.state,$PATTERN:0.ENV_CONSTRAINT.0.S_responds_to_P_globally.state',targetAY,targetAY',isBBlocked,isBBlocked',isCBlocked,isCBlocked',targetBX,targetBX',targetCY,targetCY',isABlocked,isABlocked',$PATTERN:1.ENV_CONSTRAINT.1.S_responds_to_P_globally.state,$PATTERN:1.ENV_CONSTRAINT.1.S_responds_to_P_globally.state',MObstacleX,MObstacleX'",0,,,,,,6,5,1163331561951374344192,36526846099532546048,5389953269760,1153603394552725504,353658671538150309888,2813128471240706621440,4452230444120801280,2252220926638686208,CUDD,"Using BDD Package: CUDDFactory, Version: CUDD 3.0","import ""DwyerPatternsNewReduced.spectra""",S_responds_to_P_globally,2,1,false,false,[],[REMOVED_HOLE],,null
