Spec,RunConfig,UniqueIdentifier,TIMEOUT,ActionType,Result,CONFIG_TXT,INITIAL_BDD_TIME,HEURISTICS_TIME,SECOND_STEP_TIME,PARALLEL_OVERHEAD_TIME,WORK_TIME,TOTAL_TIME,PRE_ROYBDD_ORDER,POST_HEURISTICS_ORDER,POST_SECOND_STEP_ORDER,POST_WORK_ORDER,PRE_ROYBDD_NODE_SIZE,POST_HEURISTICS_NODE_SIZE,POST_SECOND_STEP_NODE_SIZE,POST_WORK_NODE_SIZE,AVERAGE_AUX_SIZE,AVERAGE_SYS_DOM_IN_CONSTRAINT,AVERAGE_ENV_DOM_IN_CONSTRAINT,AVERAGE_SYS_DOM_SIZE,AVERAGE_ENV_DOM_SIZE,AVERAGE_CONSTRAINT_COMPLEXITY,INTERCONNECTNESS_INDEX,TOTAL_REORDER_TIME,REORDER_CALL_AMOUNT,AVERAGE_REORDER_TIME,AVERAGE_REORDER_GAIN,Z_FIXPOINTS,Y_FIXPOINTS,X_FIXPOINTS,W_FIXPOINTS,REAL_CASES,UNREAL_CASES,REAL_TIME,UNREAL_TIME,GRAPH_DATA,CLUSTER_INC_DATA,CLUSTER_VAR_DATA,DOMAIN_GRAPH_DATA,CONSTRAINT_GRAPH_DATA,JUST_STRING_COUNT,JUST_STRING_ENV_COUNT,TRANS_STRING_SYS_COUNT,TRANS_STRING_ENV_COUNT,INI_STRING_ENV_COUNT,INI_STRING_SYS_COUNT,TOTAL_VARS,SYS_VARS,ENV_VARS,AUX_VARS,UNUSED_CONS_VARS,ARRAYS_INSTANCES,TOTAL_DOMS,SYS_DOMS,ENV_DOMS,AUX_DOMS,DOMS_NOT_QUANTIFIED,INI_SYS_CONSTRAINTS,INI_ENV_CONSTRAINTS,TRANS_ENV_CONSTRAINTS,TRANS_SYS_CONSTRAINTS,JUSTICE_SYS_AMOUNT,JUSTICE_ENV_AMOUNT,Z_SAT_COUNT,Z_SAT_COUNT_START_S0,TRANS_ENV_SAT,TRANS_SYS_SAT,JUSTS_SYS_SAT,JUSTS_ENV_SAT,INI_ENV_SAT,INI_SYS_SAT,FACTORY_TYPE,BDDPACKAGE,IMPORT,UNIQUE_PATTERNS,PATTERN_INSTANCES,TRIGGER_INSTANCES,MONITORS_INSTANCES,COUNTERS_INSTANCES,REDUCED_PATTERN,REDUCED_TRIGGER,SWAPPED_TO_ORIGINAL,ADDITIONAL
1670358781,NOTHING,1670358781.spectra,0,REALIZABILITY,SYS_REAL,"TEMP: false, SORT_AFTERWARDS: false, GROUP_OPTION: NO_GROUPING, INCREMENTAL_ADDITION: NO_INCREMENTAL, USE_RABIN: false, GROUP_AUX: NO_GROUPING, STATIC_ORDER: NO_STATIC_ORDERING, ROY_SIFT_MARKER: false, MAKE_LAST: false, MEMORYLESS: false, REORDER_METHOD: SIFT, NEW_PATTERN: false, INCREMENTAL_JUSTICES: NO_INCREMENTAL, REDUCED_ALGORITHM: FALSE, PARALLEL: false, ORIGINAL: false, BUCHI_INTERSECTION: false, NEW_TRIGGER: false, PARTITIONED: SINGLE_FUNC, VERIFICATION: true, CREATE_GRAPH: false",3735,15,641,-1,205699,210090,"[0, 1, 2, 3, 4, 5, 6, 7, 8, 9, 10, 11, 12, 13, 14, 15, 16, 17, 18, 19, 20, 21, 22, 23, 24, 25, 26, 27, 28, 29, 30, 31, 32, 33, 34, 35, 36, 37, 38, 39, 40, 41, 42, 43, 44, 45, 46, 47, 48, 49, 50, 51, 52, 53, 54, 55, 56, 57, 58, 59, 60, 61, 62, 63, 64, 65, 66, 67, 68, 69, 70, 71, 72, 73, 74, 75, 76, 77, 78, 79, 80, 81]","[0, 1, 2, 3, 4, 5, 6, 7, 8, 9, 10, 11, 12, 13, 14, 15, 16, 17, 18, 19, 20, 21, 22, 23, 24, 25, 26, 27, 28, 29, 30, 31, 32, 33, 34, 35, 36, 37, 38, 39, 40, 41, 42, 43, 44, 45, 46, 47, 48, 49, 50, 51, 52, 53, 54, 55, 56, 57, 58, 59, 60, 61, 62, 63, 64, 65, 66, 67, 68, 69, 70, 71, 72, 73, 74, 75, 76, 77, 78, 79, 80, 81]","[55, 53, 52, 49, 48, 0, 3, 56, 2, 5, 1, 4, 58, 61, 17, 51, 50, 14, 12, 15, 26, 29, 24, 27, 57, 8, 11, 6, 9, 13, 16, 25, 28, 10, 64, 7, 63, 62, 34, 19, 30, 18, 20, 22, 21, 23, 31, 32, 33, 35, 60, 59, 66, 65, 45, 46, 69, 68, 70, 71, 43, 42, 37, 38, 36, 39, 40, 41, 44, 47, 67, 73, 72, 54, 74, 75, 81, 78, 77, 76, 79, 80]","[2, 5, 3, 0, 58, 56, 1, 55, 4, 14, 12, 57, 13, 26, 25, 24, 60, 59, 64, 8, 7, 63, 6, 62, 11, 10, 49, 48, 9, 15, 28, 27, 16, 29, 34, 33, 53, 52, 35, 22, 66, 17, 51, 50, 21, 23, 31, 19, 18, 20, 30, 32, 42, 65, 67, 61, 45, 43, 46, 44, 47, 38, 41, 36, 37, 39, 40, 69, 68, 71, 70, 73, 72, 54, 75, 74, 81, 78, 77, 76, 80, 79]",375,375,16204,35061,NOT_IMPLEMENTED,NOT_IMPLEMENTED,NOT_IMPLEMENTED,NOT_IMPLEMENTED,NOT_IMPLEMENTED,NOT_IMPLEMENTED,NOT_IMPLEMENTED,145258.0,15,9683.866666666665,-18082.2,2,30,310,0,1,0,205635,0,,,,,,,,,,,,82,,,NOT_IMPLEMENTED,,false,34,"$COUNTER:0.chargeCounter,$COUNTER:0.chargeCounter',$PATTERN:0.SYS_CONSTRAINT.0.P_becomes_true_After_Q.state,$PATTERN:0.SYS_CONSTRAINT.0.P_becomes_true_After_Q.state',robotY,robotY',robotX,robotX',$PATTERN:1.SYS_CONSTRAINT.1.P_becomes_true_After_Q.state,$PATTERN:1.SYS_CONSTRAINT.1.P_becomes_true_After_Q.state'","BlockedB,BlockedB',C_Y,C_Y',A_Y,A_Y',B_Y,B_Y',BlockedA,BlockedA',robotLostPower,robotLostPower',movingObstcle_Y,movingObstcle_Y',C_X,C_X',movingObstcle_X,movingObstcle_X',BlockedC,BlockedC',A_X,A_X',B_X,B_X'",2,,,,,,5,5,4799796265546468456136704,300249761116451497836544,6264194366177280,404736246711972790272,4924247650012322546581504,7404670645139603695075328,1411175921638780698624,581072438321850875904,CUDD,"Using BDD Package: CUDDFactory, Version: CUDD 3.0","import ""DwyerPatternsNew.spectra""",P_becomes_true_After_Q,2,0,false,true,[],[],,null
1670358781,FINAL,1670358781.spectra,0,REALIZABILITY,SYS_REAL,"TEMP: false, SORT_AFTERWARDS: false, GROUP_OPTION: NO_GROUPING, INCREMENTAL_ADDITION: NO_INCREMENTAL, USE_RABIN: false, GROUP_AUX: GROUP_PAIR, STATIC_ORDER: REVERSE_CUTHILL, ROY_SIFT_MARKER: false, MAKE_LAST: false, MEMORYLESS: true, REORDER_METHOD: SIFT, NEW_PATTERN: true, INCREMENTAL_JUSTICES: INCREMENTAL_GRAPH, REDUCED_ALGORITHM: FALSE, PARALLEL: false, ORIGINAL: false, BUCHI_INTERSECTION: false, NEW_TRIGGER: true, PARTITIONED: SINGLE_FUNC, VERIFICATION: true, CREATE_GRAPH: false",2688,111,498,-1,491555,494852,"[0, 1, 2, 3, 4, 5, 6, 7, 8, 9, 10, 11, 12, 13, 14, 15, 16, 17, 18, 19, 20, 21, 22, 23, 24, 25, 26, 27, 28, 29, 30, 31, 32, 33, 34, 35, 36, 37, 38, 39, 40, 41, 42, 43, 44, 45, 46, 47, 48, 49, 50, 51, 52, 53, 54, 55, 56, 57, 58, 59, 60, 61, 62, 63, 64, 65, 66, 67, 68, 69, 70, 71, 72, 73, 74, 75, 76, 77, 78, 79, 80, 81]","[0, 1, 2, 3, 4, 5, 6, 7, 8, 9, 10, 11, 12, 13, 14, 15, 16, 17, 18, 19, 20, 21, 22, 23, 24, 25, 26, 27, 28, 29, 30, 31, 32, 33, 34, 35, 36, 37, 38, 39, 40, 41, 42, 43, 44, 45, 46, 47, 48, 49, 50, 51, 52, 53, 54, 55, 56, 57, 58, 59, 60, 61, 62, 63, 64, 65, 66, 67, 68, 69, 70, 71, 72, 73, 74, 75, 76, 77, 78, 79, 80, 81]","[54, 68, 69, 71, 70, 55, 76, 77, 78, 81, 80, 79, 72, 73, 75, 74, 60, 59, 53, 52, 49, 48, 2, 5, 0, 3, 1, 4, 51, 50, 61, 58, 14, 17, 16, 13, 57, 26, 29, 8, 11, 9, 6, 15, 12, 56, 27, 24, 28, 25, 7, 10, 64, 62, 63, 67, 66, 65, 21, 31, 30, 22, 32, 23, 18, 19, 20, 33, 34, 35, 38, 37, 36, 39, 40, 41, 44, 42, 43, 47, 45, 46]","[78, 81, 80, 79, 76, 77, 72, 73, 74, 75, 54, 68, 69, 71, 70, 58, 57, 2, 1, 5, 4, 14, 13, 50, 48, 26, 52, 25, 56, 12, 0, 24, 17, 16, 61, 60, 59, 64, 32, 63, 31, 30, 62, 55, 28, 29, 27, 15, 3, 35, 34, 53, 33, 51, 49, 10, 9, 11, 22, 21, 23, 7, 19, 6, 8, 18, 20, 66, 65, 67, 46, 43, 45, 42, 47, 44, 38, 41, 40, 39, 36, 37]",375,382,19335,302635,NOT_IMPLEMENTED,NOT_IMPLEMENTED,NOT_IMPLEMENTED,NOT_IMPLEMENTED,NOT_IMPLEMENTED,NOT_IMPLEMENTED,NOT_IMPLEMENTED,396782.0,20,19839.099999999995,-134542.5,2,30,310,0,1,0,491461,0,,,,,,,,,,,,82,,,NOT_IMPLEMENTED,,false,34,"$COUNTER:0.chargeCounter,$COUNTER:0.chargeCounter',robotX,robotX',robotY,robotY',$PATTERN:1.SYS_CONSTRAINT.1.P_becomes_true_After_Q.state,$PATTERN:1.SYS_CONSTRAINT.1.P_becomes_true_After_Q.state',$PATTERN:0.SYS_CONSTRAINT.0.P_becomes_true_After_Q.state,$PATTERN:0.SYS_CONSTRAINT.0.P_becomes_true_After_Q.state'","BlockedB,BlockedB',movingObstcle_X,movingObstcle_X',C_X,C_X',B_X,B_X',A_X,A_X',BlockedC,BlockedC',BlockedA,BlockedA',movingObstcle_Y,movingObstcle_Y',B_Y,B_Y',A_Y,A_Y',C_Y,C_Y',robotLostPower,robotLostPower'",2,,,,,,5,5,4799796265546468456136704,300249761116451497836544,6264194366177280,404736246711972790272,4924247650012322546581504,7404670645139603695075328,1411175921638780698624,581072438321850875904,CUDD,"Using BDD Package: CUDDFactory, Version: CUDD 3.0","import ""DwyerPatternsNewReduced.spectra""",P_becomes_true_After_Q,2,0,false,true,[],[],,null
1670358781,NOTHING,1670358781.spectra,0,REALIZABILITY,SYS_REAL,"TEMP: false, SORT_AFTERWARDS: false, GROUP_OPTION: NO_GROUPING, INCREMENTAL_ADDITION: NO_INCREMENTAL, USE_RABIN: false, GROUP_AUX: NO_GROUPING, STATIC_ORDER: NO_STATIC_ORDERING, ROY_SIFT_MARKER: false, MAKE_LAST: false, MEMORYLESS: false, REORDER_METHOD: SIFT, NEW_PATTERN: false, INCREMENTAL_JUSTICES: NO_INCREMENTAL, REDUCED_ALGORITHM: FALSE, PARALLEL: false, ORIGINAL: false, BUCHI_INTERSECTION: false, NEW_TRIGGER: false, PARTITIONED: SINGLE_FUNC, VERIFICATION: true, CREATE_GRAPH: false",3813,15,672,-1,214270,218785,"[0, 1, 2, 3, 4, 5, 6, 7, 8, 9, 10, 11, 12, 13, 14, 15, 16, 17, 18, 19, 20, 21, 22, 23, 24, 25, 26, 27, 28, 29, 30, 31, 32, 33, 34, 35, 36, 37, 38, 39, 40, 41, 42, 43, 44, 45, 46, 47, 48, 49, 50, 51, 52, 53, 54, 55, 56, 57, 58, 59, 60, 61, 62, 63, 64, 65, 66, 67, 68, 69, 70, 71, 72, 73, 74, 75, 76, 77, 78, 79, 80, 81]","[0, 1, 2, 3, 4, 5, 6, 7, 8, 9, 10, 11, 12, 13, 14, 15, 16, 17, 18, 19, 20, 21, 22, 23, 24, 25, 26, 27, 28, 29, 30, 31, 32, 33, 34, 35, 36, 37, 38, 39, 40, 41, 42, 43, 44, 45, 46, 47, 48, 49, 50, 51, 52, 53, 54, 55, 56, 57, 58, 59, 60, 61, 62, 63, 64, 65, 66, 67, 68, 69, 70, 71, 72, 73, 74, 75, 76, 77, 78, 79, 80, 81]","[55, 53, 52, 49, 48, 0, 3, 56, 2, 5, 1, 4, 58, 61, 17, 51, 50, 14, 12, 15, 26, 29, 24, 27, 57, 8, 11, 6, 9, 13, 16, 25, 28, 10, 64, 7, 63, 62, 34, 19, 30, 18, 20, 22, 21, 23, 31, 32, 33, 35, 60, 59, 66, 65, 45, 46, 69, 68, 71, 70, 43, 42, 37, 38, 36, 39, 40, 41, 44, 47, 67, 73, 72, 54, 74, 75, 81, 78, 77, 76, 79, 80]","[2, 5, 3, 0, 58, 56, 1, 55, 4, 14, 12, 57, 13, 26, 25, 24, 60, 59, 64, 8, 7, 63, 6, 62, 11, 10, 49, 48, 9, 15, 28, 27, 16, 29, 34, 33, 53, 52, 35, 22, 66, 17, 51, 50, 21, 23, 31, 19, 18, 20, 30, 32, 42, 65, 67, 61, 45, 43, 46, 44, 47, 38, 41, 36, 37, 39, 40, 69, 68, 71, 70, 73, 72, 54, 75, 74, 81, 78, 77, 76, 80, 79]",375,375,16208,35065,NOT_IMPLEMENTED,NOT_IMPLEMENTED,NOT_IMPLEMENTED,NOT_IMPLEMENTED,NOT_IMPLEMENTED,NOT_IMPLEMENTED,NOT_IMPLEMENTED,152321.0,15,10154.73333333333,-17984.73333333333,2,30,310,0,1,0,214176,0,,,,,,,,,,,,82,,,NOT_IMPLEMENTED,,false,34,"$COUNTER:0.chargeCounter,$COUNTER:0.chargeCounter',$PATTERN:0.SYS_CONSTRAINT.0.P_becomes_true_After_Q.state,$PATTERN:0.SYS_CONSTRAINT.0.P_becomes_true_After_Q.state',robotY,robotY',robotX,robotX',$PATTERN:1.SYS_CONSTRAINT.1.P_becomes_true_After_Q.state,$PATTERN:1.SYS_CONSTRAINT.1.P_becomes_true_After_Q.state'","BlockedB,BlockedB',C_Y,C_Y',A_Y,A_Y',B_Y,B_Y',BlockedA,BlockedA',robotLostPower,robotLostPower',movingObstcle_Y,movingObstcle_Y',C_X,C_X',movingObstcle_X,movingObstcle_X',BlockedC,BlockedC',A_X,A_X',B_X,B_X'",2,,,,,,5,5,4799796265546468456136704,300249761116451497836544,6264194366177280,404736246711972790272,4924247650012322546581504,7404670645139603695075328,1411175921638780698624,581072438321850875904,CUDD,"Using BDD Package: CUDDFactory, Version: CUDD 3.0","import ""DwyerPatternsNew.spectra""",P_becomes_true_After_Q,2,0,false,true,[],[],,null
1670358781,FINAL,1670358781.spectra,0,REALIZABILITY,SYS_REAL,"TEMP: false, SORT_AFTERWARDS: false, GROUP_OPTION: NO_GROUPING, INCREMENTAL_ADDITION: NO_INCREMENTAL, USE_RABIN: false, GROUP_AUX: GROUP_PAIR, STATIC_ORDER: REVERSE_CUTHILL, ROY_SIFT_MARKER: false, MAKE_LAST: false, MEMORYLESS: true, REORDER_METHOD: SIFT, NEW_PATTERN: true, INCREMENTAL_JUSTICES: INCREMENTAL_GRAPH, REDUCED_ALGORITHM: FALSE, PARALLEL: false, ORIGINAL: false, BUCHI_INTERSECTION: false, NEW_TRIGGER: true, PARTITIONED: SINGLE_FUNC, VERIFICATION: true, CREATE_GRAPH: false",3970,156,407,-1,472801,477334,"[0, 1, 2, 3, 4, 5, 6, 7, 8, 9, 10, 11, 12, 13, 14, 15, 16, 17, 18, 19, 20, 21, 22, 23, 24, 25, 26, 27, 28, 29, 30, 31, 32, 33, 34, 35, 36, 37, 38, 39, 40, 41, 42, 43, 44, 45, 46, 47, 48, 49, 50, 51, 52, 53, 54, 55, 56, 57, 58, 59, 60, 61, 62, 63, 64, 65, 66, 67, 68, 69, 70, 71, 72, 73, 74, 75, 76, 77, 78, 79, 80, 81]","[0, 1, 2, 3, 4, 5, 6, 7, 8, 9, 10, 11, 12, 13, 14, 15, 16, 17, 18, 19, 20, 21, 22, 23, 24, 25, 26, 27, 28, 29, 30, 31, 32, 33, 34, 35, 36, 37, 38, 39, 40, 41, 42, 43, 44, 45, 46, 47, 48, 49, 50, 51, 52, 53, 54, 55, 56, 57, 58, 59, 60, 61, 62, 63, 64, 65, 66, 67, 68, 69, 70, 71, 72, 73, 74, 75, 76, 77, 78, 79, 80, 81]","[54, 68, 69, 71, 70, 55, 76, 77, 78, 81, 80, 79, 72, 73, 75, 74, 60, 59, 53, 52, 49, 48, 2, 5, 0, 3, 1, 4, 51, 50, 61, 58, 14, 17, 16, 13, 57, 26, 29, 8, 11, 9, 6, 15, 12, 56, 27, 24, 28, 25, 7, 10, 64, 62, 63, 67, 66, 65, 21, 31, 30, 22, 32, 23, 18, 19, 20, 33, 34, 35, 38, 37, 36, 39, 40, 41, 44, 42, 43, 47, 45, 46]","[78, 81, 80, 79, 76, 77, 72, 73, 74, 75, 54, 68, 69, 71, 70, 58, 57, 2, 1, 5, 4, 14, 13, 50, 48, 26, 52, 25, 56, 12, 0, 24, 17, 16, 61, 60, 59, 64, 32, 63, 31, 30, 62, 55, 28, 29, 27, 15, 3, 35, 34, 53, 33, 51, 49, 10, 9, 11, 22, 21, 23, 7, 19, 6, 8, 18, 20, 66, 65, 67, 46, 43, 45, 42, 47, 44, 38, 41, 40, 39, 36, 37]",375,382,19335,302635,NOT_IMPLEMENTED,NOT_IMPLEMENTED,NOT_IMPLEMENTED,NOT_IMPLEMENTED,NOT_IMPLEMENTED,NOT_IMPLEMENTED,NOT_IMPLEMENTED,379054.0,20,18952.699999999997,-134361.45000000004,2,30,310,0,1,0,472707,0,,,,,,,,,,,,82,,,NOT_IMPLEMENTED,,false,34,"$COUNTER:0.chargeCounter,$COUNTER:0.chargeCounter',robotX,robotX',robotY,robotY',$PATTERN:1.SYS_CONSTRAINT.1.P_becomes_true_After_Q.state,$PATTERN:1.SYS_CONSTRAINT.1.P_becomes_true_After_Q.state',$PATTERN:0.SYS_CONSTRAINT.0.P_becomes_true_After_Q.state,$PATTERN:0.SYS_CONSTRAINT.0.P_becomes_true_After_Q.state'","BlockedB,BlockedB',movingObstcle_X,movingObstcle_X',C_X,C_X',B_X,B_X',A_X,A_X',BlockedC,BlockedC',BlockedA,BlockedA',movingObstcle_Y,movingObstcle_Y',B_Y,B_Y',A_Y,A_Y',C_Y,C_Y',robotLostPower,robotLostPower'",2,,,,,,5,5,4799796265546468456136704,300249761116451497836544,6264194366177280,404736246711972790272,4924247650012322546581504,7404670645139603695075328,1411175921638780698624,581072438321850875904,CUDD,"Using BDD Package: CUDDFactory, Version: CUDD 3.0","import ""DwyerPatternsNewReduced.spectra""",P_becomes_true_After_Q,2,0,false,true,[],[],,null
1670358781,NOTHING,1670358781.spectra,0,REALIZABILITY,SYS_REAL,"TEMP: false, SORT_AFTERWARDS: false, GROUP_OPTION: NO_GROUPING, INCREMENTAL_ADDITION: NO_INCREMENTAL, USE_RABIN: false, GROUP_AUX: NO_GROUPING, STATIC_ORDER: NO_STATIC_ORDERING, ROY_SIFT_MARKER: false, MAKE_LAST: false, MEMORYLESS: false, REORDER_METHOD: SIFT, NEW_PATTERN: false, INCREMENTAL_JUSTICES: NO_INCREMENTAL, REDUCED_ALGORITHM: FALSE, PARALLEL: false, ORIGINAL: false, BUCHI_INTERSECTION: false, NEW_TRIGGER: false, PARTITIONED: SINGLE_FUNC, VERIFICATION: true, CREATE_GRAPH: false",2734,16,578,-1,178662,181990,"[0, 1, 2, 3, 4, 5, 6, 7, 8, 9, 10, 11, 12, 13, 14, 15, 16, 17, 18, 19, 20, 21, 22, 23, 24, 25, 26, 27, 28, 29, 30, 31, 32, 33, 34, 35, 36, 37, 38, 39, 40, 41, 42, 43, 44, 45, 46, 47, 48, 49, 50, 51, 52, 53, 54, 55, 56, 57, 58, 59, 60, 61, 62, 63, 64, 65, 66, 67, 68, 69, 70, 71, 72, 73, 74, 75, 76, 77, 78, 79, 80, 81]","[0, 1, 2, 3, 4, 5, 6, 7, 8, 9, 10, 11, 12, 13, 14, 15, 16, 17, 18, 19, 20, 21, 22, 23, 24, 25, 26, 27, 28, 29, 30, 31, 32, 33, 34, 35, 36, 37, 38, 39, 40, 41, 42, 43, 44, 45, 46, 47, 48, 49, 50, 51, 52, 53, 54, 55, 56, 57, 58, 59, 60, 61, 62, 63, 64, 65, 66, 67, 68, 69, 70, 71, 72, 73, 74, 75, 76, 77, 78, 79, 80, 81]","[55, 53, 52, 49, 48, 0, 3, 56, 2, 5, 1, 4, 58, 61, 17, 51, 50, 14, 12, 15, 26, 29, 24, 27, 57, 8, 11, 6, 9, 13, 16, 25, 28, 10, 64, 7, 63, 62, 34, 19, 30, 18, 20, 22, 21, 23, 31, 32, 33, 35, 60, 59, 66, 65, 45, 46, 69, 68, 70, 71, 43, 42, 37, 38, 36, 39, 40, 41, 44, 47, 67, 73, 72, 54, 74, 75, 81, 78, 77, 76, 79, 80]","[2, 5, 3, 0, 58, 56, 1, 55, 4, 14, 12, 57, 13, 26, 25, 24, 60, 59, 64, 8, 7, 63, 6, 62, 11, 10, 49, 48, 9, 15, 28, 27, 16, 29, 34, 33, 53, 52, 35, 22, 66, 17, 51, 50, 21, 23, 31, 19, 18, 20, 30, 32, 42, 65, 67, 61, 45, 43, 46, 44, 47, 38, 36, 37, 39, 40, 41, 69, 68, 71, 70, 73, 72, 54, 75, 74, 81, 78, 77, 76, 80, 79]",375,375,16203,35060,NOT_IMPLEMENTED,NOT_IMPLEMENTED,NOT_IMPLEMENTED,NOT_IMPLEMENTED,NOT_IMPLEMENTED,NOT_IMPLEMENTED,NOT_IMPLEMENTED,121809.0,15,8120.5999999999985,-17983.46666666666,2,30,310,0,1,0,178537,0,,,,,,,,,,,,82,,,NOT_IMPLEMENTED,,false,34,"$COUNTER:0.chargeCounter,$COUNTER:0.chargeCounter',$PATTERN:0.SYS_CONSTRAINT.0.P_becomes_true_After_Q.state,$PATTERN:0.SYS_CONSTRAINT.0.P_becomes_true_After_Q.state',robotY,robotY',robotX,robotX',$PATTERN:1.SYS_CONSTRAINT.1.P_becomes_true_After_Q.state,$PATTERN:1.SYS_CONSTRAINT.1.P_becomes_true_After_Q.state'","BlockedB,BlockedB',C_Y,C_Y',A_Y,A_Y',B_Y,B_Y',BlockedA,BlockedA',robotLostPower,robotLostPower',movingObstcle_Y,movingObstcle_Y',C_X,C_X',movingObstcle_X,movingObstcle_X',BlockedC,BlockedC',A_X,A_X',B_X,B_X'",2,,,,,,5,5,4799796265546468456136704,300249761116451497836544,6264194366177280,404736246711972790272,4924247650012322546581504,7404670645139603695075328,1411175921638780698624,581072438321850875904,CUDD,"Using BDD Package: CUDDFactory, Version: CUDD 3.0","import ""DwyerPatternsNew.spectra""",P_becomes_true_After_Q,2,0,false,true,[],[],,null
1670358781,FINAL,1670358781.spectra,0,REALIZABILITY,SYS_REAL,"TEMP: false, SORT_AFTERWARDS: false, GROUP_OPTION: NO_GROUPING, INCREMENTAL_ADDITION: NO_INCREMENTAL, USE_RABIN: false, GROUP_AUX: GROUP_PAIR, STATIC_ORDER: REVERSE_CUTHILL, ROY_SIFT_MARKER: false, MAKE_LAST: false, MEMORYLESS: true, REORDER_METHOD: SIFT, NEW_PATTERN: true, INCREMENTAL_JUSTICES: INCREMENTAL_GRAPH, REDUCED_ALGORITHM: FALSE, PARALLEL: false, ORIGINAL: false, BUCHI_INTERSECTION: false, NEW_TRIGGER: true, PARTITIONED: SINGLE_FUNC, VERIFICATION: true, CREATE_GRAPH: false",3672,141,453,-1,226899,231165,"[0, 1, 2, 3, 4, 5, 6, 7, 8, 9, 10, 11, 12, 13, 14, 15, 16, 17, 18, 19, 20, 21, 22, 23, 24, 25, 26, 27, 28, 29, 30, 31, 32, 33, 34, 35, 36, 37, 38, 39, 40, 41, 42, 43, 44, 45, 46, 47, 48, 49, 50, 51, 52, 53, 54, 55, 56, 57, 58, 59, 60, 61, 62, 63, 64, 65, 66, 67, 68, 69, 70, 71, 72, 73, 74, 75, 76, 77, 78, 79, 80, 81]","[0, 1, 2, 3, 4, 5, 6, 7, 8, 9, 10, 11, 12, 13, 14, 15, 16, 17, 18, 19, 20, 21, 22, 23, 24, 25, 26, 27, 28, 29, 30, 31, 32, 33, 34, 35, 36, 37, 38, 39, 40, 41, 42, 43, 44, 45, 46, 47, 48, 49, 50, 51, 52, 53, 54, 55, 56, 57, 58, 59, 60, 61, 62, 63, 64, 65, 66, 67, 68, 69, 70, 71, 72, 73, 74, 75, 76, 77, 78, 79, 80, 81]","[54, 68, 69, 71, 70, 55, 76, 77, 78, 81, 80, 79, 72, 73, 75, 74, 60, 59, 53, 52, 49, 48, 2, 5, 0, 3, 1, 4, 51, 50, 61, 58, 14, 17, 16, 13, 57, 26, 29, 8, 11, 9, 6, 15, 12, 56, 27, 24, 28, 25, 7, 10, 64, 62, 63, 67, 66, 65, 21, 31, 30, 22, 32, 23, 18, 19, 20, 33, 34, 35, 38, 37, 36, 39, 40, 41, 44, 42, 43, 47, 45, 46]","[78, 81, 80, 79, 76, 77, 72, 73, 74, 75, 54, 55, 69, 68, 70, 71, 58, 57, 2, 1, 5, 4, 14, 13, 17, 16, 48, 50, 26, 52, 25, 56, 0, 24, 12, 61, 60, 64, 8, 63, 7, 6, 62, 18, 19, 20, 59, 30, 3, 32, 15, 29, 28, 27, 23, 22, 51, 21, 34, 53, 33, 35, 31, 10, 66, 49, 67, 65, 9, 11, 40, 41, 37, 39, 36, 38, 43, 44, 42, 46, 47, 45]",375,382,19335,313934,NOT_IMPLEMENTED,NOT_IMPLEMENTED,NOT_IMPLEMENTED,NOT_IMPLEMENTED,NOT_IMPLEMENTED,NOT_IMPLEMENTED,NOT_IMPLEMENTED,136473.0,16,8529.5625,-66006.0,2,30,310,0,1,0,226836,0,,,,,,,,,,,,82,,,NOT_IMPLEMENTED,,false,34,"$COUNTER:0.chargeCounter,$COUNTER:0.chargeCounter',robotX,robotX',robotY,robotY',$PATTERN:1.SYS_CONSTRAINT.1.P_becomes_true_After_Q.state,$PATTERN:1.SYS_CONSTRAINT.1.P_becomes_true_After_Q.state',$PATTERN:0.SYS_CONSTRAINT.0.P_becomes_true_After_Q.state,$PATTERN:0.SYS_CONSTRAINT.0.P_becomes_true_After_Q.state'","BlockedB,BlockedB',movingObstcle_X,movingObstcle_X',C_X,C_X',B_X,B_X',A_X,A_X',BlockedC,BlockedC',BlockedA,BlockedA',movingObstcle_Y,movingObstcle_Y',B_Y,B_Y',A_Y,A_Y',C_Y,C_Y',robotLostPower,robotLostPower'",2,,,,,,5,5,4799796265546468456136704,300249761116451497836544,6264194366177280,404736246711972790272,4924247650012322546581504,7404670645139603695075328,1411175921638780698624,581072438321850875904,CUDD,"Using BDD Package: CUDDFactory, Version: CUDD 3.0","import ""DwyerPatternsNewReduced.spectra""",P_becomes_true_After_Q,2,0,false,true,[],[],,null
1670525188,NOTHING,1670525188.spectra,0,REALIZABILITY,SYS_REAL,"TEMP: false, SORT_AFTERWARDS: false, GROUP_OPTION: NO_GROUPING, INCREMENTAL_ADDITION: NO_INCREMENTAL, USE_RABIN: false, GROUP_AUX: NO_GROUPING, STATIC_ORDER: NO_STATIC_ORDERING, ROY_SIFT_MARKER: false, MAKE_LAST: false, MEMORYLESS: false, REORDER_METHOD: SIFT, NEW_PATTERN: false, INCREMENTAL_JUSTICES: NO_INCREMENTAL, REDUCED_ALGORITHM: FALSE, PARALLEL: false, ORIGINAL: false, BUCHI_INTERSECTION: false, NEW_TRIGGER: false, PARTITIONED: SINGLE_FUNC, VERIFICATION: true, CREATE_GRAPH: false",2625,16,125,-1,93908,96674,"[0, 1, 2, 3, 4, 5, 6, 7, 8, 9, 10, 11, 12, 13, 14, 15, 16, 17, 18, 19, 20, 21, 22, 23, 24, 25, 26, 27, 28, 29, 30, 31, 32, 33, 34, 35, 36, 37, 38, 39, 40, 41, 42, 43, 44, 45, 46, 47, 48, 49, 50, 51, 52, 53, 54, 55, 56, 57, 58, 59, 60, 61]","[0, 1, 2, 3, 4, 5, 6, 7, 8, 9, 10, 11, 12, 13, 14, 15, 16, 17, 18, 19, 20, 21, 22, 23, 24, 25, 26, 27, 28, 29, 30, 31, 32, 33, 34, 35, 36, 37, 38, 39, 40, 41, 42, 43, 44, 45, 46, 47, 48, 49, 50, 51, 52, 53, 54, 55, 56, 57, 58, 59, 60, 61]","[61, 60, 42, 2, 5, 53, 3, 50, 0, 1, 4, 49, 52, 48, 43, 44, 6, 51, 9, 8, 11, 7, 10, 45, 12, 15, 46, 14, 17, 13, 16, 47, 59, 56, 58, 55, 22, 19, 23, 20, 21, 57, 18, 54, 24, 35, 33, 30, 32, 34, 31, 29, 27, 28, 40, 39, 41, 26, 25, 37, 36, 38]","[5, 53, 4, 1, 2, 52, 51, 3, 49, 50, 0, 8, 11, 7, 10, 59, 20, 23, 19, 22, 18, 21, 14, 17, 13, 16, 15, 57, 58, 12, 6, 9, 48, 56, 55, 54, 43, 28, 27, 45, 33, 47, 34, 40, 39, 41, 25, 29, 35, 61, 24, 26, 31, 30, 32, 42, 60, 46, 44, 37, 36, 38]",281,281,6982,15908,NOT_IMPLEMENTED,NOT_IMPLEMENTED,NOT_IMPLEMENTED,NOT_IMPLEMENTED,NOT_IMPLEMENTED,NOT_IMPLEMENTED,NOT_IMPLEMENTED,66617.0,11,6056.090909090908,-10989.363636363638,3,57,560,0,1,0,93861,0,,,,,,,,,,,,62,,,NOT_IMPLEMENTED,,true,26,"robotX,robotX',$PRIMED_JUSTICE_0,$PRIMED_JUSTICE_0',robotY,robotY'","goalsX[1],goalsX[1]',movingObstacleX,movingObstacleX',redGoals[1],redGoals[1]',redGoals[2],redGoals[2]',goalsY[1],goalsY[1]',goalsX[0],goalsX[0]',goalsY[0],goalsY[0]',goalsY[2],goalsY[2]',goalsX[2],goalsX[2]',redGoals[0],redGoals[0]'",2,,,,,,3,4,4469268338865864704,4469268338865864704,394167091200,68732328083456000,84442493013196800,9155818042444218368,75206595339878400,681824694587883520,CUDD,"Using BDD Package: CUDDFactory, Version: CUDD 3.0","import ""DwyerPatternsNew.spectra""",,0,0,false,false,[],[],,null
1670525188,FINAL,1670525188.spectra,0,REALIZABILITY,SYS_REAL,"TEMP: false, SORT_AFTERWARDS: false, GROUP_OPTION: NO_GROUPING, INCREMENTAL_ADDITION: NO_INCREMENTAL, USE_RABIN: false, GROUP_AUX: GROUP_PAIR, STATIC_ORDER: REVERSE_CUTHILL, ROY_SIFT_MARKER: false, MAKE_LAST: false, MEMORYLESS: true, REORDER_METHOD: SIFT, NEW_PATTERN: true, INCREMENTAL_JUSTICES: INCREMENTAL_GRAPH, REDUCED_ALGORITHM: FALSE, PARALLEL: false, ORIGINAL: false, BUCHI_INTERSECTION: false, NEW_TRIGGER: true, PARTITIONED: SINGLE_FUNC, VERIFICATION: true, CREATE_GRAPH: false",2907,125,218,-1,33142,36392,"[0, 1, 2, 3, 4, 5, 6, 7, 8, 9, 10, 11, 12, 13, 14, 15, 16, 17, 18, 19, 20, 21, 22, 23, 24, 25, 26, 27, 28, 29, 30, 31, 32, 33, 34, 35, 36, 37, 38, 39, 40, 41, 42, 43, 44, 45, 46, 47, 48, 49, 50, 51, 52, 53, 54, 55, 56, 57, 58, 59, 60, 61]","[60, 46, 44, 42, 24, 25, 26, 6, 7, 8, 18, 19, 20, 0, 1, 2, 32, 30, 31, 12, 13, 14, 61, 47, 45, 43, 33, 34, 35, 27, 28, 29, 21, 22, 23, 16, 17, 15, 9, 10, 11, 3, 4, 5, 36, 37, 38, 54, 55, 56, 48, 49, 50, 39, 40, 41, 57, 58, 59, 51, 52, 53]","[59, 57, 29, 60, 44, 26, 24, 27, 45, 56, 58, 28, 54, 25, 55, 21, 42, 18, 20, 23, 19, 22, 43, 30, 33, 32, 35, 31, 46, 34, 47, 50, 51, 11, 8, 9, 6, 10, 52, 7, 49, 48, 14, 17, 12, 15, 13, 16, 5, 4, 1, 2, 0, 3, 53, 61, 41, 38, 40, 37, 36, 39]","[60, 44, 26, 29, 25, 59, 28, 58, 27, 56, 57, 55, 42, 24, 20, 23, 19, 46, 22, 32, 35, 31, 34, 30, 18, 33, 21, 54, 8, 11, 9, 6, 10, 53, 52, 51, 7, 17, 50, 49, 48, 45, 16, 15, 47, 43, 4, 3, 39, 40, 41, 5, 61, 1, 0, 2, 13, 12, 14, 36, 38, 37]",281,282,5170,258936,NOT_IMPLEMENTED,NOT_IMPLEMENTED,NOT_IMPLEMENTED,NOT_IMPLEMENTED,NOT_IMPLEMENTED,NOT_IMPLEMENTED,NOT_IMPLEMENTED,9854.0,12,821.1666666666665,-3904.25,3,57,560,0,1,0,33127,0,,,,,,,,,,,,62,,,NOT_IMPLEMENTED,,true,26,"robotY,robotY',$PRIMED_JUSTICE_0,$PRIMED_JUSTICE_0',robotX,robotX'","movingObstacleX,movingObstacleX',goalsX[0],goalsX[0]',redGoals[0],redGoals[0]',goalsY[0],goalsY[0]',goalsY[2],goalsY[2]',redGoals[1],redGoals[1]',goalsX[2],goalsX[2]',goalsX[1],goalsX[1]',redGoals[2],redGoals[2]',goalsY[1],goalsY[1]'",2,,,,,,3,4,4469268338865864704,4469268338865864704,394167091200,68732328083456000,84442493013196800,9155818042444218368,75206595339878400,681824694587883520,CUDD,"Using BDD Package: CUDDFactory, Version: CUDD 3.0","import ""DwyerPatternsNewReduced.spectra""",,0,0,false,false,[],[],,null
1670525188,NOTHING,1670525188.spectra,0,REALIZABILITY,SYS_REAL,"TEMP: false, SORT_AFTERWARDS: false, GROUP_OPTION: NO_GROUPING, INCREMENTAL_ADDITION: NO_INCREMENTAL, USE_RABIN: false, GROUP_AUX: NO_GROUPING, STATIC_ORDER: NO_STATIC_ORDERING, ROY_SIFT_MARKER: false, MAKE_LAST: false, MEMORYLESS: false, REORDER_METHOD: SIFT, NEW_PATTERN: false, INCREMENTAL_JUSTICES: NO_INCREMENTAL, REDUCED_ALGORITHM: FALSE, PARALLEL: false, ORIGINAL: false, BUCHI_INTERSECTION: false, NEW_TRIGGER: false, PARTITIONED: SINGLE_FUNC, VERIFICATION: true, CREATE_GRAPH: false",2640,0,94,-1,96548,99282,"[0, 1, 2, 3, 4, 5, 6, 7, 8, 9, 10, 11, 12, 13, 14, 15, 16, 17, 18, 19, 20, 21, 22, 23, 24, 25, 26, 27, 28, 29, 30, 31, 32, 33, 34, 35, 36, 37, 38, 39, 40, 41, 42, 43, 44, 45, 46, 47, 48, 49, 50, 51, 52, 53, 54, 55, 56, 57, 58, 59, 60, 61]","[0, 1, 2, 3, 4, 5, 6, 7, 8, 9, 10, 11, 12, 13, 14, 15, 16, 17, 18, 19, 20, 21, 22, 23, 24, 25, 26, 27, 28, 29, 30, 31, 32, 33, 34, 35, 36, 37, 38, 39, 40, 41, 42, 43, 44, 45, 46, 47, 48, 49, 50, 51, 52, 53, 54, 55, 56, 57, 58, 59, 60, 61]","[61, 60, 42, 2, 5, 53, 3, 50, 0, 1, 4, 49, 52, 48, 43, 44, 6, 51, 9, 8, 11, 7, 10, 45, 12, 15, 46, 14, 17, 13, 16, 47, 59, 56, 58, 55, 22, 19, 23, 20, 21, 57, 18, 54, 24, 35, 33, 30, 32, 34, 31, 29, 27, 28, 40, 39, 41, 26, 25, 37, 36, 38]","[5, 53, 4, 1, 2, 52, 51, 3, 49, 50, 0, 8, 11, 7, 10, 59, 20, 23, 19, 22, 18, 21, 14, 17, 13, 16, 15, 57, 58, 12, 6, 9, 48, 56, 55, 54, 43, 28, 27, 45, 33, 47, 34, 40, 39, 41, 25, 29, 35, 61, 24, 26, 31, 30, 32, 42, 60, 46, 44, 37, 36, 38]",281,281,6987,15911,NOT_IMPLEMENTED,NOT_IMPLEMENTED,NOT_IMPLEMENTED,NOT_IMPLEMENTED,NOT_IMPLEMENTED,NOT_IMPLEMENTED,NOT_IMPLEMENTED,67960.0,11,6178.181818181819,-11227.909090909092,3,57,560,0,1,0,96469,0,,,,,,,,,,,,62,,,NOT_IMPLEMENTED,,true,26,"robotX,robotX',$PRIMED_JUSTICE_0,$PRIMED_JUSTICE_0',robotY,robotY'","goalsX[1],goalsX[1]',movingObstacleX,movingObstacleX',redGoals[1],redGoals[1]',redGoals[2],redGoals[2]',goalsY[1],goalsY[1]',goalsX[0],goalsX[0]',goalsY[0],goalsY[0]',goalsY[2],goalsY[2]',goalsX[2],goalsX[2]',redGoals[0],redGoals[0]'",2,,,,,,3,4,4469268338865864704,4469268338865864704,394167091200,68732328083456000,84442493013196800,9155818042444218368,75206595339878400,681824694587883520,CUDD,"Using BDD Package: CUDDFactory, Version: CUDD 3.0","import ""DwyerPatternsNew.spectra""",,0,0,false,false,[],[],,null
1670525188,FINAL,1670525188.spectra,0,REALIZABILITY,SYS_REAL,"TEMP: false, SORT_AFTERWARDS: false, GROUP_OPTION: NO_GROUPING, INCREMENTAL_ADDITION: NO_INCREMENTAL, USE_RABIN: false, GROUP_AUX: GROUP_PAIR, STATIC_ORDER: REVERSE_CUTHILL, ROY_SIFT_MARKER: false, MAKE_LAST: false, MEMORYLESS: true, REORDER_METHOD: SIFT, NEW_PATTERN: true, INCREMENTAL_JUSTICES: INCREMENTAL_GRAPH, REDUCED_ALGORITHM: FALSE, PARALLEL: false, ORIGINAL: false, BUCHI_INTERSECTION: false, NEW_TRIGGER: true, PARTITIONED: SINGLE_FUNC, VERIFICATION: true, CREATE_GRAPH: false",2470,109,172,-1,33578,36329,"[0, 1, 2, 3, 4, 5, 6, 7, 8, 9, 10, 11, 12, 13, 14, 15, 16, 17, 18, 19, 20, 21, 22, 23, 24, 25, 26, 27, 28, 29, 30, 31, 32, 33, 34, 35, 36, 37, 38, 39, 40, 41, 42, 43, 44, 45, 46, 47, 48, 49, 50, 51, 52, 53, 54, 55, 56, 57, 58, 59, 60, 61]","[60, 46, 44, 42, 24, 25, 26, 6, 7, 8, 18, 19, 20, 0, 1, 2, 32, 30, 31, 12, 13, 14, 61, 47, 45, 43, 33, 34, 35, 27, 28, 29, 21, 22, 23, 16, 17, 15, 9, 10, 11, 3, 4, 5, 36, 37, 38, 54, 55, 56, 48, 49, 50, 39, 40, 41, 57, 58, 59, 51, 52, 53]","[59, 57, 29, 60, 44, 26, 24, 27, 45, 56, 58, 28, 54, 25, 55, 21, 42, 18, 20, 23, 19, 22, 43, 30, 33, 32, 35, 31, 46, 34, 47, 50, 52, 11, 8, 9, 6, 10, 51, 7, 49, 48, 14, 17, 12, 15, 13, 16, 5, 4, 1, 2, 0, 3, 53, 61, 41, 38, 40, 37, 36, 39]","[60, 44, 26, 29, 25, 59, 28, 58, 27, 56, 57, 55, 42, 24, 20, 23, 19, 46, 22, 32, 35, 31, 34, 30, 18, 33, 21, 54, 8, 11, 9, 6, 10, 7, 17, 15, 16, 52, 51, 53, 50, 49, 48, 47, 4, 3, 43, 45, 39, 40, 41, 5, 61, 1, 0, 2, 13, 12, 14, 36, 38, 37]",281,282,5191,260484,NOT_IMPLEMENTED,NOT_IMPLEMENTED,NOT_IMPLEMENTED,NOT_IMPLEMENTED,NOT_IMPLEMENTED,NOT_IMPLEMENTED,NOT_IMPLEMENTED,10753.0,12,896.0833333333335,-3731.5,3,57,560,0,1,0,33562,0,,,,,,,,,,,,62,,,NOT_IMPLEMENTED,,true,26,"robotY,robotY',$PRIMED_JUSTICE_0,$PRIMED_JUSTICE_0',robotX,robotX'","movingObstacleX,movingObstacleX',goalsX[0],goalsX[0]',redGoals[0],redGoals[0]',goalsY[0],goalsY[0]',goalsY[2],goalsY[2]',redGoals[1],redGoals[1]',goalsX[2],goalsX[2]',goalsX[1],goalsX[1]',redGoals[2],redGoals[2]',goalsY[1],goalsY[1]'",2,,,,,,3,4,4469268338865864704,4469268338865864704,394167091200,68732328083456000,84442493013196800,9155818042444218368,75206595339878400,681824694587883520,CUDD,"Using BDD Package: CUDDFactory, Version: CUDD 3.0","import ""DwyerPatternsNewReduced.spectra""",,0,0,false,false,[],[],,null
1670525188,NOTHING,1670525188.spectra,0,REALIZABILITY,SYS_REAL,"TEMP: false, SORT_AFTERWARDS: false, GROUP_OPTION: NO_GROUPING, INCREMENTAL_ADDITION: NO_INCREMENTAL, USE_RABIN: false, GROUP_AUX: NO_GROUPING, STATIC_ORDER: NO_STATIC_ORDERING, ROY_SIFT_MARKER: false, MAKE_LAST: false, MEMORYLESS: false, REORDER_METHOD: SIFT, NEW_PATTERN: false, INCREMENTAL_JUSTICES: NO_INCREMENTAL, REDUCED_ALGORITHM: FALSE, PARALLEL: false, ORIGINAL: false, BUCHI_INTERSECTION: false, NEW_TRIGGER: false, PARTITIONED: SINGLE_FUNC, VERIFICATION: true, CREATE_GRAPH: false",2938,47,156,-1,69204,72345,"[0, 1, 2, 3, 4, 5, 6, 7, 8, 9, 10, 11, 12, 13, 14, 15, 16, 17, 18, 19, 20, 21, 22, 23, 24, 25, 26, 27, 28, 29, 30, 31, 32, 33, 34, 35, 36, 37, 38, 39, 40, 41, 42, 43, 44, 45, 46, 47, 48, 49, 50, 51, 52, 53, 54, 55, 56, 57, 58, 59, 60, 61]","[0, 1, 2, 3, 4, 5, 6, 7, 8, 9, 10, 11, 12, 13, 14, 15, 16, 17, 18, 19, 20, 21, 22, 23, 24, 25, 26, 27, 28, 29, 30, 31, 32, 33, 34, 35, 36, 37, 38, 39, 40, 41, 42, 43, 44, 45, 46, 47, 48, 49, 50, 51, 52, 53, 54, 55, 56, 57, 58, 59, 60, 61]","[61, 60, 42, 2, 5, 53, 3, 50, 0, 1, 4, 49, 52, 48, 43, 44, 6, 51, 9, 8, 11, 7, 10, 45, 12, 15, 46, 14, 17, 13, 16, 47, 59, 56, 58, 55, 22, 19, 23, 20, 21, 57, 18, 54, 24, 35, 33, 30, 32, 34, 31, 29, 27, 28, 40, 39, 41, 26, 25, 37, 36, 38]","[5, 53, 4, 1, 2, 52, 51, 3, 49, 50, 8, 7, 0, 10, 11, 20, 23, 19, 22, 18, 21, 14, 17, 13, 16, 12, 15, 6, 9, 26, 29, 35, 58, 48, 56, 34, 33, 57, 28, 27, 43, 45, 55, 54, 59, 40, 47, 39, 61, 25, 41, 24, 31, 30, 32, 44, 42, 60, 46, 37, 36, 38]",281,281,6985,24618,NOT_IMPLEMENTED,NOT_IMPLEMENTED,NOT_IMPLEMENTED,NOT_IMPLEMENTED,NOT_IMPLEMENTED,NOT_IMPLEMENTED,NOT_IMPLEMENTED,42881.0,11,3898.272727272727,-14253.454545454546,3,57,560,0,1,0,69173,0,,,,,,,,,,,,62,,,NOT_IMPLEMENTED,,true,26,"robotX,robotX',$PRIMED_JUSTICE_0,$PRIMED_JUSTICE_0',robotY,robotY'","goalsX[2],goalsX[2]',redGoals[2],redGoals[2]',goalsY[1],goalsY[1]',goalsX[0],goalsX[0]',redGoals[0],redGoals[0]',movingObstacleX,movingObstacleX',redGoals[1],redGoals[1]',goalsY[0],goalsY[0]',goalsX[1],goalsX[1]',goalsY[2],goalsY[2]'",2,,,,,,3,4,4469268338865864704,4469268338865864704,394167091200,68732328083456000,84442493013196800,9155818042444218368,75206595339878400,681824694587883520,CUDD,"Using BDD Package: CUDDFactory, Version: CUDD 3.0","import ""DwyerPatternsNew.spectra""",,0,0,false,false,[],[],,null
1670525188,FINAL,1670525188.spectra,0,REALIZABILITY,SYS_REAL,"TEMP: false, SORT_AFTERWARDS: false, GROUP_OPTION: NO_GROUPING, INCREMENTAL_ADDITION: NO_INCREMENTAL, USE_RABIN: false, GROUP_AUX: GROUP_PAIR, STATIC_ORDER: REVERSE_CUTHILL, ROY_SIFT_MARKER: false, MAKE_LAST: false, MEMORYLESS: true, REORDER_METHOD: SIFT, NEW_PATTERN: true, INCREMENTAL_JUSTICES: INCREMENTAL_GRAPH, REDUCED_ALGORITHM: FALSE, PARALLEL: false, ORIGINAL: false, BUCHI_INTERSECTION: false, NEW_TRIGGER: true, PARTITIONED: SINGLE_FUNC, VERIFICATION: true, CREATE_GRAPH: false",3017,156,219,-1,33375,36767,"[0, 1, 2, 3, 4, 5, 6, 7, 8, 9, 10, 11, 12, 13, 14, 15, 16, 17, 18, 19, 20, 21, 22, 23, 24, 25, 26, 27, 28, 29, 30, 31, 32, 33, 34, 35, 36, 37, 38, 39, 40, 41, 42, 43, 44, 45, 46, 47, 48, 49, 50, 51, 52, 53, 54, 55, 56, 57, 58, 59, 60, 61]","[60, 46, 44, 42, 24, 25, 26, 6, 7, 8, 18, 19, 20, 0, 1, 2, 32, 30, 31, 12, 13, 14, 61, 47, 45, 43, 33, 34, 35, 27, 28, 29, 21, 22, 23, 16, 17, 15, 9, 10, 11, 3, 4, 5, 36, 37, 38, 54, 55, 56, 48, 49, 50, 39, 40, 41, 57, 58, 59, 51, 52, 53]","[59, 57, 29, 60, 44, 26, 24, 27, 45, 56, 58, 28, 54, 25, 55, 21, 42, 18, 20, 23, 19, 22, 43, 30, 33, 32, 35, 31, 46, 34, 47, 50, 52, 11, 8, 9, 6, 10, 51, 7, 49, 48, 14, 17, 12, 15, 13, 16, 5, 4, 1, 2, 0, 3, 53, 61, 41, 38, 40, 37, 36, 39]","[60, 44, 26, 29, 24, 59, 27, 57, 25, 28, 56, 58, 55, 42, 20, 23, 19, 46, 22, 32, 35, 31, 34, 30, 18, 33, 21, 54, 8, 11, 9, 6, 10, 53, 52, 51, 7, 2, 5, 1, 4, 0, 3, 17, 50, 43, 16, 15, 49, 48, 45, 47, 40, 39, 41, 61, 13, 12, 14, 37, 38, 36]",281,282,5162,229756,NOT_IMPLEMENTED,NOT_IMPLEMENTED,NOT_IMPLEMENTED,NOT_IMPLEMENTED,NOT_IMPLEMENTED,NOT_IMPLEMENTED,NOT_IMPLEMENTED,9639.0,12,803.25,-4971.416666666666,3,57,560,0,1,0,33360,0,,,,,,,,,,,,62,,,NOT_IMPLEMENTED,,true,26,"$PRIMED_JUSTICE_0,$PRIMED_JUSTICE_0',robotY,robotY',robotX,robotX'","goalsY[2],goalsY[2]',goalsX[0],goalsX[0]',redGoals[1],redGoals[1]',redGoals[0],redGoals[0]',goalsX[1],goalsX[1]',goalsY[1],goalsY[1]',movingObstacleX,movingObstacleX',goalsX[2],goalsX[2]',goalsY[0],goalsY[0]',redGoals[2],redGoals[2]'",2,,,,,,3,4,4469268338865864704,4469268338865864704,394167091200,68732328083456000,84442493013196800,9155818042444218368,75206595339878400,681824694587883520,CUDD,"Using BDD Package: CUDDFactory, Version: CUDD 3.0","import ""DwyerPatternsNewReduced.spectra""",,0,0,false,false,[],[],,null
1670431111,NOTHING,1670431111.spectra,0,REALIZABILITY,SYS_UNREAL,"TEMP: false, SORT_AFTERWARDS: false, GROUP_OPTION: NO_GROUPING, INCREMENTAL_ADDITION: NO_INCREMENTAL, USE_RABIN: false, GROUP_AUX: NO_GROUPING, STATIC_ORDER: NO_STATIC_ORDERING, ROY_SIFT_MARKER: false, MAKE_LAST: false, MEMORYLESS: false, REORDER_METHOD: SIFT, NEW_PATTERN: false, INCREMENTAL_JUSTICES: NO_INCREMENTAL, REDUCED_ALGORITHM: FALSE, PARALLEL: false, ORIGINAL: false, BUCHI_INTERSECTION: false, NEW_TRIGGER: false, PARTITIONED: SINGLE_FUNC, VERIFICATION: true, CREATE_GRAPH: false",3078,17,2956,-1,137083,143134,"[0, 1, 2, 3, 4, 5, 6, 7, 8, 9, 10, 11, 12, 13, 14, 15, 16, 17, 18, 19, 20, 21, 22, 23, 24, 25, 26, 27, 28, 29, 30, 31, 32, 33, 34, 35, 36, 37, 38, 39, 40, 41, 42, 43, 44, 45, 46, 47, 48, 49, 50, 51, 52, 53, 54, 55, 56, 57, 58, 59, 60, 61, 62, 63, 64, 65, 66, 67, 68, 69, 70, 71, 72, 73, 74, 75, 76, 77, 78, 79, 80, 81, 82, 83, 84, 85, 86, 87, 88, 89, 90, 91, 92, 93, 94, 95, 96, 97, 98, 99, 100, 101, 102, 103, 104, 105, 106, 107, 108, 109, 110, 111, 112, 113, 114, 115, 116, 117, 118, 119, 120, 121, 122, 123, 124, 125, 126, 127, 128, 129, 130, 131, 132, 133, 134, 135, 136, 137]","[0, 1, 2, 3, 4, 5, 6, 7, 8, 9, 10, 11, 12, 13, 14, 15, 16, 17, 18, 19, 20, 21, 22, 23, 24, 25, 26, 27, 28, 29, 30, 31, 32, 33, 34, 35, 36, 37, 38, 39, 40, 41, 42, 43, 44, 45, 46, 47, 48, 49, 50, 51, 52, 53, 54, 55, 56, 57, 58, 59, 60, 61, 62, 63, 64, 65, 66, 67, 68, 69, 70, 71, 72, 73, 74, 75, 76, 77, 78, 79, 80, 81, 82, 83, 84, 85, 86, 87, 88, 89, 90, 91, 92, 93, 94, 95, 96, 97, 98, 99, 100, 101, 102, 103, 104, 105, 106, 107, 108, 109, 110, 111, 112, 113, 114, 115, 116, 117, 118, 119, 120, 121, 122, 123, 124, 125, 126, 127, 128, 129, 130, 131, 132, 133, 134, 135, 136, 137]","[13, 5, 119, 117, 3, 118, 4, 12, 2, 1, 0, 114, 115, 116, 71, 70, 69, 26, 14, 15, 16, 17, 19, 18, 27, 40, 28, 29, 30, 32, 31, 33, 41, 125, 39, 25, 11, 37, 123, 23, 38, 24, 9, 10, 124, 120, 34, 6, 20, 121, 21, 7, 35, 36, 22, 8, 122, 45, 46, 47, 42, 43, 44, 72, 73, 74, 76, 75, 77, 53, 52, 51, 50, 49, 48, 80, 78, 79, 56, 55, 54, 62, 61, 60, 83, 82, 81, 59, 57, 58, 89, 88, 87, 106, 105, 63, 64, 107, 102, 103, 65, 67, 66, 104, 68, 85, 84, 86, 90, 91, 92, 93, 94, 95, 96, 97, 98, 99, 100, 101, 108, 109, 110, 111, 112, 113, 127, 126, 128, 129, 130, 131, 133, 132, 134, 135, 137, 136]","[5, 3, 40, 26, 117, 12, 2, 0, 1, 114, 115, 116, 118, 19, 18, 17, 27, 16, 15, 14, 30, 29, 28, 33, 32, 31, 25, 125, 24, 23, 39, 41, 38, 37, 4, 124, 123, 8, 122, 11, 10, 7, 121, 9, 13, 120, 6, 34, 20, 35, 36, 21, 22, 42, 43, 44, 72, 73, 74, 119, 47, 46, 45, 77, 76, 75, 106, 105, 107, 53, 52, 51, 82, 81, 83, 50, 49, 48, 80, 79, 78, 56, 54, 55, 62, 60, 61, 102, 103, 104, 112, 111, 113, 59, 58, 57, 87, 88, 89, 69, 70, 63, 64, 65, 71, 66, 67, 68, 84, 85, 86, 91, 90, 92, 93, 94, 95, 98, 97, 96, 99, 100, 101, 109, 110, 108, 126, 127, 129, 128, 130, 131, 132, 133, 134, 135, 136, 137]",4224,4224,49328,117110,NOT_IMPLEMENTED,NOT_IMPLEMENTED,NOT_IMPLEMENTED,NOT_IMPLEMENTED,NOT_IMPLEMENTED,NOT_IMPLEMENTED,NOT_IMPLEMENTED,92204.0,14,6586.0,-29107.714285714283,1,6,196,0,0,0,0,0,,,,,,,,,,,,138,,,NOT_IMPLEMENTED,,true,52,"robotX,robotX',$TRIGGER:2.VAR',robotY,robotY',$TRIGGER:2.VAR,$TRIGGER:1.VAR',$TRIGGER:1.VAR,$TRIGGER:0.VAR,$TRIGGER:0.VAR'","targetBX,targetBX',Cgreen,Cgreen',obstaclesY[3],obstaclesY[3]',targetAY,targetAY',obstaclesX[0],obstaclesX[0]',obstaclesX[1],obstaclesX[1]',obstaclesY[0],obstaclesY[0]',targetCX,targetCX',Bgreen,Bgreen',obstaclesX[4],obstaclesX[4]',MY,MY',targetCY,targetCY',obstaclesX[2],obstaclesX[2]',obstaclesY[4],obstaclesY[4]',obstaclesY[1],obstaclesY[1]',Agreen,Agreen',targetAX,targetAX',obstaclesY[2],obstaclesY[2]',obstaclesX[3],obstaclesX[3]',MX,MX',targetBY,targetBY'",0,,,,,,6,5,0,0,932393779200000000000,84219892202665572177046112764126298112,267717152175048336129809972396943640363008,609786001522321726526367296517728634929152,661524208493125084399219507200,1890010291815242948216469510546813616128,CUDD,"Using BDD Package: CUDDFactory, Version: CUDD 3.0","import ""DwyerPatternsNew.spectra""",,0,3,false,false,[],[],,null
1670431111,FINAL,1670431111.spectra,1
