Spec,RunConfig,UniqueIdentifier,TIMEOUT,ActionType,Result,CONFIG_TXT,INITIAL_BDD_TIME,HEURISTICS_TIME,SECOND_STEP_TIME,PARALLEL_OVERHEAD_TIME,WORK_TIME,TOTAL_TIME,PRE_ROYBDD_ORDER,POST_HEURISTICS_ORDER,POST_SECOND_STEP_ORDER,POST_WORK_ORDER,PRE_ROYBDD_NODE_SIZE,POST_HEURISTICS_NODE_SIZE,POST_SECOND_STEP_NODE_SIZE,POST_WORK_NODE_SIZE,AVERAGE_AUX_SIZE,AVERAGE_SYS_DOM_IN_CONSTRAINT,AVERAGE_ENV_DOM_IN_CONSTRAINT,AVERAGE_SYS_DOM_SIZE,AVERAGE_ENV_DOM_SIZE,AVERAGE_CONSTRAINT_COMPLEXITY,INTERCONNECTNESS_INDEX,TOTAL_REORDER_TIME,REORDER_CALL_AMOUNT,AVERAGE_REORDER_TIME,AVERAGE_REORDER_GAIN,Z_FIXPOINTS,Y_FIXPOINTS,X_FIXPOINTS,W_FIXPOINTS,REAL_CASES,UNREAL_CASES,REAL_TIME,UNREAL_TIME,GRAPH_DATA,CLUSTER_INC_DATA,CLUSTER_VAR_DATA,DOMAIN_GRAPH_DATA,CONSTRAINT_GRAPH_DATA,JUST_STRING_COUNT,JUST_STRING_ENV_COUNT,TRANS_STRING_SYS_COUNT,TRANS_STRING_ENV_COUNT,INI_STRING_ENV_COUNT,INI_STRING_SYS_COUNT,TOTAL_VARS,SYS_VARS,ENV_VARS,AUX_VARS,UNUSED_CONS_VARS,ARRAYS_INSTANCES,TOTAL_DOMS,SYS_DOMS,ENV_DOMS,AUX_DOMS,DOMS_NOT_QUANTIFIED,INI_SYS_CONSTRAINTS,INI_ENV_CONSTRAINTS,TRANS_ENV_CONSTRAINTS,TRANS_SYS_CONSTRAINTS,JUSTICE_SYS_AMOUNT,JUSTICE_ENV_AMOUNT,Z_SAT_COUNT,Z_SAT_COUNT_START_S0,TRANS_ENV_SAT,TRANS_SYS_SAT,JUSTS_SYS_SAT,JUSTS_ENV_SAT,INI_ENV_SAT,INI_SYS_SAT,FACTORY_TYPE,BDDPACKAGE,IMPORT,UNIQUE_PATTERNS,PATTERN_INSTANCES,TRIGGER_INSTANCES,MONITORS_INSTANCES,COUNTERS_INSTANCES,REDUCED_PATTERN,REDUCED_TRIGGER,SWAPPED_TO_ORIGINAL,ADDITIONAL
1670057023,NOTHING,1670057023.spectra,0,REALIZABILITY,SYS_REAL,"TEMP: false, SORT_AFTERWARDS: false, GROUP_OPTION: NO_GROUPING, INCREMENTAL_ADDITION: NO_INCREMENTAL, USE_RABIN: false, GROUP_AUX: NO_GROUPING, STATIC_ORDER: NO_STATIC_ORDERING, ROY_SIFT_MARKER: false, MAKE_LAST: false, MEMORYLESS: false, REORDER_METHOD: SIFT, NEW_PATTERN: false, INCREMENTAL_JUSTICES: NO_INCREMENTAL, REDUCED_ALGORITHM: FALSE, PARALLEL: false, ORIGINAL: false, BUCHI_INTERSECTION: false, NEW_TRIGGER: false, PARTITIONED: SINGLE_FUNC, VERIFICATION: true, CREATE_GRAPH: false",5941,16,812,-1,190551,197320,"[0, 1, 2, 3, 4, 5, 6, 7, 8, 9, 10, 11, 12, 13, 14, 15, 16, 17, 18, 19, 20, 21, 22, 23, 24, 25, 26, 27, 28, 29, 30, 31, 32, 33, 34, 35, 36, 37, 38, 39, 40, 41, 42, 43, 44, 45, 46, 47, 48, 49, 50, 51, 52, 53, 54, 55, 56, 57, 58, 59, 60, 61, 62, 63, 64, 65, 66, 67, 68, 69, 70, 71]","[0, 1, 2, 3, 4, 5, 6, 7, 8, 9, 10, 11, 12, 13, 14, 15, 16, 17, 18, 19, 20, 21, 22, 23, 24, 25, 26, 27, 28, 29, 30, 31, 32, 33, 34, 35, 36, 37, 38, 39, 40, 41, 42, 43, 44, 45, 46, 47, 48, 49, 50, 51, 52, 53, 54, 55, 56, 57, 58, 59, 60, 61, 62, 63, 64, 65, 66, 67, 68, 69, 70, 71]","[57, 55, 5, 36, 2, 3, 56, 0, 4, 1, 54, 9, 6, 11, 8, 10, 7, 15, 12, 17, 14, 16, 13, 28, 53, 64, 52, 27, 24, 25, 26, 29, 65, 61, 20, 18, 38, 21, 62, 19, 40, 22, 23, 37, 39, 63, 34, 59, 41, 58, 60, 33, 35, 30, 31, 32, 51, 66, 67, 68, 69, 70, 71, 44, 50, 49, 48, 43, 42, 46, 47, 45]","[1, 2, 5, 57, 4, 0, 3, 8, 11, 7, 10, 6, 9, 12, 15, 14, 17, 13, 16, 38, 36, 20, 23, 19, 22, 21, 56, 29, 28, 55, 61, 18, 62, 26, 25, 54, 40, 24, 53, 52, 27, 39, 37, 59, 31, 58, 34, 33, 41, 35, 30, 63, 32, 60, 46, 45, 64, 43, 42, 47, 65, 50, 51, 48, 49, 44, 66, 67, 68, 69, 70, 71]",579,579,15469,45772,NOT_IMPLEMENTED,NOT_IMPLEMENTED,NOT_IMPLEMENTED,NOT_IMPLEMENTED,NOT_IMPLEMENTED,NOT_IMPLEMENTED,NOT_IMPLEMENTED,121235.0,16,7577.1875,-11081.375,2,80,1202,0,1,0,190428,0,,,,,,,,,,,,72,,,NOT_IMPLEMENTED,,false,32,"$TRIGGER:0.VAR',$TRIGGER:0.VAR,$PATTERN:0.SYS_CONSTRAINT.0.S_responds_to_P_globally.state,$PATTERN:0.SYS_CONSTRAINT.0.S_responds_to_P_globally.state',robotY,robotY',robotX,robotX'","targetAY,targetAY',targetCY,targetCY',targetBX,targetBX',isCBlocked,isCBlocked',isBBlocked,isBBlocked',isABlocked,isABlocked',$PATTERN:1.ENV_CONSTRAINT.1.S_responds_to_P_globally.state,$PATTERN:1.ENV_CONSTRAINT.1.S_responds_to_P_globally.state',targetBY,targetBY',targetAX,targetAX',MObstacleX,MObstacleX',$PATTERN:2.ENV_CONSTRAINT.2.S_responds_to_P_globally.state,$PATTERN:2.ENV_CONSTRAINT.2.S_responds_to_P_globally.state',targetCX,targetCX'",0,,,,,,7,5,4670920586693680562176,72967013299400998912,18329691488256,5328130073029509120,3185522117228718194688,11252513884962826485760,3014597000571125760,4504441853277372416,CUDD,"Using BDD Package: CUDDFactory, Version: CUDD 3.0","import ""DwyerPatternsNew.spectra""",S_responds_to_P_globally,3,1,false,false,[],[],,null
1670057023,MEMORYLESS,1670057023.spectra,0,REALIZABILITY,SYS_REAL,"TEMP: false, SORT_AFTERWARDS: false, GROUP_OPTION: NO_GROUPING, INCREMENTAL_ADDITION: NO_INCREMENTAL, USE_RABIN: false, GROUP_AUX: NO_GROUPING, STATIC_ORDER: NO_STATIC_ORDERING, ROY_SIFT_MARKER: false, MAKE_LAST: false, MEMORYLESS: true, REORDER_METHOD: SIFT, NEW_PATTERN: false, INCREMENTAL_JUSTICES: NO_INCREMENTAL, REDUCED_ALGORITHM: FALSE, PARALLEL: false, ORIGINAL: false, BUCHI_INTERSECTION: false, NEW_TRIGGER: false, PARTITIONED: SINGLE_FUNC, VERIFICATION: true, CREATE_GRAPH: false",3659,13,737,-1,170795,175204,"[0, 1, 2, 3, 4, 5, 6, 7, 8, 9, 10, 11, 12, 13, 14, 15, 16, 17, 18, 19, 20, 21, 22, 23, 24, 25, 26, 27, 28, 29, 30, 31, 32, 33, 34, 35, 36, 37, 38, 39, 40, 41, 42, 43, 44, 45, 46, 47, 48, 49, 50, 51, 52, 53, 54, 55, 56, 57, 58, 59, 60, 61, 62, 63, 64, 65, 66, 67, 68, 69, 70, 71]","[0, 1, 2, 3, 4, 5, 6, 7, 8, 9, 10, 11, 12, 13, 14, 15, 16, 17, 18, 19, 20, 21, 22, 23, 24, 25, 26, 27, 28, 29, 30, 31, 32, 33, 34, 35, 36, 37, 38, 39, 40, 41, 42, 43, 44, 45, 46, 47, 48, 49, 50, 51, 52, 53, 54, 55, 56, 57, 58, 59, 60, 61, 62, 63, 64, 65, 66, 67, 68, 69, 70, 71]","[57, 56, 36, 2, 1, 4, 5, 55, 3, 0, 9, 6, 11, 8, 15, 12, 17, 14, 16, 13, 27, 54, 52, 53, 24, 28, 25, 26, 64, 65, 63, 7, 10, 29, 35, 23, 62, 61, 20, 19, 38, 22, 18, 40, 37, 39, 21, 34, 59, 41, 58, 60, 33, 30, 31, 32, 51, 66, 67, 68, 69, 70, 71, 44, 50, 49, 48, 43, 42, 46, 47, 45]","[5, 4, 1, 2, 55, 0, 3, 8, 11, 7, 10, 6, 9, 13, 16, 14, 17, 15, 36, 38, 12, 20, 23, 19, 22, 21, 18, 57, 56, 28, 25, 29, 61, 62, 26, 24, 40, 54, 53, 52, 27, 59, 58, 37, 34, 33, 63, 39, 41, 35, 31, 30, 32, 60, 45, 46, 64, 43, 42, 50, 51, 48, 49, 47, 44, 65, 66, 67, 68, 69, 70, 71]",581,581,15694,416576,NOT_IMPLEMENTED,NOT_IMPLEMENTED,NOT_IMPLEMENTED,NOT_IMPLEMENTED,NOT_IMPLEMENTED,NOT_IMPLEMENTED,NOT_IMPLEMENTED,95571.0,16,5973.1875,-13278.6875,2,80,1202,0,1,0,170779,0,,,,,,,,,,,,72,,,NOT_IMPLEMENTED,,false,32,"$TRIGGER:0.VAR',$TRIGGER:0.VAR,$PATTERN:0.SYS_CONSTRAINT.0.S_responds_to_P_globally.state,$PATTERN:0.SYS_CONSTRAINT.0.S_responds_to_P_globally.state',robotY,robotY',robotX,robotX'","targetAY,targetAY',targetCY,targetCY',targetBX,targetBX',isCBlocked,isCBlocked',isBBlocked,isBBlocked',isABlocked,isABlocked',$PATTERN:1.ENV_CONSTRAINT.1.S_responds_to_P_globally.state,$PATTERN:1.ENV_CONSTRAINT.1.S_responds_to_P_globally.state',targetBY,targetBY',targetAX,targetAX',MObstacleX,MObstacleX',$PATTERN:2.ENV_CONSTRAINT.2.S_responds_to_P_globally.state,$PATTERN:2.ENV_CONSTRAINT.2.S_responds_to_P_globally.state',targetCX,targetCX'",0,,,,,,7,5,4670920586693680562176,72967013299400998912,18329691488256,5328130073029509120,3185522117228718194688,11252513884962826485760,3014597000571125760,4504441853277372416,CUDD,"Using BDD Package: CUDDFactory, Version: CUDD 3.0","import ""DwyerPatternsNew.spectra""",S_responds_to_P_globally,3,1,false,false,[],[],,null
1670057023,NOTHING,1670057023.spectra,0,REALIZABILITY,SYS_REAL,"TEMP: false, SORT_AFTERWARDS: false, GROUP_OPTION: NO_GROUPING, INCREMENTAL_ADDITION: NO_INCREMENTAL, USE_RABIN: false, GROUP_AUX: NO_GROUPING, STATIC_ORDER: NO_STATIC_ORDERING, ROY_SIFT_MARKER: false, MAKE_LAST: false, MEMORYLESS: false, REORDER_METHOD: SIFT, NEW_PATTERN: false, INCREMENTAL_JUSTICES: NO_INCREMENTAL, REDUCED_ALGORITHM: FALSE, PARALLEL: false, ORIGINAL: false, BUCHI_INTERSECTION: false, NEW_TRIGGER: false, PARTITIONED: SINGLE_FUNC, VERIFICATION: true, CREATE_GRAPH: false",4125,16,734,-1,186657,191532,"[0, 1, 2, 3, 4, 5, 6, 7, 8, 9, 10, 11, 12, 13, 14, 15, 16, 17, 18, 19, 20, 21, 22, 23, 24, 25, 26, 27, 28, 29, 30, 31, 32, 33, 34, 35, 36, 37, 38, 39, 40, 41, 42, 43, 44, 45, 46, 47, 48, 49, 50, 51, 52, 53, 54, 55, 56, 57, 58, 59, 60, 61, 62, 63, 64, 65, 66, 67, 68, 69, 70, 71]","[0, 1, 2, 3, 4, 5, 6, 7, 8, 9, 10, 11, 12, 13, 14, 15, 16, 17, 18, 19, 20, 21, 22, 23, 24, 25, 26, 27, 28, 29, 30, 31, 32, 33, 34, 35, 36, 37, 38, 39, 40, 41, 42, 43, 44, 45, 46, 47, 48, 49, 50, 51, 52, 53, 54, 55, 56, 57, 58, 59, 60, 61, 62, 63, 64, 65, 66, 67, 68, 69, 70, 71]","[57, 56, 36, 2, 1, 4, 5, 55, 3, 0, 11, 8, 9, 6, 15, 12, 17, 14, 16, 13, 27, 24, 29, 52, 53, 28, 54, 25, 65, 64, 10, 7, 26, 20, 63, 23, 61, 18, 38, 21, 22, 19, 40, 37, 39, 62, 34, 59, 41, 58, 60, 33, 35, 30, 31, 32, 51, 66, 67, 68, 69, 70, 71, 44, 50, 49, 48, 43, 42, 46, 47, 45]","[5, 4, 1, 2, 55, 0, 3, 8, 11, 7, 10, 6, 9, 12, 15, 14, 17, 13, 16, 38, 36, 20, 23, 19, 22, 21, 57, 29, 28, 56, 61, 18, 62, 26, 25, 54, 40, 24, 53, 52, 27, 37, 64, 39, 31, 30, 32, 60, 59, 58, 34, 33, 41, 35, 63, 45, 46, 43, 42, 50, 51, 48, 49, 47, 44, 65, 66, 67, 68, 69, 70, 71]",575,575,15960,45438,NOT_IMPLEMENTED,NOT_IMPLEMENTED,NOT_IMPLEMENTED,NOT_IMPLEMENTED,NOT_IMPLEMENTED,NOT_IMPLEMENTED,NOT_IMPLEMENTED,119087.0,16,7442.9375,-11661.9375,2,80,1202,0,1,0,186594,0,,,,,,,,,,,,72,,,NOT_IMPLEMENTED,,false,32,"$TRIGGER:0.VAR',$TRIGGER:0.VAR,$PATTERN:0.SYS_CONSTRAINT.0.S_responds_to_P_globally.state,$PATTERN:0.SYS_CONSTRAINT.0.S_responds_to_P_globally.state',robotY,robotY',robotX,robotX'","targetAY,targetAY',targetCY,targetCY',targetBX,targetBX',isCBlocked,isCBlocked',isBBlocked,isBBlocked',isABlocked,isABlocked',$PATTERN:1.ENV_CONSTRAINT.1.S_responds_to_P_globally.state,$PATTERN:1.ENV_CONSTRAINT.1.S_responds_to_P_globally.state',targetBY,targetBY',targetAX,targetAX',MObstacleX,MObstacleX',$PATTERN:2.ENV_CONSTRAINT.2.S_responds_to_P_globally.state,$PATTERN:2.ENV_CONSTRAINT.2.S_responds_to_P_globally.state',targetCX,targetCX'",0,,,,,,7,5,4670920586693680562176,72967013299400998912,18329691488256,5328130073029509120,3185522117228718194688,11252513884962826485760,3014597000571125760,4504441853277372416,CUDD,"Using BDD Package: CUDDFactory, Version: CUDD 3.0","import ""DwyerPatternsNew.spectra""",S_responds_to_P_globally,3,1,false,false,[],[],,null
1670057023,MEMORYLESS,1670057023.spectra,0,REALIZABILITY,SYS_REAL,"TEMP: false, SORT_AFTERWARDS: false, GROUP_OPTION: NO_GROUPING, INCREMENTAL_ADDITION: NO_INCREMENTAL, USE_RABIN: false, GROUP_AUX: NO_GROUPING, STATIC_ORDER: NO_STATIC_ORDERING, ROY_SIFT_MARKER: false, MAKE_LAST: false, MEMORYLESS: true, REORDER_METHOD: SIFT, NEW_PATTERN: false, INCREMENTAL_JUSTICES: NO_INCREMENTAL, REDUCED_ALGORITHM: FALSE, PARALLEL: false, ORIGINAL: false, BUCHI_INTERSECTION: false, NEW_TRIGGER: false, PARTITIONED: SINGLE_FUNC, VERIFICATION: true, CREATE_GRAPH: false",5782,47,780,-1,221330,227939,"[0, 1, 2, 3, 4, 5, 6, 7, 8, 9, 10, 11, 12, 13, 14, 15, 16, 17, 18, 19, 20, 21, 22, 23, 24, 25, 26, 27, 28, 29, 30, 31, 32, 33, 34, 35, 36, 37, 38, 39, 40, 41, 42, 43, 44, 45, 46, 47, 48, 49, 50, 51, 52, 53, 54, 55, 56, 57, 58, 59, 60, 61, 62, 63, 64, 65, 66, 67, 68, 69, 70, 71]","[0, 1, 2, 3, 4, 5, 6, 7, 8, 9, 10, 11, 12, 13, 14, 15, 16, 17, 18, 19, 20, 21, 22, 23, 24, 25, 26, 27, 28, 29, 30, 31, 32, 33, 34, 35, 36, 37, 38, 39, 40, 41, 42, 43, 44, 45, 46, 47, 48, 49, 50, 51, 52, 53, 54, 55, 56, 57, 58, 59, 60, 61, 62, 63, 64, 65, 66, 67, 68, 69, 70, 71]","[57, 56, 36, 2, 1, 4, 5, 55, 3, 0, 11, 8, 9, 6, 15, 12, 17, 14, 16, 13, 27, 24, 29, 52, 53, 28, 54, 25, 65, 64, 10, 7, 26, 20, 63, 23, 61, 18, 38, 21, 22, 19, 40, 37, 39, 62, 34, 59, 41, 58, 60, 33, 35, 30, 31, 32, 51, 66, 67, 68, 69, 70, 71, 44, 50, 49, 48, 43, 42, 46, 47, 45]","[5, 57, 4, 64, 1, 2, 0, 3, 8, 11, 7, 10, 6, 9, 16, 13, 14, 17, 12, 38, 36, 15, 20, 23, 19, 22, 21, 18, 56, 29, 28, 55, 61, 62, 26, 25, 54, 24, 40, 53, 27, 39, 37, 31, 30, 32, 52, 59, 58, 65, 60, 34, 41, 33, 35, 63, 46, 45, 43, 42, 47, 51, 50, 48, 49, 44, 66, 67, 68, 69, 70, 71]",575,575,15960,357521,NOT_IMPLEMENTED,NOT_IMPLEMENTED,NOT_IMPLEMENTED,NOT_IMPLEMENTED,NOT_IMPLEMENTED,NOT_IMPLEMENTED,NOT_IMPLEMENTED,140744.0,16,8796.5,-13108.25,2,80,1202,0,1,0,221315,0,,,,,,,,,,,,72,,,NOT_IMPLEMENTED,,false,32,"$TRIGGER:0.VAR',$TRIGGER:0.VAR,$PATTERN:0.SYS_CONSTRAINT.0.S_responds_to_P_globally.state,$PATTERN:0.SYS_CONSTRAINT.0.S_responds_to_P_globally.state',robotY,robotY',robotX,robotX'","targetAY,targetAY',targetCY,targetCY',targetBX,targetBX',isCBlocked,isCBlocked',isBBlocked,isBBlocked',isABlocked,isABlocked',$PATTERN:1.ENV_CONSTRAINT.1.S_responds_to_P_globally.state,$PATTERN:1.ENV_CONSTRAINT.1.S_responds_to_P_globally.state',targetBY,targetBY',targetAX,targetAX',MObstacleX,MObstacleX',$PATTERN:2.ENV_CONSTRAINT.2.S_responds_to_P_globally.state,$PATTERN:2.ENV_CONSTRAINT.2.S_responds_to_P_globally.state',targetCX,targetCX'",0,,,,,,7,5,4670920586693680562176,72967013299400998912,18329691488256,5328130073029509120,3185522117228718194688,11252513884962826485760,3014597000571125760,4504441853277372416,CUDD,"Using BDD Package: CUDDFactory, Version: CUDD 3.0","import ""DwyerPatternsNew.spectra""",S_responds_to_P_globally,3,1,false,false,[],[],,null
1670057023,NOTHING,1670057023.spectra,0,REALIZABILITY,SYS_REAL,"TEMP: false, SORT_AFTERWARDS: false, GROUP_OPTION: NO_GROUPING, INCREMENTAL_ADDITION: NO_INCREMENTAL, USE_RABIN: false, GROUP_AUX: NO_GROUPING, STATIC_ORDER: NO_STATIC_ORDERING, ROY_SIFT_MARKER: false, MAKE_LAST: false, MEMORYLESS: false, REORDER_METHOD: SIFT, NEW_PATTERN: false, INCREMENTAL_JUSTICES: NO_INCREMENTAL, REDUCED_ALGORITHM: FALSE, PARALLEL: false, ORIGINAL: false, BUCHI_INTERSECTION: false, NEW_TRIGGER: false, PARTITIONED: SINGLE_FUNC, VERIFICATION: true, CREATE_GRAPH: false",5281,16,781,-1,164754,170832,"[0, 1, 2, 3, 4, 5, 6, 7, 8, 9, 10, 11, 12, 13, 14, 15, 16, 17, 18, 19, 20, 21, 22, 23, 24, 25, 26, 27, 28, 29, 30, 31, 32, 33, 34, 35, 36, 37, 38, 39, 40, 41, 42, 43, 44, 45, 46, 47, 48, 49, 50, 51, 52, 53, 54, 55, 56, 57, 58, 59, 60, 61, 62, 63, 64, 65, 66, 67, 68, 69, 70, 71]","[0, 1, 2, 3, 4, 5, 6, 7, 8, 9, 10, 11, 12, 13, 14, 15, 16, 17, 18, 19, 20, 21, 22, 23, 24, 25, 26, 27, 28, 29, 30, 31, 32, 33, 34, 35, 36, 37, 38, 39, 40, 41, 42, 43, 44, 45, 46, 47, 48, 49, 50, 51, 52, 53, 54, 55, 56, 57, 58, 59, 60, 61, 62, 63, 64, 65, 66, 67, 68, 69, 70, 71]","[57, 55, 5, 36, 2, 3, 56, 0, 4, 1, 11, 8, 9, 6, 10, 7, 15, 12, 17, 14, 16, 13, 27, 54, 52, 53, 64, 24, 28, 25, 26, 29, 65, 63, 35, 23, 61, 20, 18, 38, 21, 22, 19, 40, 39, 37, 62, 34, 59, 41, 58, 60, 33, 30, 31, 32, 51, 66, 67, 68, 69, 70, 71, 44, 50, 49, 48, 43, 42, 46, 47, 45]","[2, 57, 5, 4, 1, 0, 3, 8, 11, 7, 10, 6, 9, 16, 13, 14, 17, 12, 38, 36, 15, 20, 23, 19, 22, 18, 21, 28, 56, 27, 61, 62, 55, 25, 24, 40, 60, 54, 53, 52, 39, 31, 59, 58, 30, 26, 34, 41, 33, 29, 35, 63, 37, 45, 32, 46, 42, 43, 51, 50, 48, 49, 47, 44, 64, 65, 66, 67, 68, 69, 70, 71]",580,580,15824,49206,NOT_IMPLEMENTED,NOT_IMPLEMENTED,NOT_IMPLEMENTED,NOT_IMPLEMENTED,NOT_IMPLEMENTED,NOT_IMPLEMENTED,NOT_IMPLEMENTED,90090.0,16,5630.625,-15193.125,2,80,1202,0,1,0,164661,0,,,,,,,,,,,,72,,,NOT_IMPLEMENTED,,false,32,"robotX,robotX',robotY,robotY',$TRIGGER:0.VAR',$PATTERN:0.SYS_CONSTRAINT.0.S_responds_to_P_globally.state,$PATTERN:0.SYS_CONSTRAINT.0.S_responds_to_P_globally.state',$TRIGGER:0.VAR","$PATTERN:1.ENV_CONSTRAINT.1.S_responds_to_P_globally.state,$PATTERN:1.ENV_CONSTRAINT.1.S_responds_to_P_globally.state',targetCY,targetCY',targetBX,targetBX',$PATTERN:2.ENV_CONSTRAINT.2.S_responds_to_P_globally.state,$PATTERN:2.ENV_CONSTRAINT.2.S_responds_to_P_globally.state',targetAY,targetAY',isABlocked,isABlocked',targetCX,targetCX',isCBlocked,isCBlocked',targetAX,targetAX',isBBlocked,isBBlocked',MObstacleX,MObstacleX',targetBY,targetBY'",0,,,,,,7,5,4670920586693680562176,72967013299400998912,18329691488256,5328130073029509120,3185522117228718194688,11252513884962826485760,3014597000571125760,4504441853277372416,CUDD,"Using BDD Package: CUDDFactory, Version: CUDD 3.0","import ""DwyerPatternsNew.spectra""",S_responds_to_P_globally,3,1,false,false,[],[],,null
1670057023,MEMORYLESS,1670057023.spectra,0,REALIZABILITY,SYS_REAL,"TEMP: false, SORT_AFTERWARDS: false, GROUP_OPTION: NO_GROUPING, INCREMENTAL_ADDITION: NO_INCREMENTAL, USE_RABIN: false, GROUP_AUX: NO_GROUPING, STATIC_ORDER: NO_STATIC_ORDERING, ROY_SIFT_MARKER: false, MAKE_LAST: false, MEMORYLESS: true, REORDER_METHOD: SIFT, NEW_PATTERN: false, INCREMENTAL_JUSTICES: NO_INCREMENTAL, REDUCED_ALGORITHM: FALSE, PARALLEL: false, ORIGINAL: false, BUCHI_INTERSECTION: false, NEW_TRIGGER: false, PARTITIONED: SINGLE_FUNC, VERIFICATION: true, CREATE_GRAPH: false",3812,31,594,-1,160710,165147,"[0, 1, 2, 3, 4, 5, 6, 7, 8, 9, 10, 11, 12, 13, 14, 15, 16, 17, 18, 19, 20, 21, 22, 23, 24, 25, 26, 27, 28, 29, 30, 31, 32, 33, 34, 35, 36, 37, 38, 39, 40, 41, 42, 43, 44, 45, 46, 47, 48, 49, 50, 51, 52, 53, 54, 55, 56, 57, 58, 59, 60, 61, 62, 63, 64, 65, 66, 67, 68, 69, 70, 71]","[0, 1, 2, 3, 4, 5, 6, 7, 8, 9, 10, 11, 12, 13, 14, 15, 16, 17, 18, 19, 20, 21, 22, 23, 24, 25, 26, 27, 28, 29, 30, 31, 32, 33, 34, 35, 36, 37, 38, 39, 40, 41, 42, 43, 44, 45, 46, 47, 48, 49, 50, 51, 52, 53, 54, 55, 56, 57, 58, 59, 60, 61, 62, 63, 64, 65, 66, 67, 68, 69, 70, 71]","[57, 5, 36, 2, 3, 55, 56, 0, 4, 1, 11, 8, 9, 6, 15, 12, 17, 14, 16, 13, 27, 24, 52, 53, 25, 28, 54, 65, 10, 7, 29, 26, 64, 62, 63, 35, 20, 23, 19, 38, 22, 18, 40, 37, 39, 21, 61, 34, 66, 67, 68, 69, 70, 71, 59, 41, 58, 60, 33, 30, 31, 32, 51, 44, 50, 49, 48, 43, 42, 46, 47, 45]","[2, 57, 5, 4, 1, 0, 3, 8, 11, 7, 10, 6, 9, 14, 17, 16, 13, 12, 15, 20, 23, 19, 22, 18, 21, 56, 29, 55, 61, 38, 36, 62, 26, 25, 24, 40, 54, 53, 52, 28, 27, 60, 31, 59, 34, 33, 35, 41, 39, 37, 58, 63, 45, 30, 32, 64, 42, 43, 46, 47, 50, 51, 44, 48, 49, 65, 66, 67, 68, 69, 70, 71]",576,576,16374,415618,NOT_IMPLEMENTED,NOT_IMPLEMENTED,NOT_IMPLEMENTED,NOT_IMPLEMENTED,NOT_IMPLEMENTED,NOT_IMPLEMENTED,NOT_IMPLEMENTED,83419.0,16,5213.6875,-14123.375,2,80,1202,0,1,0,160695,0,,,,,,,,,,,,72,,,NOT_IMPLEMENTED,,false,32,"$TRIGGER:0.VAR',$TRIGGER:0.VAR,$PATTERN:0.SYS_CONSTRAINT.0.S_responds_to_P_globally.state,$PATTERN:0.SYS_CONSTRAINT.0.S_responds_to_P_globally.state',robotY,robotY',robotX,robotX'","targetAY,targetAY',targetCY,targetCY',targetBX,targetBX',isCBlocked,isCBlocked',isBBlocked,isBBlocked',isABlocked,isABlocked',$PATTERN:1.ENV_CONSTRAINT.1.S_responds_to_P_globally.state,$PATTERN:1.ENV_CONSTRAINT.1.S_responds_to_P_globally.state',targetBY,targetBY',targetAX,targetAX',MObstacleX,MObstacleX',$PATTERN:2.ENV_CONSTRAINT.2.S_responds_to_P_globally.state,$PATTERN:2.ENV_CONSTRAINT.2.S_responds_to_P_globally.state',targetCX,targetCX'",0,,,,,,7,5,4670920586693680562176,72967013299400998912,18329691488256,5328130073029509120,3185522117228718194688,11252513884962826485760,3014597000571125760,4504441853277372416,CUDD,"Using BDD Package: CUDDFactory, Version: CUDD 3.0","import ""DwyerPatternsNew.spectra""",S_responds_to_P_globally,3,1,false,false,[],[],,null
1669965418,NOTHING,1669965418.spectra,0,REALIZABILITY,SYS_REAL,"TEMP: false, SORT_AFTERWARDS: false, GROUP_OPTION: NO_GROUPING, INCREMENTAL_ADDITION: NO_INCREMENTAL, USE_RABIN: false, GROUP_AUX: NO_GROUPING, STATIC_ORDER: NO_STATIC_ORDERING, ROY_SIFT_MARKER: false, MAKE_LAST: false, MEMORYLESS: false, REORDER_METHOD: SIFT, NEW_PATTERN: false, INCREMENTAL_JUSTICES: NO_INCREMENTAL, REDUCED_ALGORITHM: FALSE, PARALLEL: false, ORIGINAL: false, BUCHI_INTERSECTION: false, NEW_TRIGGER: false, PARTITIONED: SINGLE_FUNC, VERIFICATION: true, CREATE_GRAPH: false",2516,15,485,-1,136343,139359,"[0, 1, 2, 3, 4, 5, 6, 7, 8, 9, 10, 11, 12, 13, 14, 15, 16, 17, 18, 19, 20, 21, 22, 23, 24, 25, 26, 27, 28, 29, 30, 31, 32, 33, 34, 35, 36, 37, 38, 39, 40, 41, 42, 43, 44, 45, 46, 47, 48, 49, 50, 51, 52, 53, 54, 55, 56, 57, 58, 59, 60, 61, 62, 63, 64, 65, 66, 67, 68, 69]","[0, 1, 2, 3, 4, 5, 6, 7, 8, 9, 10, 11, 12, 13, 14, 15, 16, 17, 18, 19, 20, 21, 22, 23, 24, 25, 26, 27, 28, 29, 30, 31, 32, 33, 34, 35, 36, 37, 38, 39, 40, 41, 42, 43, 44, 45, 46, 47, 48, 49, 50, 51, 52, 53, 54, 55, 56, 57, 58, 59, 60, 61, 62, 63, 64, 65, 66, 67, 68, 69]","[40, 38, 5, 36, 2, 0, 3, 1, 4, 15, 12, 14, 17, 13, 16, 24, 27, 26, 29, 28, 25, 58, 59, 60, 11, 8, 9, 6, 7, 62, 61, 63, 69, 68, 67, 10, 20, 23, 18, 21, 22, 19, 37, 39, 30, 64, 31, 65, 41, 34, 32, 33, 35, 66, 57, 44, 56, 55, 54, 42, 45, 46, 43, 47, 49, 50, 48, 53, 52, 51]","[40, 38, 36, 14, 17, 13, 63, 15, 12, 16, 20, 23, 19, 22, 18, 21, 26, 29, 25, 28, 27, 32, 24, 35, 34, 31, 30, 33, 2, 5, 1, 62, 4, 7, 6, 0, 61, 60, 59, 58, 3, 10, 68, 9, 39, 41, 67, 8, 65, 64, 37, 69, 66, 46, 45, 11, 42, 43, 56, 57, 54, 55, 47, 44, 50, 48, 49, 51, 53, 52]",314,314,12758,39225,NOT_IMPLEMENTED,NOT_IMPLEMENTED,NOT_IMPLEMENTED,NOT_IMPLEMENTED,NOT_IMPLEMENTED,NOT_IMPLEMENTED,NOT_IMPLEMENTED,75821.0,16,4738.8125,-16108.375,3,86,1985,0,1,0,136297,0,,,,,,,,,,,,70,,,NOT_IMPLEMENTED,,false,30,"robotY,robotY',robotX,robotX'","isCBlocked,isCBlocked',targetAX,targetAX',isABlocked,isABlocked',MObstacleY,MObstacleY',targetCX,targetCX',isBBlocked,isBBlocked',$PATTERN:0.ENV_CONSTRAINT.0.S_responds_to_P_globally.state,$PATTERN:0.ENV_CONSTRAINT.0.S_responds_to_P_globally.state',targetCY,targetCY',targetAY,targetAY',targetBX,targetBX',$PATTERN:1.ENV_CONSTRAINT.1.S_responds_to_P_globally.state,$PATTERN:1.ENV_CONSTRAINT.1.S_responds_to_P_globally.state',MObstacleX,MObstacleX',targetBY,targetBY'",0,,,,,,4,8,1173009025143675027456,293069289442158575616,420753899520,35226142930708201472,40064022285087932416,6475960091376659464192,15041319067975680,18017767413109489664,CUDD,"Using BDD Package: CUDDFactory, Version: CUDD 3.0","import ""DwyerPatternsNew.spectra""",S_responds_to_P_globally,2,0,false,false,[],[],,null
1669965418,MEMORYLESS,1669965418.spectra,0,REALIZABILITY,SYS_REAL,"TEMP: false, SORT_AFTERWARDS: false, GROUP_OPTION: NO_GROUPING, INCREMENTAL_ADDITION: NO_INCREMENTAL, USE_RABIN: false, GROUP_AUX: NO_GROUPING, STATIC_ORDER: NO_STATIC_ORDERING, ROY_SIFT_MARKER: false, MAKE_LAST: false, MEMORYLESS: true, REORDER_METHOD: SIFT, NEW_PATTERN: false, INCREMENTAL_JUSTICES: NO_INCREMENTAL, REDUCED_ALGORITHM: FALSE, PARALLEL: false, ORIGINAL: false, BUCHI_INTERSECTION: false, NEW_TRIGGER: false, PARTITIONED: SINGLE_FUNC, VERIFICATION: true, CREATE_GRAPH: false",3093,0,500,-1,101033,104626,"[0, 1, 2, 3, 4, 5, 6, 7, 8, 9, 10, 11, 12, 13, 14, 15, 16, 17, 18, 19, 20, 21, 22, 23, 24, 25, 26, 27, 28, 29, 30, 31, 32, 33, 34, 35, 36, 37, 38, 39, 40, 41, 42, 43, 44, 45, 46, 47, 48, 49, 50, 51, 52, 53, 54, 55, 56, 57, 58, 59, 60, 61, 62, 63, 64, 65, 66, 67, 68, 69]","[0, 1, 2, 3, 4, 5, 6, 7, 8, 9, 10, 11, 12, 13, 14, 15, 16, 17, 18, 19, 20, 21, 22, 23, 24, 25, 26, 27, 28, 29, 30, 31, 32, 33, 34, 35, 36, 37, 38, 39, 40, 41, 42, 43, 44, 45, 46, 47, 48, 49, 50, 51, 52, 53, 54, 55, 56, 57, 58, 59, 60, 61, 62, 63, 64, 65, 66, 67, 68, 69]","[40, 38, 5, 36, 2, 0, 3, 1, 4, 15, 12, 14, 17, 13, 16, 24, 27, 26, 29, 28, 25, 58, 59, 60, 11, 8, 9, 6, 7, 62, 61, 63, 69, 68, 67, 10, 20, 23, 18, 21, 22, 19, 37, 39, 30, 64, 31, 65, 41, 34, 32, 33, 35, 66, 57, 44, 56, 55, 54, 42, 45, 46, 43, 47, 49, 50, 48, 53, 52, 51]","[40, 38, 36, 2, 5, 63, 4, 1, 0, 3, 14, 17, 15, 12, 62, 11, 8, 10, 7, 6, 9, 13, 16, 26, 29, 27, 18, 21, 19, 25, 24, 22, 28, 31, 30, 61, 60, 59, 58, 34, 33, 68, 67, 35, 66, 39, 37, 41, 69, 65, 64, 23, 20, 46, 32, 45, 42, 43, 56, 57, 54, 55, 47, 44, 50, 49, 48, 51, 52, 53]",314,314,12758,387465,NOT_IMPLEMENTED,NOT_IMPLEMENTED,NOT_IMPLEMENTED,NOT_IMPLEMENTED,NOT_IMPLEMENTED,NOT_IMPLEMENTED,NOT_IMPLEMENTED,40460.0,15,2697.333333333334,-9156.200000000003,3,86,1985,0,1,0,101016,0,,,,,,,,,,,,70,,,NOT_IMPLEMENTED,,false,30,"robotY,robotY',robotX,robotX'","isCBlocked,isCBlocked',targetAX,targetAX',isABlocked,isABlocked',MObstacleY,MObstacleY',targetCX,targetCX',isBBlocked,isBBlocked',$PATTERN:0.ENV_CONSTRAINT.0.S_responds_to_P_globally.state,$PATTERN:0.ENV_CONSTRAINT.0.S_responds_to_P_globally.state',targetCY,targetCY',targetAY,targetAY',targetBX,targetBX',$PATTERN:1.ENV_CONSTRAINT.1.S_responds_to_P_globally.state,$PATTERN:1.ENV_CONSTRAINT.1.S_responds_to_P_globally.state',MObstacleX,MObstacleX',targetBY,targetBY'",0,,,,,,4,8,1173009025143675027456,293069289442158575616,420753899520,35226142930708201472,40064022285087932416,6475960091376659464192,15041319067975680,18017767413109489664,CUDD,"Using BDD Package: CUDDFactory, Version: CUDD 3.0","import ""DwyerPatternsNew.spectra""",S_responds_to_P_globally,2,0,false,false,[],[],,null
1669965418,NOTHING,1669965418.spectra,0,REALIZABILITY,SYS_REAL,"TEMP: false, SORT_AFTERWARDS: false, GROUP_OPTION: NO_GROUPING, INCREMENTAL_ADDITION: NO_INCREMENTAL, USE_RABIN: false, GROUP_AUX: NO_GROUPING, STATIC_ORDER: NO_STATIC_ORDERING, ROY_SIFT_MARKER: false, MAKE_LAST: false, MEMORYLESS: false, REORDER_METHOD: SIFT, NEW_PATTERN: false, INCREMENTAL_JUSTICES: NO_INCREMENTAL, REDUCED_ALGORITHM: FALSE, PARALLEL: false, ORIGINAL: false, BUCHI_INTERSECTION: false, NEW_TRIGGER: false, PARTITIONED: SINGLE_FUNC, VERIFICATION: true, CREATE_GRAPH: false",3281,15,485,-1,137845,141626,"[0, 1, 2, 3, 4, 5, 6, 7, 8, 9, 10, 11, 12, 13, 14, 15, 16, 17, 18, 19, 20, 21, 22, 23, 24, 25, 26, 27, 28, 29, 30, 31, 32, 33, 34, 35, 36, 37, 38, 39, 40, 41, 42, 43, 44, 45, 46, 47, 48, 49, 50, 51, 52, 53, 54, 55, 56, 57, 58, 59, 60, 61, 62, 63, 64, 65, 66, 67, 68, 69]","[0, 1, 2, 3, 4, 5, 6, 7, 8, 9, 10, 11, 12, 13, 14, 15, 16, 17, 18, 19, 20, 21, 22, 23, 24, 25, 26, 27, 28, 29, 30, 31, 32, 33, 34, 35, 36, 37, 38, 39, 40, 41, 42, 43, 44, 45, 46, 47, 48, 49, 50, 51, 52, 53, 54, 55, 56, 57, 58, 59, 60, 61, 62, 63, 64, 65, 66, 67, 68, 69]","[40, 38, 5, 36, 2, 0, 3, 1, 4, 15, 12, 14, 17, 13, 16, 24, 27, 26, 29, 28, 25, 58, 59, 60, 11, 8, 9, 6, 7, 62, 61, 63, 69, 68, 67, 10, 20, 23, 18, 21, 22, 19, 37, 39, 30, 64, 31, 65, 41, 34, 32, 33, 35, 66, 57, 44, 56, 55, 54, 42, 45, 46, 43, 47, 49, 50, 48, 53, 52, 51]","[40, 38, 36, 14, 17, 13, 63, 15, 12, 16, 20, 23, 19, 22, 18, 21, 26, 29, 25, 28, 27, 32, 24, 35, 34, 31, 30, 33, 2, 5, 1, 62, 4, 7, 6, 0, 61, 60, 59, 58, 3, 10, 68, 9, 39, 41, 67, 8, 65, 64, 37, 69, 66, 46, 45, 11, 42, 43, 56, 57, 54, 55, 47, 44, 50, 48, 49, 51, 53, 52]",314,314,12758,39225,NOT_IMPLEMENTED,NOT_IMPLEMENTED,NOT_IMPLEMENTED,NOT_IMPLEMENTED,NOT_IMPLEMENTED,NOT_IMPLEMENTED,NOT_IMPLEMENTED,76634.0,16,4789.625,-16108.375,3,86,1985,0,1,0,137767,0,,,,,,,,,,,,70,,,NOT_IMPLEMENTED,,false,30,"robotX,robotX',robotY,robotY'","targetCY,targetCY',targetAY,targetAY',isABlocked,isABlocked',targetCX,targetCX',$PATTERN:0.ENV_CONSTRAINT.0.S_responds_to_P_globally.state,$PATTERN:0.ENV_CONSTRAINT.0.S_responds_to_P_globally.state',isBBlocked,isBBlocked',isCBlocked,isCBlocked',MObstacleX,MObstacleX',targetAX,targetAX',targetBY,targetBY',MObstacleY,MObstacleY',$PATTERN:1.ENV_CONSTRAINT.1.S_responds_to_P_globally.state,$PATTERN:1.ENV_CONSTRAINT.1.S_responds_to_P_globally.state',targetBX,targetBX'",0,,,,,,4,8,1173009025143675027456,293069289442158575616,420753899520,35226142930708201472,40064022285087932416,6475960091376659464192,15041319067975680,18017767413109489664,CUDD,"Using BDD Package: CUDDFactory, Version: CUDD 3.0","import ""DwyerPatternsNew.spectra""",S_responds_to_P_globally,2,0,false,false,[],[],,null
1669965418,MEMORYLESS,1669965418.spectra,0,REALIZABILITY,SYS_REAL,"TEMP: false, SORT_AFTERWARDS: false, GROUP_OPTION: NO_GROUPING, INCREMENTAL_ADDITION: NO_INCREMENTAL, USE_RABIN: false, GROUP_AUX: NO_GROUPING, STATIC_ORDER: NO_STATIC_ORDERING, ROY_SIFT_MARKER: false, MAKE_LAST: false, MEMORYLESS: true, REORDER_METHOD: SIFT, NEW_PATTERN: false, INCREMENTAL_JUSTICES: NO_INCREMENTAL, REDUCED_ALGORITHM: FALSE, PARALLEL: false, ORIGINAL: false, BUCHI_INTERSECTION: false, NEW_TRIGGER: false, PARTITIONED: SINGLE_FUNC, VERIFICATION: true, CREATE_GRAPH: false",2672,16,562,-1,105205,108455,"[0, 1, 2, 3, 4, 5, 6, 7, 8, 9, 10, 11, 12, 13, 14, 15, 16, 17, 18, 19, 20, 21, 22, 23, 24, 25, 26, 27, 28, 29, 30, 31, 32, 33, 34, 35, 36, 37, 38, 39, 40, 41, 42, 43, 44, 45, 46, 47, 48, 49, 50, 51, 52, 53, 54, 55, 56, 57, 58, 59, 60, 61, 62, 63, 64, 65, 66, 67, 68, 69]","[0, 1, 2, 3, 4, 5, 6, 7, 8, 9, 10, 11, 12, 13, 14, 15, 16, 17, 18, 19, 20, 21, 22, 23, 24, 25, 26, 27, 28, 29, 30, 31, 32, 33, 34, 35, 36, 37, 38, 39, 40, 41, 42, 43, 44, 45, 46, 47, 48, 49, 50, 51, 52, 53, 54, 55, 56, 57, 58, 59, 60, 61, 62, 63, 64, 65, 66, 67, 68, 69]","[40, 38, 5, 36, 2, 0, 3, 1, 4, 15, 12, 14, 17, 13, 16, 24, 27, 26, 29, 28, 25, 58, 59, 60, 11, 8, 9, 6, 7, 62, 61, 63, 69, 68, 67, 10, 20, 23, 18, 21, 22, 19, 37, 39, 30, 64, 31, 65, 41, 34, 32, 33, 35, 66, 57, 44, 56, 55, 54, 42, 45, 46, 43, 47, 49, 50, 48, 53, 52, 51]","[40, 38, 36, 2, 5, 63, 4, 1, 0, 3, 14, 17, 15, 12, 62, 11, 8, 10, 7, 6, 9, 13, 16, 26, 29, 27, 18, 21, 19, 25, 24, 22, 28, 31, 30, 61, 60, 59, 58, 34, 33, 68, 67, 35, 66, 39, 37, 41, 69, 65, 64, 23, 20, 46, 32, 45, 42, 43, 56, 57, 54, 55, 47, 44, 50, 49, 48, 51, 52, 53]",314,314,12758,385544,NOT_IMPLEMENTED,NOT_IMPLEMENTED,NOT_IMPLEMENTED,NOT_IMPLEMENTED,NOT_IMPLEMENTED,NOT_IMPLEMENTED,NOT_IMPLEMENTED,42894.0,15,2859.600000000001,-9156.200000000003,3,86,1985,0,1,0,105189,0,,,,,,,,,,,,70,,,NOT_IMPLEMENTED,,false,30,"robotX,robotX',robotY,robotY'","targetCY,targetCY',targetAY,targetAY',isABlocked,isABlocked',targetCX,targetCX',$PATTERN:0.ENV_CONSTRAINT.0.S_responds_to_P_globally.state,$PATTERN:0.ENV_CONSTRAINT.0.S_responds_to_P_globally.state',isBBlocked,isBBlocked',isCBlocked,isCBlocked',MObstacleX,MObstacleX',targetAX,targetAX',targetBY,targetBY',MObstacleY,MObstacleY',$PATTERN:1.ENV_CONSTRAINT.1.S_responds_to_P_globally.state,$PATTERN:1.ENV_CONSTRAINT.1.S_responds_to_P_globally.state',targetBX,targetBX'",0,,,,,,4,8,1173009025143675027456,293069289442158575616,420753899520,35226142930708201472,40064022285087932416,6475960091376659464192,15041319067975680,18017767413109489664,CUDD,"Using BDD Package: CUDDFactory, Version: CUDD 3.0","import ""DwyerPatternsNew.spectra""",S_responds_to_P_globally,2,0,false,false,[],[],,null
1669965418,NOTHING,1669965418.spectra,0,REALIZABILITY,SYS_REAL,"TEMP: false, SORT_AFTERWARDS: false, GROUP_OPTION: NO_GROUPING, INCREMENTAL_ADDITION: NO_INCREMENTAL, USE_RABIN: false, GROUP_AUX: NO_GROUPING, STATIC_ORDER: NO_STATIC_ORDERING, ROY_SIFT_MARKER: false, MAKE_LAST: false, MEMORYLESS: false, REORDER_METHOD: SIFT, NEW_PATTERN: false, INCREMENTAL_JUSTICES: NO_INCREMENTAL, REDUCED_ALGORITHM: FALSE, PARALLEL: false, ORIGINAL: false, BUCHI_INTERSECTION: false, NEW_TRIGGER: false, PARTITIONED: SINGLE_FUNC, VERIFICATION: true, CREATE_GRAPH: false",3328,15,485,-1,131767,135595,"[0, 1, 2, 3, 4, 5, 6, 7, 8, 9, 10, 11, 12, 13, 14, 15, 16, 17, 18, 19, 20, 21, 22, 23, 24, 25, 26, 27, 28, 29, 30, 31, 32, 33, 34, 35, 36, 37, 38, 39, 40, 41, 42, 43, 44, 45, 46, 47, 48, 49, 50, 51, 52, 53, 54, 55, 56, 57, 58, 59, 60, 61, 62, 63, 64, 65, 66, 67, 68, 69]","[0, 1, 2, 3, 4, 5, 6, 7, 8, 9, 10, 11, 12, 13, 14, 15, 16, 17, 18, 19, 20, 21, 22, 23, 24, 25, 26, 27, 28, 29, 30, 31, 32, 33, 34, 35, 36, 37, 38, 39, 40, 41, 42, 43, 44, 45, 46, 47, 48, 49, 50, 51, 52, 53, 54, 55, 56, 57, 58, 59, 60, 61, 62, 63, 64, 65, 66, 67, 68, 69]","[40, 38, 5, 36, 2, 0, 3, 1, 4, 15, 12, 14, 17, 13, 16, 24, 27, 26, 29, 28, 25, 58, 59, 60, 11, 8, 9, 6, 7, 62, 61, 63, 69, 68, 67, 10, 20, 23, 18, 21, 22, 19, 37, 39, 30, 64, 31, 65, 41, 34, 32, 33, 35, 66, 57, 44, 56, 55, 54, 42, 45, 46, 43, 47, 49, 50, 48, 53, 52, 51]","[40, 38, 36, 14, 17, 13, 63, 15, 12, 16, 20, 23, 19, 22, 18, 21, 26, 29, 25, 28, 27, 32, 24, 35, 34, 31, 30, 33, 2, 5, 1, 62, 4, 7, 6, 0, 61, 60, 59, 58, 3, 10, 68, 9, 39, 41, 67, 8, 65, 64, 37, 69, 66, 46, 45, 11, 42, 43, 56, 57, 54, 55, 47, 44, 50, 48, 49, 51, 53, 52]",314,314,12758,39225,NOT_IMPLEMENTED,NOT_IMPLEMENTED,NOT_IMPLEMENTED,NOT_IMPLEMENTED,NOT_IMPLEMENTED,NOT_IMPLEMENTED,NOT_IMPLEMENTED,72977.0,16,4561.0625,-16108.375,3,86,1985,0,1,0,131723,0,,,,,,,,,,,,70,,,NOT_IMPLEMENTED,,false,30,"robotY,robotY',robotX,robotX'","isCBlocked,isCBlocked',targetAX,targetAX',isABlocked,isABlocked',MObstacleY,MObstacleY',targetCX,targetCX',isBBlocked,isBBlocked',$PATTERN:0.ENV_CONSTRAINT.0.S_responds_to_P_globally.state,$PATTERN:0.ENV_CONSTRAINT.0.S_responds_to_P_globally.state',targetCY,targetCY',targetAY,targetAY',targetBX,targetBX',$PATTERN:1.ENV_CONSTRAINT.1.S_responds_to_P_globally.state,$PATTERN:1.ENV_CONSTRAINT.1.S_responds_to_P_globally.state',MObstacleX,MObstacleX',targetBY,targetBY'",0,,,,,,4,8,1173009025143675027456,293069289442158575616,420753899520,35226142930708201472,40064022285087932416,6475960091376659464192,15041319067975680,18017767413109489664,CUDD,"Using BDD Package: CUDDFactory, Version: CUDD 3.0","import ""DwyerPatternsNew.spectra""",S_responds_to_P_globally,2,0,false,false,[],[],,null
1669965418,MEMORYLESS,1669965418.spectra,0,REALIZABILITY,SYS_REAL,"TEMP: false, SORT_AFTERWARDS: false, GROUP_OPTION: NO_GROUPING, INCREMENTAL_ADDITION: NO_INCREMENTAL, USE_RABIN: false, GROUP_AUX: NO_GROUPING, STATIC_ORDER: NO_STATIC_ORDERING, ROY_SIFT_MARKER: false, MAKE_LAST: false, MEMORYLESS: true, REORDER_METHOD: SIFT, NEW_PATTERN: false, INCREMENTAL_JUSTICES: NO_INCREMENTAL, REDUCED_ALGORITHM: FALSE, PARALLEL: false, ORIGINAL: false, BUCHI_INTERSECTION: false, NEW_TRIGGER: false, PARTITIONED: SINGLE_FUNC, VERIFICATION: true, CREATE_GRAPH: false",2641,0,546,-1,103845,107032,"[0, 1, 2, 3, 4, 5, 6, 7, 8, 9, 10, 11, 12, 13, 14, 15, 16, 17, 18, 19, 20, 21, 22, 23, 24, 25, 26, 27, 28, 29, 30, 31, 32, 33, 34, 35, 36, 37, 38, 39, 40, 41, 42, 43, 44, 45, 46, 47, 48, 49, 50, 51, 52, 53, 54, 55, 56, 57, 58, 59, 60, 61, 62, 63, 64, 65, 66, 67, 68, 69]","[0, 1, 2, 3, 4, 5, 6, 7, 8, 9, 10, 11, 12, 13, 14, 15, 16, 17, 18, 19, 20, 21, 22, 23, 24, 25, 26, 27, 28, 29, 30, 31, 32, 33, 34, 35, 36, 37, 38, 39, 40, 41, 42, 43, 44, 45, 46, 47, 48, 49, 50, 51, 52, 53, 54, 55, 56, 57, 58, 59, 60, 61, 62, 63, 64, 65, 66, 67, 68, 69]","[40, 38, 5, 36, 2, 0, 3, 1, 4, 15, 12, 14, 17, 13, 16, 24, 27, 26, 29, 28, 25, 58, 59, 60, 11, 8, 9, 6, 7, 62, 61, 63, 69, 68, 67, 10, 20, 23, 18, 21, 22, 19, 37, 39, 30, 64, 31, 65, 41, 34, 32, 33, 35, 66, 57, 44, 56, 55, 54, 42, 45, 46, 43, 47, 49, 50, 48, 53, 52, 51]","[40, 38, 36, 2, 5, 63, 4, 1, 0, 3, 14, 17, 15, 12, 62, 11, 8, 10, 7, 6, 9, 13, 16, 26, 29, 27, 18, 21, 19, 25, 24, 22, 28, 31, 30, 61, 60, 59, 58, 34, 33, 68, 67, 35, 66, 39, 37, 41, 69, 65, 64, 23, 20, 46, 32, 45, 42, 43, 56, 57, 54, 55, 47, 44, 50, 49, 48, 51, 52, 53]",314,314,12758,385544,NOT_IMPLEMENTED,NOT_IMPLEMENTED,NOT_IMPLEMENTED,NOT_IMPLEMENTED,NOT_IMPLEMENTED,NOT_IMPLEMENTED,NOT_IMPLEMENTED,40953.0,15,2730.1999999999994,-9156.200000000003,3,86,1985,0,1,0,103829,0,,,,,,,,,,,,70,,,NOT_IMPLEMENTED,,false,30,"robotY,robotY',robotX,robotX'","isCBlocked,isCBlocked',targetAX,targetAX',isABlocked,isABlocked',MObstacleY,MObstacleY',targetCX,targetCX',isBBlocked,isBBlocked',$PATTERN:0.ENV_CONSTRAINT.0.S_responds_to_P_globally.state,$PATTERN:0.ENV_CONSTRAINT.0.S_responds_to_P_globally.state',targetCY,targetCY',targetAY,targetAY',targetBX,targetBX',$PATTERN:1.ENV_CONSTRAINT.1.S_responds_to_P_globally.state,$PATTERN:1.ENV_CONSTRAINT.1.S_responds_to_P_globally.state',MObstacleX,MObstacleX',targetBY,targetBY'",0,,,,,,4,8,1173009025143675027456,293069289442158575616,420753899520,35226142930708201472,40064022285087932416,6475960091376659464192,15041319067975680,18017767413109489664,CUDD,"Using BDD Package: CUDDFactory, Version: CUDD 3.0","import ""DwyerPatternsNew.spectra""",S_responds_to_P_globally,2,0,false,false,[],[],,null
1669902814,NOTHING,1669902814.spectra,0,REALIZABILITY,SYS_REAL,"TEMP: false, SORT_AFTERWARDS: false, GROUP_OPTION: NO_GROUPING, INCREMENTAL_ADDITION: NO_INCREMENTAL, USE_RABIN: false, GROUP_AUX: NO_GROUPING, STATIC_ORDER: NO_STATIC_ORDERING, ROY_SIFT_MARKER: false, MAKE_LAST: false, MEMORYLESS: false, REORDER_METHOD: SIFT, NEW_PATTERN: false, INCREMENTAL_JUSTICES: NO_INCREMENTAL, REDUCED_ALGORITHM: FALSE, PARALLEL: false, ORIGINAL: false, BUCHI_INTERSECTION: false, NEW_TRIGGER: false, PARTITIONED: SINGLE_FUNC, VERIFICATION: true, CREATE_GRAPH: false",3109,0,375,-1,86377,89861,"[0, 1, 2, 3, 4, 5, 6, 7, 8, 9, 10, 11, 12, 13, 14, 15, 16, 17, 18, 19, 20, 21, 22, 23, 24, 25, 26, 27, 28, 29, 30, 31, 32, 33, 34, 35, 36, 37, 38, 39, 40, 41, 42, 43, 44, 45, 46, 47, 48, 49, 50, 51, 52, 53, 54, 55, 56, 57, 58, 59, 60, 61, 62, 63, 64, 65, 66, 67, 68, 69]","[0, 1, 2, 3, 4, 5, 6, 7, 8, 9, 10, 11, 12, 13, 14, 15, 16, 17, 18, 19, 20, 21, 22, 23, 24, 25, 26, 27, 28, 29, 30, 31, 32, 33, 34, 35, 36, 37, 38, 39, 40, 41, 42, 43, 44, 45, 46, 47, 48, 49, 50, 51, 52, 53, 54, 55, 56, 57, 58, 59, 60, 61, 62, 63, 64, 65, 66, 67, 68, 69]","[5, 2, 0, 3, 1, 4, 8, 11, 6, 9, 62, 61, 12, 15, 14, 17, 13, 16, 29, 26, 24, 27, 63, 60, 58, 59, 25, 28, 7, 10, 20, 23, 21, 18, 22, 19, 37, 69, 67, 68, 39, 30, 64, 31, 65, 41, 34, 32, 33, 35, 66, 57, 44, 56, 55, 54, 42, 45, 46, 43, 47, 36, 40, 38, 48, 49, 50, 53, 51, 52]","[40, 38, 36, 12, 14, 15, 17, 13, 63, 16, 26, 29, 24, 27, 20, 23, 19, 22, 21, 18, 28, 25, 32, 35, 31, 34, 33, 30, 2, 5, 1, 62, 4, 61, 60, 59, 3, 0, 10, 7, 9, 68, 67, 6, 66, 58, 39, 37, 41, 8, 11, 69, 65, 64, 46, 45, 43, 42, 56, 57, 54, 55, 47, 44, 50, 49, 48, 51, 52, 53]",314,314,12474,32441,NOT_IMPLEMENTED,NOT_IMPLEMENTED,NOT_IMPLEMENTED,NOT_IMPLEMENTED,NOT_IMPLEMENTED,NOT_IMPLEMENTED,NOT_IMPLEMENTED,36676.0,15,2445.0666666666675,-11454.599999999999,3,86,1424,0,1,0,86314,0,,,,,,,,,,,,70,,,NOT_IMPLEMENTED,,false,30,"robotX,robotX',robotY,robotY'","isBBlocked,isBBlocked',targetBY,targetBY',MObstacleX,MObstacleX',isABlocked,isABlocked',targetAX,targetAX',MObstacleY,MObstacleY',targetCX,targetCX',$PATTERN:0.ENV_CONSTRAINT.0.S_responds_to_P_globally.state,$PATTERN:0.ENV_CONSTRAINT.0.S_responds_to_P_globally.state',targetAY,targetAY',targetBX,targetBX',targetCY,targetCY',$PATTERN:1.ENV_CONSTRAINT.1.S_responds_to_P_globally.state,$PATTERN:1.ENV_CONSTRAINT.1.S_responds_to_P_globally.state',isCBlocked,isCBlocked'",0,,,,,,4,5,1172969379503156494336,293029643801640042496,420753899520,36026737088224296960,40064022285087932416,2951479051793528258560,15041319067975680,17736239797279653888,CUDD,"Using BDD Package: CUDDFactory, Version: CUDD 3.0","import ""DwyerPatternsNew.spectra""",S_responds_to_P_globally,2,0,false,false,[],[],,null
