Spec,RunConfig,UniqueIdentifier,TIMEOUT,ActionType,Result,CONFIG_TXT,INITIAL_BDD_TIME,HEURISTICS_TIME,SECOND_STEP_TIME,PARALLEL_OVERHEAD_TIME,WORK_TIME,TOTAL_TIME,PRE_ROYBDD_ORDER,POST_HEURISTICS_ORDER,POST_SECOND_STEP_ORDER,POST_WORK_ORDER,PRE_ROYBDD_NODE_SIZE,POST_HEURISTICS_NODE_SIZE,POST_SECOND_STEP_NODE_SIZE,POST_WORK_NODE_SIZE,AVERAGE_AUX_SIZE,AVERAGE_SYS_DOM_IN_CONSTRAINT,AVERAGE_ENV_DOM_IN_CONSTRAINT,AVERAGE_SYS_DOM_SIZE,AVERAGE_ENV_DOM_SIZE,AVERAGE_CONSTRAINT_COMPLEXITY,INTERCONNECTNESS_INDEX,TOTAL_REORDER_TIME,REORDER_CALL_AMOUNT,AVERAGE_REORDER_TIME,AVERAGE_REORDER_GAIN,Z_FIXPOINTS,Y_FIXPOINTS,X_FIXPOINTS,W_FIXPOINTS,REAL_CASES,UNREAL_CASES,REAL_TIME,UNREAL_TIME,GRAPH_DATA,CLUSTER_INC_DATA,CLUSTER_VAR_DATA,DOMAIN_GRAPH_DATA,CONSTRAINT_GRAPH_DATA,JUST_STRING_COUNT,JUST_STRING_ENV_COUNT,TRANS_STRING_SYS_COUNT,TRANS_STRING_ENV_COUNT,INI_STRING_ENV_COUNT,INI_STRING_SYS_COUNT,TOTAL_VARS,SYS_VARS,ENV_VARS,AUX_VARS,UNUSED_CONS_VARS,ARRAYS_INSTANCES,TOTAL_DOMS,SYS_DOMS,ENV_DOMS,AUX_DOMS,DOMS_NOT_QUANTIFIED,INI_SYS_CONSTRAINTS,INI_ENV_CONSTRAINTS,TRANS_ENV_CONSTRAINTS,TRANS_SYS_CONSTRAINTS,JUSTICE_SYS_AMOUNT,JUSTICE_ENV_AMOUNT,Z_SAT_COUNT,Z_SAT_COUNT_START_S0,TRANS_ENV_SAT,TRANS_SYS_SAT,JUSTS_SYS_SAT,JUSTS_ENV_SAT,INI_ENV_SAT,INI_SYS_SAT,FACTORY_TYPE,BDDPACKAGE,IMPORT,UNIQUE_PATTERNS,PATTERN_INSTANCES,TRIGGER_INSTANCES,MONITORS_INSTANCES,COUNTERS_INSTANCES,REDUCED_PATTERN,REDUCED_TRIGGER,SWAPPED_TO_ORIGINAL,ADDITIONAL
1670682273,NOTHING,1670682273.spectra,0,REALIZABILITY,SYS_REAL,"TEMP: false, SORT_AFTERWARDS: false, GROUP_OPTION: NO_GROUPING, INCREMENTAL_ADDITION: NO_INCREMENTAL, USE_RABIN: false, GROUP_AUX: NO_GROUPING, STATIC_ORDER: NO_STATIC_ORDERING, ROY_SIFT_MARKER: false, MAKE_LAST: false, MEMORYLESS: false, REORDER_METHOD: SIFT, NEW_PATTERN: false, INCREMENTAL_JUSTICES: NO_INCREMENTAL, REDUCED_ALGORITHM: FALSE, PARALLEL: false, ORIGINAL: false, BUCHI_INTERSECTION: false, NEW_TRIGGER: false, PARTITIONED: SINGLE_FUNC, VERIFICATION: true, CREATE_GRAPH: false",2538,15,189,-1,143521,146263,"[0, 1, 2, 3, 4, 5, 6, 7, 8, 9, 10, 11, 12, 13, 14, 15, 16, 17, 18, 19, 20, 21, 22, 23, 24, 25, 26, 27, 28, 29, 30, 31, 32, 33, 34, 35, 36, 37, 38, 39, 40, 41, 42, 43, 44, 45, 46, 47, 48, 49, 50, 51, 52, 53, 54, 55, 56, 57, 58, 59, 60, 61]","[0, 1, 2, 3, 4, 5, 6, 7, 8, 9, 10, 11, 12, 13, 14, 15, 16, 17, 18, 19, 20, 21, 22, 23, 24, 25, 26, 27, 28, 29, 30, 31, 32, 33, 34, 35, 36, 37, 38, 39, 40, 41, 42, 43, 44, 45, 46, 47, 48, 49, 50, 51, 52, 53, 54, 55, 56, 57, 58, 59, 60, 61]","[57, 55, 54, 56, 61, 60, 58, 59, 33, 3, 5, 35, 34, 4, 2, 32, 1, 31, 30, 0, 44, 43, 46, 42, 45, 12, 13, 14, 16, 47, 15, 17, 36, 6, 9, 8, 7, 37, 10, 11, 38, 48, 18, 21, 20, 23, 22, 19, 49, 24, 25, 26, 50, 28, 29, 27, 39, 41, 40, 51, 52, 53]","[59, 61, 58, 60, 2, 1, 0, 32, 31, 5, 4, 35, 34, 3, 33, 57, 55, 54, 56, 44, 43, 30, 47, 46, 45, 14, 13, 12, 8, 11, 9, 6, 10, 7, 38, 36, 37, 50, 42, 48, 49, 19, 18, 20, 39, 22, 23, 17, 16, 15, 21, 26, 25, 24, 51, 40, 41, 52, 53, 27, 28, 29]",288,288,14936,35966,NOT_IMPLEMENTED,NOT_IMPLEMENTED,NOT_IMPLEMENTED,NOT_IMPLEMENTED,NOT_IMPLEMENTED,NOT_IMPLEMENTED,NOT_IMPLEMENTED,12875.0,14,919.6428571428572,-9166.285714285717,2,32,266,0,1,0,143473,0,,,,,,,,,,,,62,,,NOT_IMPLEMENTED,,false,22,"robotX0,robotX0',robotY1,robotY1',robotX1,robotX1',$COUNTER:0.count1,$COUNTER:0.count1',$COUNTER:1.count0,$COUNTER:1.count0',robotY0,robotY0'","lambY1,lambY1',lambX1,lambX1',lambX0,lambX0',lambY0,lambY0',elevatorY,elevatorY'",4,,,,,,2,2,4237371578402209792,4237371578402209792,72236400640000,147593694269184,56294995342131200,1152921504606846976,527765581332480000,2533274790395904,CUDD,"Using BDD Package: CUDDFactory, Version: CUDD 3.0","import ""DwyerPatternsNew.spectra""",,0,0,false,true,[],[],,null
1670682273,MEMORYLESS,1670682273.spectra,0,REALIZABILITY,SYS_REAL,"TEMP: false, SORT_AFTERWARDS: false, GROUP_OPTION: NO_GROUPING, INCREMENTAL_ADDITION: NO_INCREMENTAL, USE_RABIN: false, GROUP_AUX: NO_GROUPING, STATIC_ORDER: NO_STATIC_ORDERING, ROY_SIFT_MARKER: false, MAKE_LAST: false, MEMORYLESS: true, REORDER_METHOD: SIFT, NEW_PATTERN: false, INCREMENTAL_JUSTICES: NO_INCREMENTAL, REDUCED_ALGORITHM: FALSE, PARALLEL: false, ORIGINAL: false, BUCHI_INTERSECTION: false, NEW_TRIGGER: false, PARTITIONED: SINGLE_FUNC, VERIFICATION: true, CREATE_GRAPH: false",2638,16,204,-1,228402,231260,"[0, 1, 2, 3, 4, 5, 6, 7, 8, 9, 10, 11, 12, 13, 14, 15, 16, 17, 18, 19, 20, 21, 22, 23, 24, 25, 26, 27, 28, 29, 30, 31, 32, 33, 34, 35, 36, 37, 38, 39, 40, 41, 42, 43, 44, 45, 46, 47, 48, 49, 50, 51, 52, 53, 54, 55, 56, 57, 58, 59, 60, 61]","[0, 1, 2, 3, 4, 5, 6, 7, 8, 9, 10, 11, 12, 13, 14, 15, 16, 17, 18, 19, 20, 21, 22, 23, 24, 25, 26, 27, 28, 29, 30, 31, 32, 33, 34, 35, 36, 37, 38, 39, 40, 41, 42, 43, 44, 45, 46, 47, 48, 49, 50, 51, 52, 53, 54, 55, 56, 57, 58, 59, 60, 61]","[57, 55, 54, 56, 61, 60, 58, 59, 33, 3, 5, 35, 34, 4, 2, 32, 1, 31, 30, 0, 44, 43, 46, 45, 42, 12, 13, 14, 15, 47, 16, 17, 36, 6, 9, 8, 38, 7, 11, 10, 37, 48, 18, 21, 20, 23, 22, 19, 49, 24, 25, 26, 50, 28, 29, 27, 39, 41, 40, 51, 52, 53]","[59, 61, 58, 60, 2, 1, 0, 32, 31, 5, 4, 35, 3, 30, 34, 33, 57, 54, 56, 47, 44, 43, 46, 45, 16, 14, 13, 12, 8, 11, 10, 7, 9, 6, 38, 36, 37, 17, 23, 15, 50, 48, 55, 21, 49, 42, 19, 18, 20, 22, 24, 25, 26, 39, 40, 41, 51, 52, 53, 27, 29, 28]",288,288,14851,151238,NOT_IMPLEMENTED,NOT_IMPLEMENTED,NOT_IMPLEMENTED,NOT_IMPLEMENTED,NOT_IMPLEMENTED,NOT_IMPLEMENTED,NOT_IMPLEMENTED,13241.0,14,945.7857142857142,-8516.285714285717,2,32,266,0,1,0,228386,0,,,,,,,,,,,,62,,,NOT_IMPLEMENTED,,false,22,"robotX0,robotX0',robotY1,robotY1',robotX1,robotX1',$COUNTER:0.count1,$COUNTER:0.count1',$COUNTER:1.count0,$COUNTER:1.count0',robotY0,robotY0'","lambY1,lambY1',lambX1,lambX1',lambX0,lambX0',lambY0,lambY0',elevatorY,elevatorY'",4,,,,,,2,2,4237371578402209792,4237371578402209792,72236400640000,147593694269184,56294995342131200,1152921504606846976,527765581332480000,2533274790395904,CUDD,"Using BDD Package: CUDDFactory, Version: CUDD 3.0","import ""DwyerPatternsNew.spectra""",,0,0,false,true,[],[],,null
1670682273,NOTHING,1670682273.spectra,0,REALIZABILITY,SYS_REAL,"TEMP: false, SORT_AFTERWARDS: false, GROUP_OPTION: NO_GROUPING, INCREMENTAL_ADDITION: NO_INCREMENTAL, USE_RABIN: false, GROUP_AUX: NO_GROUPING, STATIC_ORDER: NO_STATIC_ORDERING, ROY_SIFT_MARKER: false, MAKE_LAST: false, MEMORYLESS: false, REORDER_METHOD: SIFT, NEW_PATTERN: false, INCREMENTAL_JUSTICES: NO_INCREMENTAL, REDUCED_ALGORITHM: FALSE, PARALLEL: false, ORIGINAL: false, BUCHI_INTERSECTION: false, NEW_TRIGGER: false, PARTITIONED: SINGLE_FUNC, VERIFICATION: true, CREATE_GRAPH: false",2836,16,216,-1,130562,133630,"[0, 1, 2, 3, 4, 5, 6, 7, 8, 9, 10, 11, 12, 13, 14, 15, 16, 17, 18, 19, 20, 21, 22, 23, 24, 25, 26, 27, 28, 29, 30, 31, 32, 33, 34, 35, 36, 37, 38, 39, 40, 41, 42, 43, 44, 45, 46, 47, 48, 49, 50, 51, 52, 53, 54, 55, 56, 57, 58, 59, 60, 61]","[0, 1, 2, 3, 4, 5, 6, 7, 8, 9, 10, 11, 12, 13, 14, 15, 16, 17, 18, 19, 20, 21, 22, 23, 24, 25, 26, 27, 28, 29, 30, 31, 32, 33, 34, 35, 36, 37, 38, 39, 40, 41, 42, 43, 44, 45, 46, 47, 48, 49, 50, 51, 52, 53, 54, 55, 56, 57, 58, 59, 60, 61]","[57, 55, 54, 56, 61, 60, 58, 59, 33, 3, 5, 35, 34, 4, 2, 32, 1, 31, 30, 0, 44, 43, 46, 42, 45, 12, 13, 14, 16, 47, 15, 17, 36, 6, 9, 8, 7, 37, 10, 11, 38, 48, 18, 21, 20, 23, 22, 19, 49, 24, 25, 26, 50, 28, 29, 27, 39, 41, 40, 51, 52, 53]","[59, 61, 58, 60, 2, 1, 0, 32, 31, 5, 4, 35, 34, 3, 33, 57, 55, 54, 56, 44, 43, 30, 47, 46, 45, 14, 13, 12, 8, 11, 9, 6, 10, 7, 38, 36, 37, 50, 42, 48, 49, 19, 18, 20, 39, 22, 23, 17, 16, 15, 21, 26, 25, 24, 51, 40, 41, 52, 53, 27, 28, 29]",288,288,14935,35966,NOT_IMPLEMENTED,NOT_IMPLEMENTED,NOT_IMPLEMENTED,NOT_IMPLEMENTED,NOT_IMPLEMENTED,NOT_IMPLEMENTED,NOT_IMPLEMENTED,12516.0,14,894.0,-9166.857142857141,2,32,266,0,1,0,130547,0,,,,,,,,,,,,62,,,NOT_IMPLEMENTED,,false,22,"robotX0,robotX0',robotY1,robotY1',robotX1,robotX1',$COUNTER:0.count1,$COUNTER:0.count1',$COUNTER:1.count0,$COUNTER:1.count0',robotY0,robotY0'","lambY1,lambY1',lambX1,lambX1',lambX0,lambX0',lambY0,lambY0',elevatorY,elevatorY'",4,,,,,,2,2,4237371578402209792,4237371578402209792,72236400640000,147593694269184,56294995342131200,1152921504606846976,527765581332480000,2533274790395904,CUDD,"Using BDD Package: CUDDFactory, Version: CUDD 3.0","import ""DwyerPatternsNew.spectra""",,0,0,false,true,[],[],,null
1670682273,MEMORYLESS,1670682273.spectra,0,REALIZABILITY,SYS_REAL,"TEMP: false, SORT_AFTERWARDS: false, GROUP_OPTION: NO_GROUPING, INCREMENTAL_ADDITION: NO_INCREMENTAL, USE_RABIN: false, GROUP_AUX: NO_GROUPING, STATIC_ORDER: NO_STATIC_ORDERING, ROY_SIFT_MARKER: false, MAKE_LAST: false, MEMORYLESS: true, REORDER_METHOD: SIFT, NEW_PATTERN: false, INCREMENTAL_JUSTICES: NO_INCREMENTAL, REDUCED_ALGORITHM: FALSE, PARALLEL: false, ORIGINAL: false, BUCHI_INTERSECTION: false, NEW_TRIGGER: false, PARTITIONED: SINGLE_FUNC, VERIFICATION: true, CREATE_GRAPH: false",2540,7,297,-1,89149,91993,"[0, 1, 2, 3, 4, 5, 6, 7, 8, 9, 10, 11, 12, 13, 14, 15, 16, 17, 18, 19, 20, 21, 22, 23, 24, 25, 26, 27, 28, 29, 30, 31, 32, 33, 34, 35, 36, 37, 38, 39, 40, 41, 42, 43, 44, 45, 46, 47, 48, 49, 50, 51, 52, 53, 54, 55, 56, 57, 58, 59, 60, 61]","[0, 1, 2, 3, 4, 5, 6, 7, 8, 9, 10, 11, 12, 13, 14, 15, 16, 17, 18, 19, 20, 21, 22, 23, 24, 25, 26, 27, 28, 29, 30, 31, 32, 33, 34, 35, 36, 37, 38, 39, 40, 41, 42, 43, 44, 45, 46, 47, 48, 49, 50, 51, 52, 53, 54, 55, 56, 57, 58, 59, 60, 61]","[57, 55, 54, 56, 61, 60, 58, 59, 33, 3, 5, 35, 34, 4, 2, 32, 1, 31, 0, 30, 44, 43, 46, 45, 42, 12, 13, 14, 16, 47, 15, 17, 36, 6, 9, 8, 38, 7, 11, 10, 37, 48, 18, 21, 20, 23, 22, 19, 49, 24, 25, 26, 50, 28, 29, 27, 39, 41, 40, 51, 52, 53]","[59, 61, 58, 60, 34, 35, 5, 4, 3, 2, 1, 0, 32, 31, 33, 44, 43, 30, 46, 47, 45, 17, 16, 14, 13, 15, 12, 11, 8, 10, 7, 9, 6, 38, 36, 37, 50, 48, 42, 49, 19, 22, 18, 20, 54, 56, 55, 57, 21, 23, 24, 25, 26, 51, 52, 39, 27, 40, 41, 53, 29, 28]",288,288,14869,120984,NOT_IMPLEMENTED,NOT_IMPLEMENTED,NOT_IMPLEMENTED,NOT_IMPLEMENTED,NOT_IMPLEMENTED,NOT_IMPLEMENTED,NOT_IMPLEMENTED,10674.0,14,762.4285714285713,-8535.857142857141,2,32,266,0,1,0,89149,0,,,,,,,,,,,,62,,,NOT_IMPLEMENTED,,false,22,"robotX0,robotX0',robotY0,robotY0',$COUNTER:1.count0,$COUNTER:1.count0',robotX1,robotX1',$COUNTER:0.count1,$COUNTER:0.count1',robotY1,robotY1'","lambY0,lambY0',elevatorY,elevatorY',lambY1,lambY1',lambX0,lambX0',lambX1,lambX1'",4,,,,,,2,2,4237371578402209792,4237371578402209792,72236400640000,147593694269184,56294995342131200,1152921504606846976,527765581332480000,2533274790395904,CUDD,"Using BDD Package: CUDDFactory, Version: CUDD 3.0","import ""DwyerPatternsNew.spectra""",,0,0,false,true,[],[],,null
1670682273,NOTHING,1670682273.spectra,0,REALIZABILITY,SYS_REAL,"TEMP: false, SORT_AFTERWARDS: false, GROUP_OPTION: NO_GROUPING, INCREMENTAL_ADDITION: NO_INCREMENTAL, USE_RABIN: false, GROUP_AUX: NO_GROUPING, STATIC_ORDER: NO_STATIC_ORDERING, ROY_SIFT_MARKER: false, MAKE_LAST: false, MEMORYLESS: false, REORDER_METHOD: SIFT, NEW_PATTERN: false, INCREMENTAL_JUSTICES: NO_INCREMENTAL, REDUCED_ALGORITHM: FALSE, PARALLEL: false, ORIGINAL: false, BUCHI_INTERSECTION: false, NEW_TRIGGER: false, PARTITIONED: SINGLE_FUNC, VERIFICATION: true, CREATE_GRAPH: false",2414,16,222,-1,131446,134098,"[0, 1, 2, 3, 4, 5, 6, 7, 8, 9, 10, 11, 12, 13, 14, 15, 16, 17, 18, 19, 20, 21, 22, 23, 24, 25, 26, 27, 28, 29, 30, 31, 32, 33, 34, 35, 36, 37, 38, 39, 40, 41, 42, 43, 44, 45, 46, 47, 48, 49, 50, 51, 52, 53, 54, 55, 56, 57, 58, 59, 60, 61]","[0, 1, 2, 3, 4, 5, 6, 7, 8, 9, 10, 11, 12, 13, 14, 15, 16, 17, 18, 19, 20, 21, 22, 23, 24, 25, 26, 27, 28, 29, 30, 31, 32, 33, 34, 35, 36, 37, 38, 39, 40, 41, 42, 43, 44, 45, 46, 47, 48, 49, 50, 51, 52, 53, 54, 55, 56, 57, 58, 59, 60, 61]","[57, 55, 54, 56, 61, 60, 58, 59, 33, 3, 5, 35, 34, 4, 2, 32, 1, 31, 30, 0, 44, 43, 46, 42, 45, 12, 13, 14, 16, 47, 15, 17, 36, 6, 9, 8, 7, 37, 10, 11, 38, 48, 18, 21, 20, 23, 22, 19, 49, 24, 25, 26, 50, 28, 29, 27, 39, 41, 40, 51, 52, 53]","[59, 61, 58, 60, 2, 1, 0, 32, 31, 5, 4, 35, 34, 3, 33, 57, 55, 54, 56, 44, 43, 30, 47, 46, 45, 14, 13, 12, 8, 11, 9, 6, 10, 7, 38, 36, 37, 50, 42, 48, 49, 19, 18, 20, 39, 22, 23, 17, 16, 15, 21, 26, 25, 24, 51, 40, 41, 52, 53, 27, 28, 29]",288,288,14936,35966,NOT_IMPLEMENTED,NOT_IMPLEMENTED,NOT_IMPLEMENTED,NOT_IMPLEMENTED,NOT_IMPLEMENTED,NOT_IMPLEMENTED,NOT_IMPLEMENTED,12405.0,14,886.0714285714287,-9166.285714285717,2,32,266,0,1,0,131406,0,,,,,,,,,,,,62,,,NOT_IMPLEMENTED,,false,22,"robotX0,robotX0',robotY1,robotY1',robotX1,robotX1',$COUNTER:0.count1,$COUNTER:0.count1',$COUNTER:1.count0,$COUNTER:1.count0',robotY0,robotY0'","lambY1,lambY1',lambX1,lambX1',lambX0,lambX0',lambY0,lambY0',elevatorY,elevatorY'",4,,,,,,2,2,4237371578402209792,4237371578402209792,72236400640000,147593694269184,56294995342131200,1152921504606846976,527765581332480000,2533274790395904,CUDD,"Using BDD Package: CUDDFactory, Version: CUDD 3.0","import ""DwyerPatternsNew.spectra""",,0,0,false,true,[],[],,null
1670682273,MEMORYLESS,1670682273.spectra,0,REALIZABILITY,SYS_REAL,"TEMP: false, SORT_AFTERWARDS: false, GROUP_OPTION: NO_GROUPING, INCREMENTAL_ADDITION: NO_INCREMENTAL, USE_RABIN: false, GROUP_AUX: NO_GROUPING, STATIC_ORDER: NO_STATIC_ORDERING, ROY_SIFT_MARKER: false, MAKE_LAST: false, MEMORYLESS: true, REORDER_METHOD: SIFT, NEW_PATTERN: false, INCREMENTAL_JUSTICES: NO_INCREMENTAL, REDUCED_ALGORITHM: FALSE, PARALLEL: false, ORIGINAL: false, BUCHI_INTERSECTION: false, NEW_TRIGGER: false, PARTITIONED: SINGLE_FUNC, VERIFICATION: true, CREATE_GRAPH: false",2496,16,191,-1,213306,216009,"[0, 1, 2, 3, 4, 5, 6, 7, 8, 9, 10, 11, 12, 13, 14, 15, 16, 17, 18, 19, 20, 21, 22, 23, 24, 25, 26, 27, 28, 29, 30, 31, 32, 33, 34, 35, 36, 37, 38, 39, 40, 41, 42, 43, 44, 45, 46, 47, 48, 49, 50, 51, 52, 53, 54, 55, 56, 57, 58, 59, 60, 61]","[0, 1, 2, 3, 4, 5, 6, 7, 8, 9, 10, 11, 12, 13, 14, 15, 16, 17, 18, 19, 20, 21, 22, 23, 24, 25, 26, 27, 28, 29, 30, 31, 32, 33, 34, 35, 36, 37, 38, 39, 40, 41, 42, 43, 44, 45, 46, 47, 48, 49, 50, 51, 52, 53, 54, 55, 56, 57, 58, 59, 60, 61]","[57, 55, 54, 56, 61, 60, 58, 59, 33, 3, 5, 35, 34, 4, 2, 32, 1, 31, 30, 0, 44, 43, 46, 42, 45, 12, 13, 14, 16, 47, 15, 17, 36, 6, 9, 8, 7, 37, 10, 11, 38, 48, 18, 21, 20, 23, 22, 19, 49, 24, 25, 26, 50, 28, 29, 27, 39, 41, 40, 51, 52, 53]","[59, 61, 58, 60, 2, 1, 0, 32, 31, 5, 4, 35, 3, 30, 34, 33, 57, 54, 56, 47, 44, 43, 46, 45, 16, 14, 13, 12, 8, 11, 10, 7, 9, 6, 38, 36, 37, 17, 23, 15, 50, 48, 55, 21, 49, 42, 19, 18, 20, 22, 24, 25, 26, 39, 40, 41, 51, 52, 53, 27, 29, 28]",288,288,14935,151235,NOT_IMPLEMENTED,NOT_IMPLEMENTED,NOT_IMPLEMENTED,NOT_IMPLEMENTED,NOT_IMPLEMENTED,NOT_IMPLEMENTED,NOT_IMPLEMENTED,11562.0,14,825.8571428571427,-8539.214285714283,2,32,266,0,1,0,213306,0,,,,,,,,,,,,62,,,NOT_IMPLEMENTED,,false,22,"robotX0,robotX0',robotY0,robotY0',$COUNTER:1.count0,$COUNTER:1.count0',robotX1,robotX1',$COUNTER:0.count1,$COUNTER:0.count1',robotY1,robotY1'","lambY0,lambY0',elevatorY,elevatorY',lambY1,lambY1',lambX0,lambX0',lambX1,lambX1'",4,,,,,,2,2,4237371578402209792,4237371578402209792,72236400640000,147593694269184,56294995342131200,1152921504606846976,527765581332480000,2533274790395904,CUDD,"Using BDD Package: CUDDFactory, Version: CUDD 3.0","import ""DwyerPatternsNew.spectra""",,0,0,false,true,[],[],,null
1671484978,NOTHING,1671484978.spectra,0,REALIZABILITY,SYS_REAL,"TEMP: false, SORT_AFTERWARDS: false, GROUP_OPTION: NO_GROUPING, INCREMENTAL_ADDITION: NO_INCREMENTAL, USE_RABIN: false, GROUP_AUX: NO_GROUPING, STATIC_ORDER: NO_STATIC_ORDERING, ROY_SIFT_MARKER: false, MAKE_LAST: false, MEMORYLESS: false, REORDER_METHOD: SIFT, NEW_PATTERN: false, INCREMENTAL_JUSTICES: NO_INCREMENTAL, REDUCED_ALGORITHM: FALSE, PARALLEL: false, ORIGINAL: false, BUCHI_INTERSECTION: false, NEW_TRIGGER: false, PARTITIONED: SINGLE_FUNC, VERIFICATION: true, CREATE_GRAPH: false",2891,15,156,-1,111501,114563,"[0, 1, 2, 3, 4, 5, 6, 7, 8, 9, 10, 11, 12, 13, 14, 15, 16, 17, 18, 19, 20, 21, 22, 23, 24, 25, 26, 27, 28, 29, 30, 31, 32, 33, 34, 35, 36, 37, 38, 39, 40, 41, 42, 43, 44, 45, 46, 47, 48, 49, 50, 51, 52, 53, 54, 55, 56, 57, 58, 59, 60, 61]","[0, 1, 2, 3, 4, 5, 6, 7, 8, 9, 10, 11, 12, 13, 14, 15, 16, 17, 18, 19, 20, 21, 22, 23, 24, 25, 26, 27, 28, 29, 30, 31, 32, 33, 34, 35, 36, 37, 38, 39, 40, 41, 42, 43, 44, 45, 46, 47, 48, 49, 50, 51, 52, 53, 54, 55, 56, 57, 58, 59, 60, 61]","[57, 55, 56, 54, 60, 58, 61, 59, 34, 35, 32, 31, 7, 8, 11, 10, 9, 30, 6, 47, 46, 33, 42, 12, 15, 17, 16, 43, 45, 13, 14, 44, 48, 24, 51, 0, 3, 5, 4, 39, 36, 18, 1, 2, 21, 23, 20, 22, 19, 41, 53, 52, 40, 38, 37, 27, 29, 26, 28, 25, 49, 50]","[55, 57, 56, 54, 59, 61, 60, 58, 34, 35, 32, 31, 8, 7, 6, 30, 33, 38, 20, 19, 37, 18, 36, 11, 10, 9, 23, 50, 44, 22, 43, 42, 41, 40, 39, 0, 2, 1, 3, 21, 45, 51, 52, 46, 47, 48, 17, 16, 15, 5, 4, 53, 49, 24, 26, 29, 27, 28, 12, 25, 14, 13]",284,284,9361,17910,NOT_IMPLEMENTED,NOT_IMPLEMENTED,NOT_IMPLEMENTED,NOT_IMPLEMENTED,NOT_IMPLEMENTED,NOT_IMPLEMENTED,NOT_IMPLEMENTED,17184.0,14,1227.4285714285716,-23508.5,2,44,370,0,1,0,111470,0,,,,,,,,,,,,62,,,NOT_IMPLEMENTED,,true,22,"robotX1,robotX1',$COUNTER:0.packagesDeliveredByRobot0,$COUNTER:0.packagesDeliveredByRobot0',$COUNTER:1.packagesDeliveredByRobot1,$COUNTER:1.packagesDeliveredByRobot1',robotY1,robotY1',robotY0,robotY0',robotX0,robotX0'","deliveriesY[0],deliveriesY[0]',deliveriesY[1],deliveriesY[1]',deliveriesX[1],deliveriesX[1]',deliveriesX[0],deliveriesX[0]',elevatorY,elevatorY'",4,,,,,,2,2,4195715749307744256,4195715749307744256,90691338240000,130664452718592,81064793292668928,1152921504606846976,527765581332480000,2111062325329920,CUDD,"Using BDD Package: CUDDFactory, Version: CUDD 3.0","import ""DwyerPatternsNew.spectra""",,0,0,false,true,[],[],,null
1671484978,MEMORYLESS,1671484978.spectra,0,REALIZABILITY,SYS_REAL,"TEMP: false, SORT_AFTERWARDS: false, GROUP_OPTION: NO_GROUPING, INCREMENTAL_ADDITION: NO_INCREMENTAL, USE_RABIN: false, GROUP_AUX: NO_GROUPING, STATIC_ORDER: NO_STATIC_ORDERING, ROY_SIFT_MARKER: false, MAKE_LAST: false, MEMORYLESS: true, REORDER_METHOD: SIFT, NEW_PATTERN: false, INCREMENTAL_JUSTICES: NO_INCREMENTAL, REDUCED_ALGORITHM: FALSE, PARALLEL: false, ORIGINAL: false, BUCHI_INTERSECTION: false, NEW_TRIGGER: false, PARTITIONED: SINGLE_FUNC, VERIFICATION: true, CREATE_GRAPH: false",2750,16,140,-1,135735,138641,"[0, 1, 2, 3, 4, 5, 6, 7, 8, 9, 10, 11, 12, 13, 14, 15, 16, 17, 18, 19, 20, 21, 22, 23, 24, 25, 26, 27, 28, 29, 30, 31, 32, 33, 34, 35, 36, 37, 38, 39, 40, 41, 42, 43, 44, 45, 46, 47, 48, 49, 50, 51, 52, 53, 54, 55, 56, 57, 58, 59, 60, 61]","[0, 1, 2, 3, 4, 5, 6, 7, 8, 9, 10, 11, 12, 13, 14, 15, 16, 17, 18, 19, 20, 21, 22, 23, 24, 25, 26, 27, 28, 29, 30, 31, 32, 33, 34, 35, 36, 37, 38, 39, 40, 41, 42, 43, 44, 45, 46, 47, 48, 49, 50, 51, 52, 53, 54, 55, 56, 57, 58, 59, 60, 61]","[57, 55, 56, 54, 60, 58, 61, 59, 34, 35, 32, 31, 7, 8, 11, 10, 9, 6, 30, 47, 46, 33, 44, 14, 43, 13, 16, 17, 15, 42, 45, 12, 0, 3, 5, 4, 36, 18, 39, 51, 24, 48, 1, 2, 21, 23, 20, 22, 19, 41, 40, 53, 52, 38, 37, 27, 29, 26, 28, 25, 49, 50]","[55, 57, 56, 54, 59, 61, 60, 58, 35, 34, 32, 31, 8, 7, 46, 47, 44, 43, 14, 13, 12, 42, 11, 10, 9, 45, 6, 30, 33, 38, 20, 19, 37, 18, 41, 36, 40, 22, 39, 21, 23, 53, 50, 17, 51, 16, 49, 48, 5, 3, 4, 52, 0, 1, 2, 15, 27, 28, 29, 24, 25, 26]",284,284,9381,202386,NOT_IMPLEMENTED,NOT_IMPLEMENTED,NOT_IMPLEMENTED,NOT_IMPLEMENTED,NOT_IMPLEMENTED,NOT_IMPLEMENTED,NOT_IMPLEMENTED,19663.0,13,1512.538461538462,-14305.153846153848,2,44,370,0,1,0,135735,0,,,,,,,,,,,,62,,,NOT_IMPLEMENTED,,true,22,"robotX1,robotX1',$COUNTER:0.packagesDeliveredByRobot0,$COUNTER:0.packagesDeliveredByRobot0',$COUNTER:1.packagesDeliveredByRobot1,$COUNTER:1.packagesDeliveredByRobot1',robotY1,robotY1',robotY0,robotY0',robotX0,robotX0'","deliveriesY[0],deliveriesY[0]',deliveriesY[1],deliveriesY[1]',deliveriesX[1],deliveriesX[1]',deliveriesX[0],deliveriesX[0]',elevatorY,elevatorY'",4,,,,,,2,2,4195715749307744256,4195715749307744256,90691338240000,130664452718592,81064793292668928,1152921504606846976,527765581332480000,2111062325329920,CUDD,"Using BDD Package: CUDDFactory, Version: CUDD 3.0","import ""DwyerPatternsNew.spectra""",,0,0,false,true,[],[],,null
1671484978,NOTHING,1671484978.spectra,0,REALIZABILITY,SYS_REAL,"TEMP: false, SORT_AFTERWARDS: false, GROUP_OPTION: NO_GROUPING, INCREMENTAL_ADDITION: NO_INCREMENTAL, USE_RABIN: false, GROUP_AUX: NO_GROUPING, STATIC_ORDER: NO_STATIC_ORDERING, ROY_SIFT_MARKER: false, MAKE_LAST: false, MEMORYLESS: false, REORDER_METHOD: SIFT, NEW_PATTERN: false, INCREMENTAL_JUSTICES: NO_INCREMENTAL, REDUCED_ALGORITHM: FALSE, PARALLEL: false, ORIGINAL: false, BUCHI_INTERSECTION: false, NEW_TRIGGER: false, PARTITIONED: SINGLE_FUNC, VERIFICATION: true, CREATE_GRAPH: false",2829,15,156,-1,128032,131032,"[0, 1, 2, 3, 4, 5, 6, 7, 8, 9, 10, 11, 12, 13, 14, 15, 16, 17, 18, 19, 20, 21, 22, 23, 24, 25, 26, 27, 28, 29, 30, 31, 32, 33, 34, 35, 36, 37, 38, 39, 40, 41, 42, 43, 44, 45, 46, 47, 48, 49, 50, 51, 52, 53, 54, 55, 56, 57, 58, 59, 60, 61]","[0, 1, 2, 3, 4, 5, 6, 7, 8, 9, 10, 11, 12, 13, 14, 15, 16, 17, 18, 19, 20, 21, 22, 23, 24, 25, 26, 27, 28, 29, 30, 31, 32, 33, 34, 35, 36, 37, 38, 39, 40, 41, 42, 43, 44, 45, 46, 47, 48, 49, 50, 51, 52, 53, 54, 55, 56, 57, 58, 59, 60, 61]","[57, 55, 56, 54, 60, 58, 61, 59, 34, 35, 32, 31, 7, 8, 11, 10, 9, 6, 30, 47, 46, 33, 44, 14, 43, 13, 16, 17, 15, 42, 45, 12, 0, 3, 5, 4, 36, 18, 39, 51, 24, 48, 1, 2, 21, 23, 20, 22, 19, 41, 40, 53, 52, 38, 37, 27, 29, 26, 28, 25, 49, 50]","[55, 57, 56, 54, 59, 61, 60, 58, 34, 35, 32, 31, 8, 7, 10, 11, 6, 9, 30, 33, 38, 20, 19, 37, 18, 36, 22, 23, 50, 44, 43, 42, 21, 41, 40, 39, 45, 48, 3, 0, 51, 2, 1, 52, 53, 46, 47, 49, 4, 5, 12, 13, 14, 24, 27, 25, 26, 16, 15, 17, 28, 29]",284,284,9381,15979,NOT_IMPLEMENTED,NOT_IMPLEMENTED,NOT_IMPLEMENTED,NOT_IMPLEMENTED,NOT_IMPLEMENTED,NOT_IMPLEMENTED,NOT_IMPLEMENTED,23677.0,14,1691.2142857142853,-26302.85714285715,2,44,370,0,1,0,128001,0,,,,,,,,,,,,62,,,NOT_IMPLEMENTED,,true,22,"robotX1,robotX1',$COUNTER:0.packagesDeliveredByRobot0,$COUNTER:0.packagesDeliveredByRobot0',$COUNTER:1.packagesDeliveredByRobot1,$COUNTER:1.packagesDeliveredByRobot1',robotY1,robotY1',robotY0,robotY0',robotX0,robotX0'","deliveriesY[0],deliveriesY[0]',deliveriesY[1],deliveriesY[1]',deliveriesX[1],deliveriesX[1]',deliveriesX[0],deliveriesX[0]',elevatorY,elevatorY'",4,,,,,,2,2,4195715749307744256,4195715749307744256,90691338240000,130664452718592,81064793292668928,1152921504606846976,527765581332480000,2111062325329920,CUDD,"Using BDD Package: CUDDFactory, Version: CUDD 3.0","import ""DwyerPatternsNew.spectra""",,0,0,false,true,[],[],,null
1671484978,MEMORYLESS,1671484978.spectra,0,REALIZABILITY,SYS_REAL,"TEMP: false, SORT_AFTERWARDS: false, GROUP_OPTION: NO_GROUPING, INCREMENTAL_ADDITION: NO_INCREMENTAL, USE_RABIN: false, GROUP_AUX: NO_GROUPING, STATIC_ORDER: NO_STATIC_ORDERING, ROY_SIFT_MARKER: false, MAKE_LAST: false, MEMORYLESS: true, REORDER_METHOD: SIFT, NEW_PATTERN: false, INCREMENTAL_JUSTICES: NO_INCREMENTAL, REDUCED_ALGORITHM: FALSE, PARALLEL: false, ORIGINAL: false, BUCHI_INTERSECTION: false, NEW_TRIGGER: false, PARTITIONED: SINGLE_FUNC, VERIFICATION: true, CREATE_GRAPH: false",3781,16,188,-1,83173,87158,"[0, 1, 2, 3, 4, 5, 6, 7, 8, 9, 10, 11, 12, 13, 14, 15, 16, 17, 18, 19, 20, 21, 22, 23, 24, 25, 26, 27, 28, 29, 30, 31, 32, 33, 34, 35, 36, 37, 38, 39, 40, 41, 42, 43, 44, 45, 46, 47, 48, 49, 50, 51, 52, 53, 54, 55, 56, 57, 58, 59, 60, 61]","[0, 1, 2, 3, 4, 5, 6, 7, 8, 9, 10, 11, 12, 13, 14, 15, 16, 17, 18, 19, 20, 21, 22, 23, 24, 25, 26, 27, 28, 29, 30, 31, 32, 33, 34, 35, 36, 37, 38, 39, 40, 41, 42, 43, 44, 45, 46, 47, 48, 49, 50, 51, 52, 53, 54, 55, 56, 57, 58, 59, 60, 61]","[57, 55, 56, 54, 32, 31, 7, 8, 10, 11, 60, 61, 58, 59, 35, 34, 9, 30, 6, 47, 46, 33, 44, 43, 13, 14, 16, 17, 15, 42, 45, 12, 0, 3, 5, 4, 36, 18, 39, 51, 1, 21, 23, 22, 19, 20, 38, 40, 41, 2, 53, 52, 37, 48, 24, 27, 29, 28, 25, 26, 50, 49]","[55, 57, 56, 54, 32, 31, 8, 7, 11, 10, 35, 34, 9, 47, 46, 44, 43, 14, 13, 12, 42, 45, 6, 30, 33, 38, 20, 18, 36, 19, 37, 41, 23, 21, 39, 22, 40, 2, 5, 4, 3, 0, 51, 1, 53, 52, 48, 50, 17, 16, 15, 49, 29, 27, 28, 24, 25, 26, 59, 58, 61, 60]",284,284,9504,166224,NOT_IMPLEMENTED,NOT_IMPLEMENTED,NOT_IMPLEMENTED,NOT_IMPLEMENTED,NOT_IMPLEMENTED,NOT_IMPLEMENTED,NOT_IMPLEMENTED,11315.0,13,870.3846153846155,-12494.076923076924,2,44,370,0,1,0,83157,0,,,,,,,,,,,,62,,,NOT_IMPLEMENTED,,true,22,"robotX1,robotX1',$COUNTER:0.packagesDeliveredByRobot0,$COUNTER:0.packagesDeliveredByRobot0',robotY1,robotY1',$COUNTER:1.packagesDeliveredByRobot1,$COUNTER:1.packagesDeliveredByRobot1',robotY0,robotY0',robotX0,robotX0'","elevatorY,elevatorY',deliveriesY[0],deliveriesY[0]',deliveriesX[1],deliveriesX[1]',deliveriesY[1],deliveriesY[1]',deliveriesX[0],deliveriesX[0]'",4,,,,,,2,2,4195715749307744256,4195715749307744256,90691338240000,130664452718592,81064793292668928,1152921504606846976,527765581332480000,2111062325329920,CUDD,"Using BDD Package: CUDDFactory, Version: CUDD 3.0","import ""DwyerPatternsNew.spectra""",,0,0,false,true,[],[],,null
1671484978,NOTHING,1671484978.spectra,0,REALIZABILITY,SYS_REAL,"TEMP: false, SORT_AFTERWARDS: false, GROUP_OPTION: NO_GROUPING, INCREMENTAL_ADDITION: NO_INCREMENTAL, USE_RABIN: false, GROUP_AUX: NO_GROUPING, STATIC_ORDER: NO_STATIC_ORDERING, ROY_SIFT_MARKER: false, MAKE_LAST: false, MEMORYLESS: false, REORDER_METHOD: SIFT, NEW_PATTERN: false, INCREMENTAL_JUSTICES: NO_INCREMENTAL, REDUCED_ALGORITHM: FALSE, PARALLEL: false, ORIGINAL: false, BUCHI_INTERSECTION: false, NEW_TRIGGER: false, PARTITIONED: SINGLE_FUNC, VERIFICATION: true, CREATE_GRAPH: false",3421,16,235,-1,122470,126142,"[0, 1, 2, 3, 4, 5, 6, 7, 8, 9, 10, 11, 12, 13, 14, 15, 16, 17, 18, 19, 20, 21, 22, 23, 24, 25, 26, 27, 28, 29, 30, 31, 32, 33, 34, 35, 36, 37, 38, 39, 40, 41, 42, 43, 44, 45, 46, 47, 48, 49, 50, 51, 52, 53, 54, 55, 56, 57, 58, 59, 60, 61]","[0, 1, 2, 3, 4, 5, 6, 7, 8, 9, 10, 11, 12, 13, 14, 15, 16, 17, 18, 19, 20, 21, 22, 23, 24, 25, 26, 27, 28, 29, 30, 31, 32, 33, 34, 35, 36, 37, 38, 39, 40, 41, 42, 43, 44, 45, 46, 47, 48, 49, 50, 51, 52, 53, 54, 55, 56, 57, 58, 59, 60, 61]","[57, 55, 56, 54, 60, 58, 61, 59, 34, 35, 32, 31, 7, 8, 11, 10, 9, 6, 30, 47, 46, 33, 44, 14, 43, 13, 16, 17, 15, 42, 45, 12, 0, 3, 5, 4, 36, 18, 39, 51, 24, 48, 1, 2, 21, 23, 20, 22, 19, 41, 40, 53, 52, 38, 37, 27, 29, 26, 28, 25, 49, 50]","[55, 57, 56, 54, 59, 61, 60, 58, 34, 35, 32, 31, 8, 7, 10, 11, 6, 9, 30, 33, 38, 20, 19, 37, 18, 36, 22, 23, 50, 44, 43, 42, 21, 41, 40, 39, 45, 48, 3, 0, 51, 2, 1, 52, 53, 46, 47, 49, 4, 5, 12, 13, 14, 24, 27, 25, 26, 16, 15, 17, 28, 29]",284,284,9381,15979,NOT_IMPLEMENTED,NOT_IMPLEMENTED,NOT_IMPLEMENTED,NOT_IMPLEMENTED,NOT_IMPLEMENTED,NOT_IMPLEMENTED,NOT_IMPLEMENTED,22720.0,14,1622.8571428571427,-26302.85714285715,2,44,370,0,1,0,122438,0,,,,,,,,,,,,62,,,NOT_IMPLEMENTED,,true,22,"robotX1,robotX1',$COUNTER:0.packagesDeliveredByRobot0,$COUNTER:0.packagesDeliveredByRobot0',$COUNTER:1.packagesDeliveredByRobot1,$COUNTER:1.packagesDeliveredByRobot1',robotY1,robotY1',robotY0,robotY0',robotX0,robotX0'","deliveriesY[0],deliveriesY[0]',deliveriesY[1],deliveriesY[1]',deliveriesX[1],deliveriesX[1]',deliveriesX[0],deliveriesX[0]',elevatorY,elevatorY'",4,,,,,,2,2,4195715749307744256,4195715749307744256,90691338240000,130664452718592,81064793292668928,1152921504606846976,527765581332480000,2111062325329920,CUDD,"Using BDD Package: CUDDFactory, Version: CUDD 3.0","import ""DwyerPatternsNew.spectra""",,0,0,false,true,[],[],,null
1671484978,MEMORYLESS,1671484978.spectra,0,REALIZABILITY,SYS_REAL,"TEMP: false, SORT_AFTERWARDS: false, GROUP_OPTION: NO_GROUPING, INCREMENTAL_ADDITION: NO_INCREMENTAL, USE_RABIN: false, GROUP_AUX: NO_GROUPING, STATIC_ORDER: NO_STATIC_ORDERING, ROY_SIFT_MARKER: false, MAKE_LAST: false, MEMORYLESS: true, REORDER_METHOD: SIFT, NEW_PATTERN: false, INCREMENTAL_JUSTICES: NO_INCREMENTAL, REDUCED_ALGORITHM: FALSE, PARALLEL: false, ORIGINAL: false, BUCHI_INTERSECTION: false, NEW_TRIGGER: false, PARTITIONED: SINGLE_FUNC, VERIFICATION: true, CREATE_GRAPH: false",2812,0,157,-1,116798,119767,"[0, 1, 2, 3, 4, 5, 6, 7, 8, 9, 10, 11, 12, 13, 14, 15, 16, 17, 18, 19, 20, 21, 22, 23, 24, 25, 26, 27, 28, 29, 30, 31, 32, 33, 34, 35, 36, 37, 38, 39, 40, 41, 42, 43, 44, 45, 46, 47, 48, 49, 50, 51, 52, 53, 54, 55, 56, 57, 58, 59, 60, 61]","[0, 1, 2, 3, 4, 5, 6, 7, 8, 9, 10, 11, 12, 13, 14, 15, 16, 17, 18, 19, 20, 21, 22, 23, 24, 25, 26, 27, 28, 29, 30, 31, 32, 33, 34, 35, 36, 37, 38, 39, 40, 41, 42, 43, 44, 45, 46, 47, 48, 49, 50, 51, 52, 53, 54, 55, 56, 57, 58, 59, 60, 61]","[57, 55, 56, 54, 60, 58, 61, 59, 34, 35, 32, 31, 7, 8, 11, 10, 9, 6, 30, 47, 46, 33, 44, 14, 43, 13, 16, 17, 15, 42, 45, 12, 0, 3, 5, 4, 36, 18, 39, 51, 24, 48, 1, 2, 21, 23, 20, 22, 19, 41, 40, 53, 52, 38, 37, 27, 29, 26, 28, 25, 49, 50]","[55, 57, 56, 54, 59, 61, 60, 58, 35, 34, 32, 31, 8, 7, 46, 47, 44, 43, 14, 13, 12, 42, 11, 10, 6, 30, 9, 33, 45, 38, 20, 19, 37, 18, 36, 40, 22, 21, 39, 23, 41, 5, 4, 3, 0, 52, 51, 53, 1, 2, 49, 48, 50, 24, 27, 25, 28, 29, 17, 16, 15, 26]",284,284,9381,202458,NOT_IMPLEMENTED,NOT_IMPLEMENTED,NOT_IMPLEMENTED,NOT_IMPLEMENTED,NOT_IMPLEMENTED,NOT_IMPLEMENTED,NOT_IMPLEMENTED,13382.0,13,1029.3846153846155,-10957.769230769229,2,44,370,0,1,0,116720,0,,,,,,,,,,,,62,,,NOT_IMPLEMENTED,,true,22,"robotX1,robotX1',$COUNTER:0.packagesDeliveredByRobot0,$COUNTER:0.packagesDeliveredByRobot0',robotY1,robotY1',$COUNTER:1.packagesDeliveredByRobot1,$COUNTER:1.packagesDeliveredByRobot1',robotY0,robotY0',robotX0,robotX0'","elevatorY,elevatorY',deliveriesY[0],deliveriesY[0]',deliveriesX[1],deliveriesX[1]',deliveriesY[1],deliveriesY[1]',deliveriesX[0],deliveriesX[0]'",4,,,,,,2,2,4195715749307744256,4195715749307744256,90691338240000,130664452718592,81064793292668928,1152921504606846976,527765581332480000,2111062325329920,CUDD,"Using BDD Package: CUDDFactory, Version: CUDD 3.0","import ""DwyerPatternsNew.spectra""",,0,0,false,true,[],[],,null
1672504085,NOTHING,1672504085.spectra,0,REALIZABILITY,SYS_REAL,"TEMP: false, SORT_AFTERWARDS: false, GROUP_OPTION: NO_GROUPING, INCREMENTAL_ADDITION: NO_INCREMENTAL, USE_RABIN: false, GROUP_AUX: NO_GROUPING, STATIC_ORDER: NO_STATIC_ORDERING, ROY_SIFT_MARKER: false, MAKE_LAST: false, MEMORYLESS: false, REORDER_METHOD: SIFT, NEW_PATTERN: false, INCREMENTAL_JUSTICES: NO_INCREMENTAL, REDUCED_ALGORITHM: FALSE, PARALLEL: false, ORIGINAL: false, BUCHI_INTERSECTION: false, NEW_TRIGGER: false, PARTITIONED: SINGLE_FUNC, VERIFICATION: true, CREATE_GRAPH: false",2860,15,375,-1,58141,61391,"[0, 1, 2, 3, 4, 5, 6, 7, 8, 9, 10, 11, 12, 13, 14, 15, 16, 17, 18, 19, 20, 21, 22, 23, 24, 25, 26, 27, 28, 29, 30, 31, 32, 33, 34, 35, 36, 37, 38, 39, 40, 41, 42, 43, 44, 45, 46, 47, 48, 49, 50, 51, 52, 53, 54, 55, 56, 57, 58, 59, 60, 61, 62, 63, 64, 65]","[0, 1, 2, 3, 4, 5, 6, 7, 8, 9, 10, 11, 12, 13, 14, 15, 16, 17, 18, 19, 20, 21, 22, 23, 24, 25, 26, 27, 28, 29, 30, 31, 32, 33, 34, 35, 36, 37, 38, 39, 40, 41, 42, 43, 44, 45, 46, 47, 48, 49, 50, 51, 52, 53, 54, 55, 56, 57, 58, 59, 60, 61, 62, 63, 64, 65]","[31, 7, 32, 8, 10, 11, 35, 34, 9, 6, 30, 33, 44, 43, 19, 20, 46, 45, 22, 23, 21, 42, 18, 47, 36, 12, 39, 15, 17, 38, 14, 16, 59, 61, 60, 58, 13, 54, 55, 37, 0, 3, 51, 48, 24, 27, 29, 50, 26, 28, 25, 49, 2, 1, 4, 5, 41, 40, 52, 53, 56, 57, 64, 65, 62, 63]","[54, 32, 31, 7, 8, 10, 11, 38, 14, 55, 59, 61, 58, 60, 9, 6, 13, 37, 12, 36, 49, 50, 30, 34, 35, 40, 41, 17, 16, 52, 15, 48, 5, 4, 33, 2, 39, 1, 0, 46, 3, 51, 47, 45, 56, 43, 44, 42, 24, 18, 19, 20, 53, 22, 21, 23, 27, 29, 28, 26, 25, 57, 64, 65, 62, 63]",288,288,8059,11099,NOT_IMPLEMENTED,NOT_IMPLEMENTED,NOT_IMPLEMENTED,NOT_IMPLEMENTED,NOT_IMPLEMENTED,NOT_IMPLEMENTED,NOT_IMPLEMENTED,10913.0,18,606.2777777777779,-16142.55555555555,2,62,558,0,1,0,58078,0,,,,,,,,,,,,66,,,NOT_IMPLEMENTED,,false,26,"robotY0,robotY0',$PATTERN:1.SYS_CONSTRAINT.1.S_responds_to_P_globally.state,$PATTERN:1.SYS_CONSTRAINT.1.S_responds_to_P_globally.state',robotY1,robotY1',robotX0,robotX0',$PATTERN:0.SYS_CONSTRAINT.0.S_responds_to_P_globally.state,$PATTERN:0.SYS_CONSTRAINT.0.S_responds_to_P_globally.state',robotX1,robotX1',$COUNTER:0.packagesCounter0,$COUNTER:0.packagesCounter0',$COUNTER:1.packagesCounter1,$COUNTER:1.packagesCounter1'","lamp1Y,lamp1Y',elevatorY,elevatorY',lamp0X,lamp0X',lamp0Y,lamp0Y',lamp1X,lamp1X'",4,,,,,,4,2,67797155049172369408,16949288762293092352,1233639178240000,471011230679040,75084012987520909312,18446744073709551616,8444249301319680000,5981343255101440,CUDD,"Using BDD Package: CUDDFactory, Version: CUDD 3.0","import ""DwyerPatternsNew.spectra""",S_responds_to_P_globally,2,0,false,true,[],[],,null
1672504085,MEMORYLESS,1672504085.spectra,0,REALIZABILITY,SYS_REAL,"TEMP: false, SORT_AFTERWARDS: false, GROUP_OPTION: NO_GROUPING, INCREMENTAL_ADDITION: NO_INCREMENTAL, USE_RABIN: false, GROUP_AUX: NO_GROUPING, STATIC_ORDER: NO_STATIC_ORDERING, ROY_SIFT_MARKER: false, MAKE_LAST: false, MEMORYLESS: true, REORDER_METHOD: SIFT, NEW_PATTERN: false, INCREMENTAL_JUSTICES: NO_INCREMENTAL, REDUCED_ALGORITHM: FALSE, PARALLEL: false, ORIGINAL: false, BUCHI_INTERSECTION: false, NEW_TRIGGER: false, PARTITIONED: SINGLE_FUNC, VERIFICATION: true, CREATE_GRAPH: false",3328,16,375,-1,67314,71033,"[0, 1, 2, 3, 4, 5, 6, 7, 8, 9, 10, 11, 12, 13, 14, 15, 16, 17, 18, 19, 20, 21, 22, 23, 24, 25, 26, 27, 28, 29, 30, 31, 32, 33, 34, 35, 36, 37, 38, 39, 40, 41, 42, 43, 44, 45, 46, 47, 48, 49, 50, 51, 52, 53, 54, 55, 56, 57, 58, 59, 60, 61, 62, 63, 64, 65]","[0, 1, 2, 3, 4, 5, 6, 7, 8, 9, 10, 11, 12, 13, 14, 15, 16, 17, 18, 19, 20, 21, 22, 23, 24, 25, 26, 27, 28, 29, 30, 31, 32, 33, 34, 35, 36, 37, 38, 39, 40, 41, 42, 43, 44, 45, 46, 47, 48, 49, 50, 51, 52, 53, 54, 55, 56, 57, 58, 59, 60, 61, 62, 63, 64, 65]","[31, 7, 32, 8, 11, 10, 35, 9, 6, 30, 34, 33, 44, 20, 43, 19, 22, 23, 47, 46, 45, 42, 18, 21, 59, 61, 60, 58, 54, 55, 36, 12, 15, 17, 16, 13, 37, 14, 38, 0, 39, 3, 41, 40, 2, 1, 4, 5, 51, 48, 24, 27, 29, 50, 28, 26, 49, 25, 53, 52, 56, 65, 64, 62, 63, 57]","[31, 32, 7, 8, 10, 11, 9, 59, 61, 60, 58, 14, 38, 54, 55, 35, 34, 6, 13, 37, 12, 36, 30, 33, 47, 46, 16, 15, 17, 44, 43, 45, 20, 19, 42, 18, 49, 48, 0, 2, 1, 39, 40, 41, 51, 53, 52, 4, 3, 50, 23, 22, 21, 5, 27, 28, 24, 29, 25, 26, 64, 65, 62, 63, 56, 57]",288,288,6679,116796,NOT_IMPLEMENTED,NOT_IMPLEMENTED,NOT_IMPLEMENTED,NOT_IMPLEMENTED,NOT_IMPLEMENTED,NOT_IMPLEMENTED,NOT_IMPLEMENTED,7961.0,17,468.29411764705884,-9694.941176470587,2,62,558,0,1,0,67298,0,,,,,,,,,,,,66,,,NOT_IMPLEMENTED,,false,26,"robotY0,robotY0',$PATTERN:1.SYS_CONSTRAINT.1.S_responds_to_P_globally.state,$PATTERN:1.SYS_CONSTRAINT.1.S_responds_to_P_globally.state',robotY1,robotY1',robotX0,robotX0',$PATTERN:0.SYS_CONSTRAINT.0.S_responds_to_P_globally.state,$PATTERN:0.SYS_CONSTRAINT.0.S_responds_to_P_globally.state',robotX1,robotX1',$COUNTER:0.packagesCounter0,$COUNTER:0.packagesCounter0',$COUNTER:1.packagesCounter1,$COUNTER:1.packagesCounter1'","lamp1Y,lamp1Y',elevatorY,elevatorY',lamp0X,lamp0X',lamp0Y,lamp0Y',lamp1X,lamp1X'",4,,,,,,4,2,67797155049172369408,16949288762293092352,1233639178240000,471011230679040,75084012987520909312,18446744073709551616,8444249301319680000,5981343255101440,CUDD,"Using BDD Package: CUDDFactory, Version: CUDD 3.0","import ""DwyerPatternsNew.spectra""",S_responds_to_P_globally,2,0,false,true,[],[],,null
1672504085,NOTHING,1672504085.spectra,0,REALIZABILITY,SYS_REAL,"TEMP: false, SORT_AFTERWARDS: false, GROUP_OPTION: NO_GROUPING, INCREMENTAL_ADDITION: NO_INCREMENTAL, USE_RABIN: false, GROUP_AUX: NO_GROUPING, STATIC_ORDER: NO_STATIC_ORDERING, ROY_SIFT_MARKER: false, MAKE_LAST: false, MEMORYLESS: false, REORDER_METHOD: SIFT, NEW_PATTERN: false, INCREMENTAL_JUSTICES: NO_INCREMENTAL, REDUCED_ALGORITHM: FALSE, PARALLEL: false, ORIGINAL: false, BUCHI_INTERSECTION: false, NEW_TRIGGER: false, PARTITIONED: SINGLE_FUNC, VERIFICATION: true, CREATE_GRAPH: false",3594,31,360,-1,87532,91517,"[0, 1, 2, 3, 4, 5, 6, 7, 8, 9, 10, 11, 12, 13, 14, 15, 16, 17, 18, 19, 20, 21, 22, 23, 24, 25, 26, 27, 28, 29, 30, 31, 32, 33, 34, 35, 36, 37, 38, 39, 40, 41, 42, 43, 44, 45, 46, 47, 48, 49, 50, 51, 52, 53, 54, 55, 56, 57, 58, 59, 60, 61, 62, 63, 64, 65]","[0, 1, 2, 3, 4, 5, 6, 7, 8, 9, 10, 11, 12, 13, 14, 15, 16, 17, 18, 19, 20, 21, 22, 23, 24, 25, 26, 27, 28, 29, 30, 31, 32, 33, 34, 35, 36, 37, 38, 39, 40, 41, 42, 43, 44, 45, 46, 47, 48, 49, 50, 51, 52, 53, 54, 55, 56, 57, 58, 59, 60, 61, 62, 63, 64, 65]","[31, 7, 32, 8, 10, 11, 35, 9, 6, 30, 34, 33, 47, 46, 44, 20, 45, 42, 18, 43, 19, 21, 22, 23, 36, 12, 39, 59, 61, 60, 58, 54, 55, 15, 17, 14, 16, 38, 13, 37, 0, 3, 40, 41, 2, 1, 4, 48, 51, 5, 53, 52, 24, 27, 29, 50, 28, 26, 49, 25, 56, 57, 65, 64, 62, 63]","[54, 32, 31, 7, 8, 10, 55, 11, 59, 61, 58, 60, 35, 34, 9, 6, 14, 38, 13, 37, 12, 36, 30, 41, 17, 16, 40, 15, 39, 33, 47, 46, 5, 48, 50, 49, 2, 1, 0, 4, 53, 52, 51, 3, 45, 56, 43, 44, 42, 18, 19, 20, 23, 21, 22, 27, 28, 29, 24, 26, 25, 57, 64, 65, 63, 62]",288,288,7411,10465,NOT_IMPLEMENTED,NOT_IMPLEMENTED,NOT_IMPLEMENTED,NOT_IMPLEMENTED,NOT_IMPLEMENTED,NOT_IMPLEMENTED,NOT_IMPLEMENTED,14437.0,18,802.0555555555557,-16610.222222222223,2,62,558,0,1,0,87501,0,,,,,,,,,,,,66,,,NOT_IMPLEMENTED,,false,26,"robotY0,robotY0',robotX1,robotX1',robotX0,robotX0',robotY1,robotY1',$PATTERN:1.SYS_CONSTRAINT.1.S_responds_to_P_globally.state,$PATTERN:1.SYS_CONSTRAINT.1.S_responds_to_P_globally.state',$PATTERN:0.SYS_CONSTRAINT.0.S_responds_to_P_globally.state,$PATTERN:0.SYS_CONSTRAINT.0.S_responds_to_P_globally.state',$COUNTER:1.packagesCounter1,$COUNTER:1.packagesCounter1',$COUNTER:0.packagesCounter0,$COUNTER:0.packagesCounter0'","lamp0X,lamp0X',lamp0Y,lamp0Y',elevatorY,elevatorY',lamp1X,lamp1X',lamp1Y,lamp1Y'",4,,,,,,4,2,67797155049172369408,16949288762293092352,1233639178240000,471011230679040,75084012987520909312,18446744073709551616,8444249301319680000,5981343255101440,CUDD,"Using BDD Package: CUDDFactory, Version: CUDD 3.0","import ""DwyerPatternsNew.spectra""",S_responds_to_P_globally,2,0,false,true,[],[],,null
