Spec,RunConfig,UniqueIdentifier,TIMEOUT,ActionType,Result,CONFIG_TXT,INITIAL_BDD_TIME,HEURISTICS_TIME,SECOND_STEP_TIME,PARALLEL_OVERHEAD_TIME,WORK_TIME,TOTAL_TIME,PRE_ROYBDD_ORDER,POST_HEURISTICS_ORDER,POST_SECOND_STEP_ORDER,POST_WORK_ORDER,PRE_ROYBDD_NODE_SIZE,POST_HEURISTICS_NODE_SIZE,POST_SECOND_STEP_NODE_SIZE,POST_WORK_NODE_SIZE,AVERAGE_AUX_SIZE,AVERAGE_SYS_DOM_IN_CONSTRAINT,AVERAGE_ENV_DOM_IN_CONSTRAINT,AVERAGE_SYS_DOM_SIZE,AVERAGE_ENV_DOM_SIZE,AVERAGE_CONSTRAINT_COMPLEXITY,INTERCONNECTNESS_INDEX,TOTAL_REORDER_TIME,REORDER_CALL_AMOUNT,AVERAGE_REORDER_TIME,AVERAGE_REORDER_GAIN,Z_FIXPOINTS,Y_FIXPOINTS,X_FIXPOINTS,W_FIXPOINTS,REAL_CASES,UNREAL_CASES,REAL_TIME,UNREAL_TIME,GRAPH_DATA,CLUSTER_INC_DATA,CLUSTER_VAR_DATA,DOMAIN_GRAPH_DATA,CONSTRAINT_GRAPH_DATA,JUST_STRING_COUNT,JUST_STRING_ENV_COUNT,TRANS_STRING_SYS_COUNT,TRANS_STRING_ENV_COUNT,INI_STRING_ENV_COUNT,INI_STRING_SYS_COUNT,TOTAL_VARS,SYS_VARS,ENV_VARS,AUX_VARS,UNUSED_CONS_VARS,ARRAYS_INSTANCES,TOTAL_DOMS,SYS_DOMS,ENV_DOMS,AUX_DOMS,DOMS_NOT_QUANTIFIED,INI_SYS_CONSTRAINTS,INI_ENV_CONSTRAINTS,TRANS_ENV_CONSTRAINTS,TRANS_SYS_CONSTRAINTS,JUSTICE_SYS_AMOUNT,JUSTICE_ENV_AMOUNT,Z_SAT_COUNT,Z_SAT_COUNT_START_S0,TRANS_ENV_SAT,TRANS_SYS_SAT,JUSTS_SYS_SAT,JUSTS_ENV_SAT,INI_ENV_SAT,INI_SYS_SAT,FACTORY_TYPE,BDDPACKAGE,IMPORT,UNIQUE_PATTERNS,PATTERN_INSTANCES,TRIGGER_INSTANCES,MONITORS_INSTANCES,COUNTERS_INSTANCES,REDUCED_PATTERN,REDUCED_TRIGGER,SWAPPED_TO_ORIGINAL,ADDITIONAL
RobotsMPUnlabelled3,NOTHING,RobotsMPUnlabelled3.spectra,0,REALIZABILITY,SYS_REAL,"TEMP: false, SORT_AFTERWARDS: false, GROUP_OPTION: NO_GROUPING, INCREMENTAL_ADDITION: NO_INCREMENTAL, USE_RABIN: false, GROUP_AUX: NO_GROUPING, STATIC_ORDER: NO_STATIC_ORDERING, ROY_SIFT_MARKER: false, MAKE_LAST: false, MEMORYLESS: false, REORDER_METHOD: SIFT, NEW_PATTERN: false, INCREMENTAL_JUSTICES: NO_INCREMENTAL, REDUCED_ALGORITHM: FALSE, PARALLEL: false, ORIGINAL: false, BUCHI_INTERSECTION: false, NEW_TRIGGER: false, PARTITIONED: SINGLE_FUNC, VERIFICATION: true, CREATE_GRAPH: false",2609,16,1234,-1,82501,86360,"[0, 1, 2, 3, 4, 5, 6, 7, 8, 9, 10, 11, 12, 13, 14, 15, 16, 17, 18, 19, 20, 21, 22, 23, 24, 25, 26, 27, 28, 29, 30, 31, 32, 33, 34, 35, 36, 37, 38, 39, 40, 41, 42, 43, 44, 45, 46, 47]","[0, 1, 2, 3, 4, 5, 6, 7, 8, 9, 10, 11, 12, 13, 14, 15, 16, 17, 18, 19, 20, 21, 22, 23, 24, 25, 26, 27, 28, 29, 30, 31, 32, 33, 34, 35, 36, 37, 38, 39, 40, 41, 42, 43, 44, 45, 46, 47]","[32, 28, 8, 2, 0, 10, 4, 26, 24, 6, 34, 30, 25, 31, 33, 35, 29, 27, 5, 9, 1, 11, 3, 7, 19, 23, 15, 17, 18, 14, 21, 13, 37, 47, 45, 41, 16, 12, 22, 20, 39, 43, 42, 46, 36, 38, 44, 40]","[8, 10, 0, 2, 4, 32, 28, 24, 6, 33, 29, 25, 1, 5, 9, 11, 3, 7, 14, 18, 15, 19, 23, 22, 35, 31, 27, 34, 26, 21, 13, 17, 30, 45, 41, 37, 43, 42, 47, 46, 39, 38, 20, 12, 16, 36, 44, 40]",122,122,56005,79681,NOT_IMPLEMENTED,NOT_IMPLEMENTED,NOT_IMPLEMENTED,NOT_IMPLEMENTED,NOT_IMPLEMENTED,NOT_IMPLEMENTED,NOT_IMPLEMENTED,66466.0,15,4431.0666666666675,-7922.733333333332,2,22,33,0,1,0,82422,0,,,,,,,,,,,,48,,,NOT_IMPLEMENTED,,true,24,"robotsX[0],robotsX[0]',robotsX[1],robotsX[1]',robotsY[2],robotsY[2]',robotsX[2],robotsX[2]',robotsY[0],robotsY[0]',robotsY[1],robotsY[1]'","goalsX[0],goalsX[0]',goalsX[1],goalsX[1]',goalsY[2],goalsY[2]',goalsX[2],goalsX[2]',goalsY[0],goalsY[0]',goalsY[1],goalsY[1]'",0,,,,,,1,1,218976894320640,218976894320640,543726796800,996767956992,1618934235136,281474976710656,90709709291520,68719476736,CUDD,"Using BDD Package: CUDDFactory, Version: CUDD 3.0","import ""DwyerPatternsNew.spectra""",,0,0,false,false,[],[],,null
RobotsMPUnlabelled3,MEMORYLESS,RobotsMPUnlabelled3.spectra,0,REALIZABILITY,SYS_REAL,"TEMP: false, SORT_AFTERWARDS: false, GROUP_OPTION: NO_GROUPING, INCREMENTAL_ADDITION: NO_INCREMENTAL, USE_RABIN: false, GROUP_AUX: NO_GROUPING, STATIC_ORDER: NO_STATIC_ORDERING, ROY_SIFT_MARKER: false, MAKE_LAST: false, MEMORYLESS: true, REORDER_METHOD: SIFT, NEW_PATTERN: false, INCREMENTAL_JUSTICES: NO_INCREMENTAL, REDUCED_ALGORITHM: FALSE, PARALLEL: false, ORIGINAL: false, BUCHI_INTERSECTION: false, NEW_TRIGGER: false, PARTITIONED: SINGLE_FUNC, VERIFICATION: true, CREATE_GRAPH: false",2500,16,1328,-1,82563,86407,"[0, 1, 2, 3, 4, 5, 6, 7, 8, 9, 10, 11, 12, 13, 14, 15, 16, 17, 18, 19, 20, 21, 22, 23, 24, 25, 26, 27, 28, 29, 30, 31, 32, 33, 34, 35, 36, 37, 38, 39, 40, 41, 42, 43, 44, 45, 46, 47]","[0, 1, 2, 3, 4, 5, 6, 7, 8, 9, 10, 11, 12, 13, 14, 15, 16, 17, 18, 19, 20, 21, 22, 23, 24, 25, 26, 27, 28, 29, 30, 31, 32, 33, 34, 35, 36, 37, 38, 39, 40, 41, 42, 43, 44, 45, 46, 47]","[32, 28, 8, 2, 0, 10, 4, 26, 24, 6, 34, 30, 25, 31, 33, 35, 29, 27, 5, 9, 1, 11, 3, 7, 19, 23, 15, 17, 18, 14, 21, 13, 37, 47, 45, 41, 16, 12, 22, 20, 39, 43, 42, 46, 36, 38, 44, 40]","[8, 10, 0, 2, 4, 32, 28, 24, 6, 33, 29, 25, 1, 5, 9, 11, 3, 7, 14, 18, 15, 19, 23, 22, 35, 31, 27, 34, 26, 21, 13, 17, 30, 45, 41, 37, 43, 42, 47, 46, 39, 38, 20, 12, 16, 36, 44, 40]",122,122,56005,287800,NOT_IMPLEMENTED,NOT_IMPLEMENTED,NOT_IMPLEMENTED,NOT_IMPLEMENTED,NOT_IMPLEMENTED,NOT_IMPLEMENTED,NOT_IMPLEMENTED,66598.0,15,4439.866666666665,-7922.733333333332,2,22,33,0,1,0,82516,0,,,,,,,,,,,,48,,,NOT_IMPLEMENTED,,true,24,"robotsX[1],robotsX[1]',robotsY[1],robotsY[1]',robotsY[2],robotsY[2]',robotsX[0],robotsX[0]',robotsX[2],robotsX[2]',robotsY[0],robotsY[0]'","goalsY[0],goalsY[0]',goalsY[1],goalsY[1]',goalsX[0],goalsX[0]',goalsY[2],goalsY[2]',goalsX[2],goalsX[2]',goalsX[1],goalsX[1]'",0,,,,,,1,1,218976894320640,218976894320640,543726796800,996767956992,1618934235136,281474976710656,90709709291520,68719476736,CUDD,"Using BDD Package: CUDDFactory, Version: CUDD 3.0","import ""DwyerPatternsNew.spectra""",,0,0,false,false,[],[],,null
RobotsMPUnlabelled3,NOTHING,RobotsMPUnlabelled3.spectra,0,REALIZABILITY,SYS_REAL,"TEMP: false, SORT_AFTERWARDS: false, GROUP_OPTION: NO_GROUPING, INCREMENTAL_ADDITION: NO_INCREMENTAL, USE_RABIN: false, GROUP_AUX: NO_GROUPING, STATIC_ORDER: NO_STATIC_ORDERING, ROY_SIFT_MARKER: false, MAKE_LAST: false, MEMORYLESS: false, REORDER_METHOD: SIFT, NEW_PATTERN: false, INCREMENTAL_JUSTICES: NO_INCREMENTAL, REDUCED_ALGORITHM: FALSE, PARALLEL: false, ORIGINAL: false, BUCHI_INTERSECTION: false, NEW_TRIGGER: false, PARTITIONED: SINGLE_FUNC, VERIFICATION: true, CREATE_GRAPH: false",2437,16,1172,-1,82063,85688,"[0, 1, 2, 3, 4, 5, 6, 7, 8, 9, 10, 11, 12, 13, 14, 15, 16, 17, 18, 19, 20, 21, 22, 23, 24, 25, 26, 27, 28, 29, 30, 31, 32, 33, 34, 35, 36, 37, 38, 39, 40, 41, 42, 43, 44, 45, 46, 47]","[0, 1, 2, 3, 4, 5, 6, 7, 8, 9, 10, 11, 12, 13, 14, 15, 16, 17, 18, 19, 20, 21, 22, 23, 24, 25, 26, 27, 28, 29, 30, 31, 32, 33, 34, 35, 36, 37, 38, 39, 40, 41, 42, 43, 44, 45, 46, 47]","[32, 28, 8, 2, 0, 10, 4, 26, 24, 6, 34, 30, 25, 31, 33, 35, 29, 27, 5, 9, 1, 11, 3, 7, 19, 23, 15, 17, 18, 14, 21, 13, 37, 47, 45, 41, 16, 12, 22, 20, 39, 43, 42, 46, 36, 38, 44, 40]","[8, 10, 0, 2, 4, 32, 28, 24, 6, 33, 29, 25, 1, 5, 9, 11, 3, 7, 14, 18, 15, 19, 23, 22, 35, 31, 27, 34, 26, 21, 13, 17, 30, 45, 41, 37, 43, 42, 47, 46, 39, 38, 20, 12, 16, 36, 44, 40]",122,122,56007,56847,NOT_IMPLEMENTED,NOT_IMPLEMENTED,NOT_IMPLEMENTED,NOT_IMPLEMENTED,NOT_IMPLEMENTED,NOT_IMPLEMENTED,NOT_IMPLEMENTED,65188.0,15,4345.866666666665,-7922.666666666668,2,22,33,0,1,0,81954,0,,,,,,,,,,,,48,,,NOT_IMPLEMENTED,,true,24,"robotsX[0],robotsX[0]',robotsX[1],robotsX[1]',robotsY[2],robotsY[2]',robotsX[2],robotsX[2]',robotsY[0],robotsY[0]',robotsY[1],robotsY[1]'","goalsX[0],goalsX[0]',goalsX[1],goalsX[1]',goalsY[2],goalsY[2]',goalsX[2],goalsX[2]',goalsY[0],goalsY[0]',goalsY[1],goalsY[1]'",0,,,,,,1,1,218976894320640,218976894320640,543726796800,996767956992,1618934235136,281474976710656,90709709291520,68719476736,CUDD,"Using BDD Package: CUDDFactory, Version: CUDD 3.0","import ""DwyerPatternsNew.spectra""",,0,0,false,false,[],[],,null
RobotsMPUnlabelled3,MEMORYLESS,RobotsMPUnlabelled3.spectra,0,REALIZABILITY,SYS_REAL,"TEMP: false, SORT_AFTERWARDS: false, GROUP_OPTION: NO_GROUPING, INCREMENTAL_ADDITION: NO_INCREMENTAL, USE_RABIN: false, GROUP_AUX: NO_GROUPING, STATIC_ORDER: NO_STATIC_ORDERING, ROY_SIFT_MARKER: false, MAKE_LAST: false, MEMORYLESS: true, REORDER_METHOD: SIFT, NEW_PATTERN: false, INCREMENTAL_JUSTICES: NO_INCREMENTAL, REDUCED_ALGORITHM: FALSE, PARALLEL: false, ORIGINAL: false, BUCHI_INTERSECTION: false, NEW_TRIGGER: false, PARTITIONED: SINGLE_FUNC, VERIFICATION: true, CREATE_GRAPH: false",2501,15,1422,-1,78641,82579,"[0, 1, 2, 3, 4, 5, 6, 7, 8, 9, 10, 11, 12, 13, 14, 15, 16, 17, 18, 19, 20, 21, 22, 23, 24, 25, 26, 27, 28, 29, 30, 31, 32, 33, 34, 35, 36, 37, 38, 39, 40, 41, 42, 43, 44, 45, 46, 47]","[0, 1, 2, 3, 4, 5, 6, 7, 8, 9, 10, 11, 12, 13, 14, 15, 16, 17, 18, 19, 20, 21, 22, 23, 24, 25, 26, 27, 28, 29, 30, 31, 32, 33, 34, 35, 36, 37, 38, 39, 40, 41, 42, 43, 44, 45, 46, 47]","[32, 28, 8, 2, 0, 10, 4, 26, 24, 6, 34, 30, 25, 31, 33, 35, 29, 27, 5, 9, 1, 11, 3, 7, 19, 23, 15, 17, 18, 14, 21, 13, 37, 47, 45, 41, 16, 12, 22, 20, 39, 43, 42, 46, 36, 38, 44, 40]","[8, 10, 0, 2, 4, 32, 28, 24, 6, 33, 29, 25, 1, 5, 9, 11, 3, 7, 14, 18, 15, 19, 23, 22, 35, 31, 27, 34, 26, 21, 13, 17, 30, 45, 41, 37, 43, 42, 47, 46, 39, 38, 20, 12, 16, 36, 44, 40]",122,122,56005,287800,NOT_IMPLEMENTED,NOT_IMPLEMENTED,NOT_IMPLEMENTED,NOT_IMPLEMENTED,NOT_IMPLEMENTED,NOT_IMPLEMENTED,NOT_IMPLEMENTED,62987.0,15,4199.133333333335,-7922.733333333332,2,22,33,0,1,0,78594,0,,,,,,,,,,,,48,,,NOT_IMPLEMENTED,,true,24,"robotsX[1],robotsX[1]',robotsY[1],robotsY[1]',robotsY[2],robotsY[2]',robotsX[0],robotsX[0]',robotsX[2],robotsX[2]',robotsY[0],robotsY[0]'","goalsY[0],goalsY[0]',goalsY[1],goalsY[1]',goalsX[0],goalsX[0]',goalsY[2],goalsY[2]',goalsX[2],goalsX[2]',goalsX[1],goalsX[1]'",0,,,,,,1,1,218976894320640,218976894320640,543726796800,996767956992,1618934235136,281474976710656,90709709291520,68719476736,CUDD,"Using BDD Package: CUDDFactory, Version: CUDD 3.0","import ""DwyerPatternsNew.spectra""",,0,0,false,false,[],[],,null
RobotsMPUnlabelled3,NOTHING,RobotsMPUnlabelled3.spectra,0,REALIZABILITY,SYS_REAL,"TEMP: false, SORT_AFTERWARDS: false, GROUP_OPTION: NO_GROUPING, INCREMENTAL_ADDITION: NO_INCREMENTAL, USE_RABIN: false, GROUP_AUX: NO_GROUPING, STATIC_ORDER: NO_STATIC_ORDERING, ROY_SIFT_MARKER: false, MAKE_LAST: false, MEMORYLESS: false, REORDER_METHOD: SIFT, NEW_PATTERN: false, INCREMENTAL_JUSTICES: NO_INCREMENTAL, REDUCED_ALGORITHM: FALSE, PARALLEL: false, ORIGINAL: false, BUCHI_INTERSECTION: false, NEW_TRIGGER: false, PARTITIONED: SINGLE_FUNC, VERIFICATION: true, CREATE_GRAPH: false",2688,0,1234,-1,81345,85267,"[0, 1, 2, 3, 4, 5, 6, 7, 8, 9, 10, 11, 12, 13, 14, 15, 16, 17, 18, 19, 20, 21, 22, 23, 24, 25, 26, 27, 28, 29, 30, 31, 32, 33, 34, 35, 36, 37, 38, 39, 40, 41, 42, 43, 44, 45, 46, 47]","[0, 1, 2, 3, 4, 5, 6, 7, 8, 9, 10, 11, 12, 13, 14, 15, 16, 17, 18, 19, 20, 21, 22, 23, 24, 25, 26, 27, 28, 29, 30, 31, 32, 33, 34, 35, 36, 37, 38, 39, 40, 41, 42, 43, 44, 45, 46, 47]","[32, 28, 8, 2, 0, 10, 4, 26, 24, 6, 34, 30, 25, 31, 33, 35, 29, 27, 5, 9, 1, 11, 3, 7, 19, 23, 15, 17, 18, 14, 21, 13, 37, 47, 45, 41, 16, 12, 22, 20, 39, 43, 42, 46, 36, 38, 44, 40]","[8, 10, 0, 2, 4, 32, 28, 24, 6, 33, 29, 25, 1, 5, 9, 11, 3, 7, 14, 18, 15, 19, 23, 22, 35, 31, 27, 34, 26, 21, 13, 17, 30, 45, 41, 37, 43, 42, 47, 46, 39, 38, 20, 12, 16, 36, 44, 40]",122,122,56031,287826,NOT_IMPLEMENTED,NOT_IMPLEMENTED,NOT_IMPLEMENTED,NOT_IMPLEMENTED,NOT_IMPLEMENTED,NOT_IMPLEMENTED,NOT_IMPLEMENTED,64992.0,15,4332.799999999998,-7921.933333333333,2,22,33,0,1,0,81266,0,,,,,,,,,,,,48,,,NOT_IMPLEMENTED,,true,24,"robotsX[0],robotsX[0]',robotsX[1],robotsX[1]',robotsY[2],robotsY[2]',robotsX[2],robotsX[2]',robotsY[0],robotsY[0]',robotsY[1],robotsY[1]'","goalsX[0],goalsX[0]',goalsX[1],goalsX[1]',goalsY[2],goalsY[2]',goalsX[2],goalsX[2]',goalsY[0],goalsY[0]',goalsY[1],goalsY[1]'",0,,,,,,1,1,218976894320640,218976894320640,543726796800,996767956992,1618934235136,281474976710656,90709709291520,68719476736,CUDD,"Using BDD Package: CUDDFactory, Version: CUDD 3.0","import ""DwyerPatternsNew.spectra""",,0,0,false,false,[],[],,null
RobotsMPUnlabelled3,MEMORYLESS,RobotsMPUnlabelled3.spectra,0,REALIZABILITY,SYS_REAL,"TEMP: false, SORT_AFTERWARDS: false, GROUP_OPTION: NO_GROUPING, INCREMENTAL_ADDITION: NO_INCREMENTAL, USE_RABIN: false, GROUP_AUX: NO_GROUPING, STATIC_ORDER: NO_STATIC_ORDERING, ROY_SIFT_MARKER: false, MAKE_LAST: false, MEMORYLESS: true, REORDER_METHOD: SIFT, NEW_PATTERN: false, INCREMENTAL_JUSTICES: NO_INCREMENTAL, REDUCED_ALGORITHM: FALSE, PARALLEL: false, ORIGINAL: false, BUCHI_INTERSECTION: false, NEW_TRIGGER: false, PARTITIONED: SINGLE_FUNC, VERIFICATION: true, CREATE_GRAPH: false",2344,16,1562,-1,80141,84063,"[0, 1, 2, 3, 4, 5, 6, 7, 8, 9, 10, 11, 12, 13, 14, 15, 16, 17, 18, 19, 20, 21, 22, 23, 24, 25, 26, 27, 28, 29, 30, 31, 32, 33, 34, 35, 36, 37, 38, 39, 40, 41, 42, 43, 44, 45, 46, 47]","[0, 1, 2, 3, 4, 5, 6, 7, 8, 9, 10, 11, 12, 13, 14, 15, 16, 17, 18, 19, 20, 21, 22, 23, 24, 25, 26, 27, 28, 29, 30, 31, 32, 33, 34, 35, 36, 37, 38, 39, 40, 41, 42, 43, 44, 45, 46, 47]","[32, 28, 8, 2, 0, 10, 4, 26, 24, 6, 34, 30, 25, 31, 33, 35, 29, 27, 5, 9, 1, 11, 3, 7, 19, 23, 15, 17, 18, 14, 21, 13, 37, 47, 45, 41, 16, 12, 22, 20, 39, 43, 42, 46, 36, 38, 44, 40]","[8, 10, 0, 2, 4, 32, 28, 24, 6, 33, 29, 25, 1, 5, 9, 11, 3, 7, 14, 18, 15, 19, 23, 22, 35, 31, 27, 34, 26, 21, 13, 17, 30, 45, 41, 37, 43, 42, 47, 46, 39, 38, 20, 12, 16, 36, 44, 40]",122,122,56005,287800,NOT_IMPLEMENTED,NOT_IMPLEMENTED,NOT_IMPLEMENTED,NOT_IMPLEMENTED,NOT_IMPLEMENTED,NOT_IMPLEMENTED,NOT_IMPLEMENTED,64273.0,15,4284.866666666665,-7922.733333333332,2,22,33,0,1,0,80094,0,,,,,,,,,,,,48,,,NOT_IMPLEMENTED,,true,24,"robotsX[0],robotsX[0]',robotsX[1],robotsX[1]',robotsY[2],robotsY[2]',robotsX[2],robotsX[2]',robotsY[0],robotsY[0]',robotsY[1],robotsY[1]'","goalsX[0],goalsX[0]',goalsX[1],goalsX[1]',goalsY[2],goalsY[2]',goalsX[2],goalsX[2]',goalsY[0],goalsY[0]',goalsY[1],goalsY[1]'",0,,,,,,1,1,218976894320640,218976894320640,543726796800,996767956992,1618934235136,281474976710656,90709709291520,68719476736,CUDD,"Using BDD Package: CUDDFactory, Version: CUDD 3.0","import ""DwyerPatternsNew.spectra""",,0,0,false,false,[],[],,null
1673819181,NOTHING,1673819181.spectra,0,REALIZABILITY,SYS_REAL,"TEMP: false, SORT_AFTERWARDS: false, GROUP_OPTION: NO_GROUPING, INCREMENTAL_ADDITION: NO_INCREMENTAL, USE_RABIN: false, GROUP_AUX: NO_GROUPING, STATIC_ORDER: NO_STATIC_ORDERING, ROY_SIFT_MARKER: false, MAKE_LAST: false, MEMORYLESS: false, REORDER_METHOD: SIFT, NEW_PATTERN: false, INCREMENTAL_JUSTICES: NO_INCREMENTAL, REDUCED_ALGORITHM: FALSE, PARALLEL: false, ORIGINAL: false, BUCHI_INTERSECTION: false, NEW_TRIGGER: false, PARTITIONED: SINGLE_FUNC, VERIFICATION: true, CREATE_GRAPH: false",2797,31,687,-1,198099,201614,"[0, 1, 2, 3, 4, 5, 6, 7, 8, 9, 10, 11, 12, 13, 14, 15, 16, 17, 18, 19, 20, 21, 22, 23, 24, 25, 26, 27, 28, 29, 30, 31, 32, 33, 34, 35, 36, 37, 38, 39, 40, 41, 42, 43, 44, 45, 46, 47, 48, 49, 50, 51, 52, 53, 54, 55, 56, 57, 58, 59, 60, 61, 62, 63, 64, 65, 66, 67, 68, 69]","[0, 1, 2, 3, 4, 5, 6, 7, 8, 9, 10, 11, 12, 13, 14, 15, 16, 17, 18, 19, 20, 21, 22, 23, 24, 25, 26, 27, 28, 29, 30, 31, 32, 33, 34, 35, 36, 37, 38, 39, 40, 41, 42, 43, 44, 45, 46, 47, 48, 49, 50, 51, 52, 53, 54, 55, 56, 57, 58, 59, 60, 61, 62, 63, 64, 65, 66, 67, 68, 69]","[55, 54, 30, 0, 32, 2, 31, 1, 35, 34, 57, 56, 4, 5, 33, 3, 43, 13, 44, 14, 46, 45, 42, 12, 15, 16, 47, 17, 65, 63, 64, 62, 58, 59, 39, 9, 6, 36, 41, 11, 10, 40, 8, 7, 38, 27, 37, 24, 29, 28, 48, 18, 21, 51, 53, 26, 25, 23, 22, 52, 49, 19, 50, 20, 60, 61, 69, 68, 66, 67]","[1, 2, 32, 31, 5, 4, 63, 65, 64, 62, 58, 59, 35, 34, 3, 0, 38, 8, 6, 36, 7, 37, 50, 30, 33, 53, 11, 56, 57, 55, 54, 41, 40, 10, 9, 39, 52, 49, 51, 29, 28, 46, 47, 48, 27, 26, 17, 16, 45, 60, 44, 15, 43, 14, 13, 42, 24, 12, 25, 18, 21, 23, 22, 20, 19, 61, 69, 68, 66, 67]",292,292,25397,30452,NOT_IMPLEMENTED,NOT_IMPLEMENTED,NOT_IMPLEMENTED,NOT_IMPLEMENTED,NOT_IMPLEMENTED,NOT_IMPLEMENTED,NOT_IMPLEMENTED,57783.0,16,3611.4375,-44284.25,2,70,650,0,1,0,198052,0,,,,,,,,,,,,70,,,NOT_IMPLEMENTED,,false,30,"robotY0,robotY0',$PATTERN:1.SYS_CONSTRAINT.1.S_responds_to_P_globally.state,$PATTERN:1.SYS_CONSTRAINT.1.S_responds_to_P_globally.state',$COUNTER:1.r1Count,$COUNTER:1.r1Count',robotY1,robotY1',robotX0,robotX0',r2BackToGound,r2BackToGound',$PATTERN:0.SYS_CONSTRAINT.0.S_responds_to_P_globally.state,$PATTERN:0.SYS_CONSTRAINT.0.S_responds_to_P_globally.state',robotX1,robotX1',r1BackToGound,r1BackToGound',$COUNTER:0.r0Count,$COUNTER:0.r0Count'","p0X,p0X',p0Y,p0Y',p1Y,p1Y',elvY,elvY',p1X,p1X'",4,,,,,,4,2,1083528615619180101632,270882153904795025408,19738226851840000,1889640737441424,1201344207800334548992,295147905179352825856,135107988821114880000,23183546269040640,CUDD,"Using BDD Package: CUDDFactory, Version: CUDD 3.0","import ""DwyerPatternsNew.spectra""",S_responds_to_P_globally,2,0,false,true,[],[],,null
1673819181,MEMORYLESS,1673819181.spectra,0,REALIZABILITY,SYS_REAL,"TEMP: false, SORT_AFTERWARDS: false, GROUP_OPTION: NO_GROUPING, INCREMENTAL_ADDITION: NO_INCREMENTAL, USE_RABIN: false, GROUP_AUX: NO_GROUPING, STATIC_ORDER: NO_STATIC_ORDERING, ROY_SIFT_MARKER: false, MAKE_LAST: false, MEMORYLESS: true, REORDER_METHOD: SIFT, NEW_PATTERN: false, INCREMENTAL_JUSTICES: NO_INCREMENTAL, REDUCED_ALGORITHM: FALSE, PARALLEL: false, ORIGINAL: false, BUCHI_INTERSECTION: false, NEW_TRIGGER: false, PARTITIONED: SINGLE_FUNC, VERIFICATION: true, CREATE_GRAPH: false",2828,16,1062,-1,188940,192846,"[0, 1, 2, 3, 4, 5, 6, 7, 8, 9, 10, 11, 12, 13, 14, 15, 16, 17, 18, 19, 20, 21, 22, 23, 24, 25, 26, 27, 28, 29, 30, 31, 32, 33, 34, 35, 36, 37, 38, 39, 40, 41, 42, 43, 44, 45, 46, 47, 48, 49, 50, 51, 52, 53, 54, 55, 56, 57, 58, 59, 60, 61, 62, 63, 64, 65, 66, 67, 68, 69]","[0, 1, 2, 3, 4, 5, 6, 7, 8, 9, 10, 11, 12, 13, 14, 15, 16, 17, 18, 19, 20, 21, 22, 23, 24, 25, 26, 27, 28, 29, 30, 31, 32, 33, 34, 35, 36, 37, 38, 39, 40, 41, 42, 43, 44, 45, 46, 47, 48, 49, 50, 51, 52, 53, 54, 55, 56, 57, 58, 59, 60, 61, 62, 63, 64, 65, 66, 67, 68, 69]","[33, 3, 35, 5, 34, 4, 32, 2, 0, 30, 1, 31, 47, 46, 57, 56, 44, 14, 43, 13, 42, 12, 45, 15, 16, 17, 39, 9, 6, 36, 65, 63, 64, 62, 58, 59, 41, 38, 8, 7, 37, 11, 10, 40, 24, 26, 25, 27, 48, 18, 21, 51, 29, 28, 50, 54, 55, 23, 22, 52, 53, 20, 49, 19, 69, 68, 66, 67, 61, 60]","[32, 31, 2, 63, 65, 64, 62, 58, 59, 1, 35, 5, 4, 34, 0, 38, 8, 6, 36, 7, 37, 30, 11, 10, 9, 41, 40, 53, 52, 39, 50, 3, 57, 56, 54, 55, 49, 51, 33, 29, 48, 28, 46, 27, 26, 25, 45, 44, 24, 43, 14, 13, 42, 47, 16, 17, 15, 12, 18, 21, 22, 23, 20, 19, 68, 69, 67, 66, 60, 61]",292,292,37533,184850,NOT_IMPLEMENTED,NOT_IMPLEMENTED,NOT_IMPLEMENTED,NOT_IMPLEMENTED,NOT_IMPLEMENTED,NOT_IMPLEMENTED,NOT_IMPLEMENTED,60764.0,18,3375.777777777777,-45051.94444444444,2,70,650,0,1,0,188924,0,,,,,,,,,,,,70,,,NOT_IMPLEMENTED,,false,30,"r2BackToGound,r2BackToGound',$COUNTER:0.r0Count,$COUNTER:0.r0Count',robotX1,robotX1',robotY0,robotY0',$PATTERN:1.SYS_CONSTRAINT.1.S_responds_to_P_globally.state,$PATTERN:1.SYS_CONSTRAINT.1.S_responds_to_P_globally.state',robotY1,robotY1',robotX0,robotX0',$COUNTER:1.r1Count,$COUNTER:1.r1Count',$PATTERN:0.SYS_CONSTRAINT.0.S_responds_to_P_globally.state,$PATTERN:0.SYS_CONSTRAINT.0.S_responds_to_P_globally.state',r1BackToGound,r1BackToGound'","p1X,p1X',p0Y,p0Y',p1Y,p1Y',p0X,p0X',elvY,elvY'",4,,,,,,4,2,1083528615619180101632,270882153904795025408,19738226851840000,1889640737441424,1201344207800334548992,295147905179352825856,135107988821114880000,23183546269040640,CUDD,"Using BDD Package: CUDDFactory, Version: CUDD 3.0","import ""DwyerPatternsNew.spectra""",S_responds_to_P_globally,2,0,false,true,[],[],,null
1673819181,NOTHING,1673819181.spectra,0,REALIZABILITY,SYS_REAL,"TEMP: false, SORT_AFTERWARDS: false, GROUP_OPTION: NO_GROUPING, INCREMENTAL_ADDITION: NO_INCREMENTAL, USE_RABIN: false, GROUP_AUX: NO_GROUPING, STATIC_ORDER: NO_STATIC_ORDERING, ROY_SIFT_MARKER: false, MAKE_LAST: false, MEMORYLESS: false, REORDER_METHOD: SIFT, NEW_PATTERN: false, INCREMENTAL_JUSTICES: NO_INCREMENTAL, REDUCED_ALGORITHM: FALSE, PARALLEL: false, ORIGINAL: false, BUCHI_INTERSECTION: false, NEW_TRIGGER: false, PARTITIONED: SINGLE_FUNC, VERIFICATION: true, CREATE_GRAPH: false",2469,15,1125,-1,153127,156736,"[0, 1, 2, 3, 4, 5, 6, 7, 8, 9, 10, 11, 12, 13, 14, 15, 16, 17, 18, 19, 20, 21, 22, 23, 24, 25, 26, 27, 28, 29, 30, 31, 32, 33, 34, 35, 36, 37, 38, 39, 40, 41, 42, 43, 44, 45, 46, 47, 48, 49, 50, 51, 52, 53, 54, 55, 56, 57, 58, 59, 60, 61, 62, 63, 64, 65, 66, 67, 68, 69]","[0, 1, 2, 3, 4, 5, 6, 7, 8, 9, 10, 11, 12, 13, 14, 15, 16, 17, 18, 19, 20, 21, 22, 23, 24, 25, 26, 27, 28, 29, 30, 31, 32, 33, 34, 35, 36, 37, 38, 39, 40, 41, 42, 43, 44, 45, 46, 47, 48, 49, 50, 51, 52, 53, 54, 55, 56, 57, 58, 59, 60, 61, 62, 63, 64, 65, 66, 67, 68, 69]","[33, 3, 35, 5, 34, 4, 32, 2, 0, 30, 1, 31, 47, 46, 57, 56, 44, 14, 43, 13, 42, 12, 45, 15, 16, 17, 39, 9, 6, 36, 65, 63, 64, 62, 58, 59, 41, 38, 8, 7, 37, 11, 10, 40, 24, 26, 25, 27, 48, 18, 21, 51, 29, 28, 50, 54, 55, 23, 22, 52, 53, 20, 49, 19, 69, 68, 66, 67, 61, 60]","[34, 4, 5, 35, 2, 63, 65, 64, 62, 58, 59, 1, 0, 38, 8, 41, 7, 37, 6, 36, 32, 31, 56, 57, 55, 54, 48, 30, 33, 11, 3, 10, 49, 9, 52, 40, 53, 39, 50, 51, 29, 46, 28, 47, 27, 26, 24, 25, 43, 45, 44, 42, 16, 13, 15, 17, 14, 12, 18, 21, 22, 23, 19, 20, 68, 69, 67, 66, 60, 61]",292,292,37533,26323,NOT_IMPLEMENTED,NOT_IMPLEMENTED,NOT_IMPLEMENTED,NOT_IMPLEMENTED,NOT_IMPLEMENTED,NOT_IMPLEMENTED,NOT_IMPLEMENTED,57084.0,18,3171.333333333333,-39618.33333333334,2,70,650,0,1,0,153096,0,,,,,,,,,,,,70,,,NOT_IMPLEMENTED,,false,30,"robotY0,robotY0',$PATTERN:1.SYS_CONSTRAINT.1.S_responds_to_P_globally.state,$PATTERN:1.SYS_CONSTRAINT.1.S_responds_to_P_globally.state',$COUNTER:1.r1Count,$COUNTER:1.r1Count',robotY1,robotY1',robotX0,robotX0',r2BackToGound,r2BackToGound',$PATTERN:0.SYS_CONSTRAINT.0.S_responds_to_P_globally.state,$PATTERN:0.SYS_CONSTRAINT.0.S_responds_to_P_globally.state',robotX1,robotX1',r1BackToGound,r1BackToGound',$COUNTER:0.r0Count,$COUNTER:0.r0Count'","p0X,p0X',p0Y,p0Y',p1Y,p1Y',elvY,elvY',p1X,p1X'",4,,,,,,4,2,1083528615619180101632,270882153904795025408,19738226851840000,1889640737441424,1201344207800334548992,295147905179352825856,135107988821114880000,23183546269040640,CUDD,"Using BDD Package: CUDDFactory, Version: CUDD 3.0","import ""DwyerPatternsNew.spectra""",S_responds_to_P_globally,2,0,false,true,[],[],,null
1673819181,MEMORYLESS,1673819181.spectra,0,REALIZABILITY,SYS_REAL,"TEMP: false, SORT_AFTERWARDS: false, GROUP_OPTION: NO_GROUPING, INCREMENTAL_ADDITION: NO_INCREMENTAL, USE_RABIN: false, GROUP_AUX: NO_GROUPING, STATIC_ORDER: NO_STATIC_ORDERING, ROY_SIFT_MARKER: false, MAKE_LAST: false, MEMORYLESS: true, REORDER_METHOD: SIFT, NEW_PATTERN: false, INCREMENTAL_JUSTICES: NO_INCREMENTAL, REDUCED_ALGORITHM: FALSE, PARALLEL: false, ORIGINAL: false, BUCHI_INTERSECTION: false, NEW_TRIGGER: false, PARTITIONED: SINGLE_FUNC, VERIFICATION: true, CREATE_GRAPH: false",2547,16,453,-1,44672,47688,"[0, 1, 2, 3, 4, 5, 6, 7, 8, 9, 10, 11, 12, 13, 14, 15, 16, 17, 18, 19, 20, 21, 22, 23, 24, 25, 26, 27, 28, 29, 30, 31, 32, 33, 34, 35, 36, 37, 38, 39, 40, 41, 42, 43, 44, 45, 46, 47, 48, 49, 50, 51, 52, 53, 54, 55, 56, 57, 58, 59, 60, 61, 62, 63, 64, 65, 66, 67, 68, 69]","[0, 1, 2, 3, 4, 5, 6, 7, 8, 9, 10, 11, 12, 13, 14, 15, 16, 17, 18, 19, 20, 21, 22, 23, 24, 25, 26, 27, 28, 29, 30, 31, 32, 33, 34, 35, 36, 37, 38, 39, 40, 41, 42, 43, 44, 45, 46, 47, 48, 49, 50, 51, 52, 53, 54, 55, 56, 57, 58, 59, 60, 61, 62, 63, 64, 65, 66, 67, 68, 69]","[65, 63, 64, 62, 58, 59, 35, 34, 32, 5, 4, 31, 2, 1, 3, 30, 0, 46, 33, 47, 36, 6, 38, 8, 7, 37, 10, 11, 44, 14, 43, 13, 45, 42, 9, 12, 15, 17, 16, 39, 27, 41, 24, 40, 29, 28, 51, 48, 18, 21, 54, 55, 25, 26, 50, 49, 23, 22, 19, 20, 52, 53, 56, 57, 60, 61, 69, 68, 66, 67]","[58, 59, 63, 65, 62, 64, 32, 2, 1, 35, 34, 5, 4, 0, 38, 8, 41, 7, 37, 11, 10, 6, 36, 31, 30, 40, 9, 39, 3, 53, 50, 49, 33, 52, 55, 54, 57, 29, 28, 56, 51, 48, 26, 25, 24, 47, 27, 46, 45, 44, 43, 42, 17, 16, 15, 12, 13, 14, 21, 22, 23, 60, 18, 20, 19, 61, 69, 68, 66, 67]",292,292,18074,176420,NOT_IMPLEMENTED,NOT_IMPLEMENTED,NOT_IMPLEMENTED,NOT_IMPLEMENTED,NOT_IMPLEMENTED,NOT_IMPLEMENTED,NOT_IMPLEMENTED,15518.0,16,969.875,-11452.125,2,70,650,0,1,0,44625,0,,,,,,,,,,,,70,,,NOT_IMPLEMENTED,,false,30,"robotY0,robotY0',$PATTERN:1.SYS_CONSTRAINT.1.S_responds_to_P_globally.state,$PATTERN:1.SYS_CONSTRAINT.1.S_responds_to_P_globally.state',$COUNTER:1.r1Count,$COUNTER:1.r1Count',robotY1,robotY1',robotX0,robotX0',r2BackToGound,r2BackToGound',$PATTERN:0.SYS_CONSTRAINT.0.S_responds_to_P_globally.state,$PATTERN:0.SYS_CONSTRAINT.0.S_responds_to_P_globally.state',robotX1,robotX1',r1BackToGound,r1BackToGound',$COUNTER:0.r0Count,$COUNTER:0.r0Count'","p0X,p0X',p0Y,p0Y',p1Y,p1Y',elvY,elvY',p1X,p1X'",4,,,,,,4,2,1083528615619180101632,270882153904795025408,19738226851840000,1889640737441424,1201344207800334548992,295147905179352825856,135107988821114880000,23183546269040640,CUDD,"Using BDD Package: CUDDFactory, Version: CUDD 3.0","import ""DwyerPatternsNew.spectra""",S_responds_to_P_globally,2,0,false,true,[],[],,null
1673819181,NOTHING,1673819181.spectra,0,REALIZABILITY,SYS_REAL,"TEMP: false, SORT_AFTERWARDS: false, GROUP_OPTION: NO_GROUPING, INCREMENTAL_ADDITION: NO_INCREMENTAL, USE_RABIN: false, GROUP_AUX: NO_GROUPING, STATIC_ORDER: NO_STATIC_ORDERING, ROY_SIFT_MARKER: false, MAKE_LAST: false, MEMORYLESS: false, REORDER_METHOD: SIFT, NEW_PATTERN: false, INCREMENTAL_JUSTICES: NO_INCREMENTAL, REDUCED_ALGORITHM: FALSE, PARALLEL: false, ORIGINAL: false, BUCHI_INTERSECTION: false, NEW_TRIGGER: false, PARTITIONED: SINGLE_FUNC, VERIFICATION: true, CREATE_GRAPH: false",2937,16,1062,-1,156017,160032,"[0, 1, 2, 3, 4, 5, 6, 7, 8, 9, 10, 11, 12, 13, 14, 15, 16, 17, 18, 19, 20, 21, 22, 23, 24, 25, 26, 27, 28, 29, 30, 31, 32, 33, 34, 35, 36, 37, 38, 39, 40, 41, 42, 43, 44, 45, 46, 47, 48, 49, 50, 51, 52, 53, 54, 55, 56, 57, 58, 59, 60, 61, 62, 63, 64, 65, 66, 67, 68, 69]","[0, 1, 2, 3, 4, 5, 6, 7, 8, 9, 10, 11, 12, 13, 14, 15, 16, 17, 18, 19, 20, 21, 22, 23, 24, 25, 26, 27, 28, 29, 30, 31, 32, 33, 34, 35, 36, 37, 38, 39, 40, 41, 42, 43, 44, 45, 46, 47, 48, 49, 50, 51, 52, 53, 54, 55, 56, 57, 58, 59, 60, 61, 62, 63, 64, 65, 66, 67, 68, 69]","[33, 3, 35, 5, 34, 4, 32, 2, 0, 30, 1, 31, 47, 46, 57, 56, 44, 14, 43, 13, 42, 12, 45, 15, 16, 17, 39, 9, 6, 36, 65, 63, 64, 62, 58, 59, 41, 38, 8, 7, 37, 11, 10, 40, 24, 26, 25, 27, 48, 18, 21, 51, 29, 28, 50, 54, 55, 23, 22, 52, 53, 20, 49, 19, 69, 68, 66, 67, 61, 60]","[34, 4, 5, 35, 2, 63, 65, 64, 62, 58, 59, 1, 0, 38, 8, 41, 7, 37, 6, 36, 32, 31, 56, 57, 55, 54, 48, 30, 33, 11, 3, 10, 49, 9, 52, 40, 53, 39, 50, 51, 29, 46, 28, 47, 27, 26, 24, 25, 43, 45, 44, 42, 16, 13, 15, 17, 14, 12, 18, 21, 22, 23, 19, 20, 68, 69, 67, 66, 60, 61]",292,292,37533,26323,NOT_IMPLEMENTED,NOT_IMPLEMENTED,NOT_IMPLEMENTED,NOT_IMPLEMENTED,NOT_IMPLEMENTED,NOT_IMPLEMENTED,NOT_IMPLEMENTED,60374.0,18,3354.111111111112,-39618.33333333334,2,70,650,0,1,0,155986,0,,,,,,,,,,,,70,,,NOT_IMPLEMENTED,,false,30,"robotY0,robotY0',$PATTERN:1.SYS_CONSTRAINT.1.S_responds_to_P_globally.state,$PATTERN:1.SYS_CONSTRAINT.1.S_responds_to_P_globally.state',$COUNTER:1.r1Count,$COUNTER:1.r1Count',robotY1,robotY1',robotX0,robotX0',r2BackToGound,r2BackToGound',$PATTERN:0.SYS_CONSTRAINT.0.S_responds_to_P_globally.state,$PATTERN:0.SYS_CONSTRAINT.0.S_responds_to_P_globally.state',robotX1,robotX1',r1BackToGound,r1BackToGound',$COUNTER:0.r0Count,$COUNTER:0.r0Count'","p0X,p0X',p0Y,p0Y',p1Y,p1Y',elvY,elvY',p1X,p1X'",4,,,,,,4,2,1083528615619180101632,270882153904795025408,19738226851840000,1889640737441424,1201344207800334548992,295147905179352825856,135107988821114880000,23183546269040640,CUDD,"Using BDD Package: CUDDFactory, Version: CUDD 3.0","import ""DwyerPatternsNew.spectra""",S_responds_to_P_globally,2,0,false,true,[],[],,null
1673819181,MEMORYLESS,1673819181.spectra,0,REALIZABILITY,SYS_REAL,"TEMP: false, SORT_AFTERWARDS: false, GROUP_OPTION: NO_GROUPING, INCREMENTAL_ADDITION: NO_INCREMENTAL, USE_RABIN: false, GROUP_AUX: NO_GROUPING, STATIC_ORDER: NO_STATIC_ORDERING, ROY_SIFT_MARKER: false, MAKE_LAST: false, MEMORYLESS: true, REORDER_METHOD: SIFT, NEW_PATTERN: false, INCREMENTAL_JUSTICES: NO_INCREMENTAL, REDUCED_ALGORITHM: FALSE, PARALLEL: false, ORIGINAL: false, BUCHI_INTERSECTION: false, NEW_TRIGGER: false, PARTITIONED: SINGLE_FUNC, VERIFICATION: true, CREATE_GRAPH: false",2344,0,1125,-1,179377,182846,"[0, 1, 2, 3, 4, 5, 6, 7, 8, 9, 10, 11, 12, 13, 14, 15, 16, 17, 18, 19, 20, 21, 22, 23, 24, 25, 26, 27, 28, 29, 30, 31, 32, 33, 34, 35, 36, 37, 38, 39, 40, 41, 42, 43, 44, 45, 46, 47, 48, 49, 50, 51, 52, 53, 54, 55, 56, 57, 58, 59, 60, 61, 62, 63, 64, 65, 66, 67, 68, 69]","[0, 1, 2, 3, 4, 5, 6, 7, 8, 9, 10, 11, 12, 13, 14, 15, 16, 17, 18, 19, 20, 21, 22, 23, 24, 25, 26, 27, 28, 29, 30, 31, 32, 33, 34, 35, 36, 37, 38, 39, 40, 41, 42, 43, 44, 45, 46, 47, 48, 49, 50, 51, 52, 53, 54, 55, 56, 57, 58, 59, 60, 61, 62, 63, 64, 65, 66, 67, 68, 69]","[33, 3, 35, 5, 34, 4, 32, 2, 0, 30, 1, 31, 46, 47, 57, 56, 44, 14, 43, 13, 42, 12, 45, 15, 16, 17, 39, 9, 6, 36, 41, 11, 10, 40, 65, 63, 64, 62, 58, 59, 7, 8, 38, 37, 24, 26, 25, 27, 48, 18, 21, 51, 29, 28, 49, 53, 23, 22, 52, 19, 50, 20, 54, 55, 60, 61, 69, 68, 66, 67]","[35, 5, 4, 34, 2, 1, 32, 31, 3, 33, 63, 65, 64, 62, 58, 59, 0, 38, 8, 6, 36, 7, 37, 30, 41, 11, 40, 10, 9, 17, 29, 54, 56, 39, 57, 55, 53, 47, 46, 50, 16, 44, 15, 45, 43, 14, 13, 42, 12, 28, 27, 51, 48, 24, 49, 25, 26, 52, 21, 22, 23, 18, 19, 20, 60, 61, 69, 68, 66, 67]",292,292,39326,265601,NOT_IMPLEMENTED,NOT_IMPLEMENTED,NOT_IMPLEMENTED,NOT_IMPLEMENTED,NOT_IMPLEMENTED,NOT_IMPLEMENTED,NOT_IMPLEMENTED,65860.0,17,3874.117647058822,-39505.588235294126,2,70,650,0,1,0,179377,0,,,,,,,,,,,,70,,,NOT_IMPLEMENTED,,false,30,"r2BackToGound,r2BackToGound',$COUNTER:0.r0Count,$COUNTER:0.r0Count',robotX1,robotX1',robotY0,robotY0',$PATTERN:1.SYS_CONSTRAINT.1.S_responds_to_P_globally.state,$PATTERN:1.SYS_CONSTRAINT.1.S_responds_to_P_globally.state',robotY1,robotY1',robotX0,robotX0',$COUNTER:1.r1Count,$COUNTER:1.r1Count',$PATTERN:0.SYS_CONSTRAINT.0.S_responds_to_P_globally.state,$PATTERN:0.SYS_CONSTRAINT.0.S_responds_to_P_globally.state',r1BackToGound,r1BackToGound'","p1X,p1X',p0Y,p0Y',p1Y,p1Y',p0X,p0X',elvY,elvY'",4,,,,,,4,2,1083528615619180101632,270882153904795025408,19738226851840000,1889640737441424,1201344207800334548992,295147905179352825856,135107988821114880000,23183546269040640,CUDD,"Using BDD Package: CUDDFactory, Version: CUDD 3.0","import ""DwyerPatternsNew.spectra""",S_responds_to_P_globally,2,0,false,true,[],[],,null
1673821936,NOTHING,1673821936.spectra,0,REALIZABILITY,SYS_REAL,"TEMP: false, SORT_AFTERWARDS: false, GROUP_OPTION: NO_GROUPING, INCREMENTAL_ADDITION: NO_INCREMENTAL, USE_RABIN: false, GROUP_AUX: NO_GROUPING, STATIC_ORDER: NO_STATIC_ORDERING, ROY_SIFT_MARKER: false, MAKE_LAST: false, MEMORYLESS: false, REORDER_METHOD: SIFT, NEW_PATTERN: false, INCREMENTAL_JUSTICES: NO_INCREMENTAL, REDUCED_ALGORITHM: FALSE, PARALLEL: false, ORIGINAL: false, BUCHI_INTERSECTION: false, NEW_TRIGGER: false, PARTITIONED: SINGLE_FUNC, VERIFICATION: true, CREATE_GRAPH: false",2718,32,671,-1,41657,45078,"[0, 1, 2, 3, 4, 5, 6, 7, 8, 9, 10, 11, 12, 13, 14, 15, 16, 17, 18, 19, 20, 21, 22, 23, 24, 25, 26, 27, 28, 29, 30, 31, 32, 33, 34, 35, 36, 37, 38, 39, 40, 41, 42, 43, 44, 45, 46, 47, 48, 49, 50, 51, 52, 53, 54, 55, 56, 57, 58, 59, 60, 61, 62, 63, 64, 65, 66, 67, 68, 69]","[0, 1, 2, 3, 4, 5, 6, 7, 8, 9, 10, 11, 12, 13, 14, 15, 16, 17, 18, 19, 20, 21, 22, 23, 24, 25, 26, 27, 28, 29, 30, 31, 32, 33, 34, 35, 36, 37, 38, 39, 40, 41, 42, 43, 44, 45, 46, 47, 48, 49, 50, 51, 52, 53, 54, 55, 56, 57, 58, 59, 60, 61, 62, 63, 64, 65, 66, 67, 68, 69]","[55, 54, 31, 7, 32, 8, 35, 34, 10, 11, 30, 6, 39, 15, 12, 36, 63, 65, 64, 62, 58, 59, 57, 56, 33, 9, 46, 47, 3, 41, 17, 14, 13, 16, 37, 38, 51, 48, 24, 0, 40, 27, 5, 2, 45, 1, 4, 42, 18, 43, 19, 21, 22, 23, 20, 44, 50, 29, 28, 26, 49, 25, 52, 53, 60, 61, 69, 68, 66, 67]","[63, 65, 62, 64, 58, 59, 32, 31, 7, 8, 35, 34, 11, 10, 9, 14, 38, 6, 13, 37, 12, 36, 50, 30, 41, 17, 16, 40, 53, 15, 39, 33, 57, 56, 55, 48, 54, 51, 49, 5, 4, 52, 3, 2, 1, 0, 47, 46, 45, 44, 43, 42, 18, 19, 22, 23, 21, 20, 27, 28, 29, 24, 25, 26, 60, 61, 68, 69, 67, 66]",292,292,20541,19783,NOT_IMPLEMENTED,NOT_IMPLEMENTED,NOT_IMPLEMENTED,NOT_IMPLEMENTED,NOT_IMPLEMENTED,NOT_IMPLEMENTED,NOT_IMPLEMENTED,8109.0,17,477.0,-8131.470588235294,2,84,780,0,1,0,41626,0,,,,,,,,,,,,70,,,NOT_IMPLEMENTED,,false,30,"robot0BackAtFloor,robot0BackAtFloor',$PATTERN:0.SYS_CONSTRAINT.0.S_responds_to_P_globally.state,$PATTERN:0.SYS_CONSTRAINT.0.S_responds_to_P_globally.state',$COUNTER:1.packagesCounter1,$COUNTER:1.packagesCounter1',$COUNTER:0.packagesCounter0,$COUNTER:0.packagesCounter0',robotX1,robotX1',robot1BackAtFloor,robot1BackAtFloor',robotY0,robotY0',$PATTERN:1.SYS_CONSTRAINT.1.S_responds_to_P_globally.state,$PATTERN:1.SYS_CONSTRAINT.1.S_responds_to_P_globally.state',robotY1,robotY1',robotX0,robotX0'","elevatorY,elevatorY',lamp1X,lamp1X',lamp0Y,lamp0Y',lamp0X,lamp0X',lamp1Y,lamp1Y'",4,,,,,,6,2,1082812080796349759488,270703020199087439872,19738226851840000,1840260008137320,1496492112979687374848,295147905179352825856,135107988821114880000,23183546269040640,CUDD,"Using BDD Package: CUDDFactory, Version: CUDD 3.0","import ""DwyerPatternsNew.spectra""",S_responds_to_P_globally,2,0,false,true,[],[],,null
1673821936,MEMORYLESS,1673821936.spectra,0,REALIZABILITY,SYS_REAL,"TEMP: false, SORT_AFTERWARDS: false, GROUP_OPTION: NO_GROUPING, INCREMENTAL_ADDITION: NO_INCREMENTAL, USE_RABIN: false, GROUP_AUX: NO_GROUPING, STATIC_ORDER: NO_STATIC_ORDERING, ROY_SIFT_MARKER: false, MAKE_LAST: false, MEMORYLESS: true, REORDER_METHOD: SIFT, NEW_PATTERN: false, INCREMENTAL_JUSTICES: NO_INCREMENTAL, REDUCED_ALGORITHM: FALSE, PARALLEL: false, ORIGINAL: false, BUCHI_INTERSECTION: false, NEW_TRIGGER: false, PARTITIONED: SINGLE_FUNC, VERIFICATION: true, CREATE_GRAPH: false",2485,15,922,-1,43485,46907,"[0, 1, 2, 3, 4, 5, 6, 7, 8, 9, 10, 11, 12, 13, 14, 15, 16, 17, 18, 19, 20, 21, 22, 23, 24, 25, 26, 27, 28, 29, 30, 31, 32, 33, 34, 35, 36, 37, 38, 39, 40, 41, 42, 43, 44, 45, 46, 47, 48, 49, 50, 51, 52, 53, 54, 55, 56, 57, 58, 59, 60, 61, 62, 63, 64, 65, 66, 67, 68, 69]","[0, 1, 2, 3, 4, 5, 6, 7, 8, 9, 10, 11, 12, 13, 14, 15, 16, 17, 18, 19, 20, 21, 22, 23, 24, 25, 26, 27, 28, 29, 30, 31, 32, 33, 34, 35, 36, 37, 38, 39, 40, 41, 42, 43, 44, 45, 46, 47, 48, 49, 50, 51, 52, 53, 54, 55, 56, 57, 58, 59, 60, 61, 62, 63, 64, 65, 66, 67, 68, 69]","[55, 54, 31, 32, 7, 8, 35, 34, 10, 11, 30, 6, 65, 63, 64, 62, 58, 59, 57, 56, 33, 9, 39, 15, 12, 36, 41, 17, 16, 14, 13, 37, 38, 47, 46, 3, 40, 45, 5, 4, 43, 42, 0, 1, 2, 18, 19, 48, 21, 24, 51, 20, 44, 23, 22, 50, 27, 29, 28, 52, 26, 49, 25, 53, 60, 61, 69, 68, 66, 67]","[63, 65, 62, 64, 58, 59, 31, 32, 7, 8, 35, 34, 11, 10, 9, 33, 6, 41, 14, 38, 17, 50, 12, 36, 13, 37, 30, 16, 40, 53, 15, 39, 49, 52, 55, 54, 57, 56, 5, 4, 48, 51, 3, 2, 1, 0, 47, 46, 45, 44, 43, 42, 18, 19, 22, 23, 21, 20, 27, 28, 29, 24, 25, 26, 60, 61, 69, 68, 66, 67]",292,292,15746,193888,NOT_IMPLEMENTED,NOT_IMPLEMENTED,NOT_IMPLEMENTED,NOT_IMPLEMENTED,NOT_IMPLEMENTED,NOT_IMPLEMENTED,NOT_IMPLEMENTED,8137.0,18,452.0555555555555,-7280.333333333332,2,84,780,0,1,0,43469,0,,,,,,,,,,,,70,,,NOT_IMPLEMENTED,,false,30,"robot0BackAtFloor,robot0BackAtFloor',$PATTERN:0.SYS_CONSTRAINT.0.S_responds_to_P_globally.state,$PATTERN:0.SYS_CONSTRAINT.0.S_responds_to_P_globally.state',$COUNTER:1.packagesCounter1,$COUNTER:1.packagesCounter1',$COUNTER:0.packagesCounter0,$COUNTER:0.packagesCounter0',robotX1,robotX1',robot1BackAtFloor,robot1BackAtFloor',robotY0,robotY0',$PATTERN:1.SYS_CONSTRAINT.1.S_responds_to_P_globally.state,$PATTERN:1.SYS_CONSTRAINT.1.S_responds_to_P_globally.state',robotY1,robotY1',robotX0,robotX0'","elevatorY,elevatorY',lamp1X,lamp1X',lamp0Y,lamp0Y',lamp0X,lamp0X',lamp1Y,lamp1Y'",4,,,,,,6,2,1082812080796349759488,270703020199087439872,19738226851840000,1840260008137320,1496492112979687374848,295147905179352825856,135107988821114880000,23183546269040640,CUDD,"Using BDD Package: CUDDFactory, Version: CUDD 3.0","import ""DwyerPatternsNew.spectra""",S_responds_to_P_globally,2,0,false,true,[],[],,null
1673821936,NOTHING,1673821936.spectra,0,REALIZABILITY,SYS_REAL,"TEMP: false, SORT_AFTERWARDS: false, GROUP_OPTION: NO_GROUPING, INCREMENTAL_ADDITION: NO_INCREMENTAL, USE_RABIN: false, GROUP_AUX: NO_GROUPING, STATIC_ORDER: NO_STATIC_ORDERING, ROY_SIFT_MARKER: false, MAKE_LAST: false, MEMORYLESS: false, REORDER_METHOD: SIFT, NEW_PATTERN: false, INCREMENTAL_JUSTICES: NO_INCREMENTAL, REDUCED_ALGORITHM: FALSE, PARALLEL: false, ORIGINAL: false, BUCHI_INTERSECTION: false, NEW_TRIGGER: false, PARTITIONED: SINGLE_FUNC, VERIFICATION: true, CREATE_GRAPH: false",2062,16,1062,-1,48360,51500,"[0, 1, 2, 3, 4, 5, 6, 7, 8, 9, 10, 11, 12, 13, 14, 15, 16, 17, 18, 19, 20, 21, 22, 23, 24, 25, 26, 27, 28, 29, 30, 31, 32, 33, 34, 35, 36, 37, 38, 39, 40, 41, 42, 43, 44, 45, 46, 47, 48, 49, 50, 51, 52, 53, 54, 55, 56, 57, 58, 59, 60, 61, 62, 63, 64, 65, 66, 67, 68, 69]","[0, 1, 2, 3, 4, 5, 6, 7, 8, 9, 10, 11, 12, 13, 14, 15, 16, 17, 18, 19, 20, 21, 22, 23, 24, 25, 26, 27, 28, 29, 30, 31, 32, 33, 34, 35, 36, 37, 38, 39, 40, 41, 42, 43, 44, 45, 46, 47, 48, 49, 50, 51, 52, 53, 54, 55, 56, 57, 58, 59, 60, 61, 62, 63, 64, 65, 66, 67, 68, 69]","[54, 55, 32, 31, 7, 8, 35, 34, 10, 11, 33, 9, 30, 6, 65, 63, 64, 62, 58, 59, 57, 56, 46, 47, 36, 12, 39, 15, 3, 0, 41, 14, 13, 37, 17, 16, 38, 40, 45, 5, 4, 42, 1, 2, 21, 43, 50, 51, 44, 18, 19, 20, 26, 49, 23, 22, 25, 48, 24, 29, 28, 27, 52, 53, 60, 61, 68, 69, 66, 67]","[58, 59, 63, 65, 62, 64, 32, 31, 8, 7, 35, 34, 11, 10, 9, 6, 36, 12, 14, 38, 17, 13, 37, 41, 40, 16, 50, 30, 15, 39, 33, 57, 56, 54, 55, 53, 49, 52, 5, 4, 48, 51, 60, 2, 1, 0, 47, 3, 46, 45, 44, 43, 42, 18, 19, 22, 23, 21, 20, 27, 28, 29, 24, 26, 25, 61, 69, 68, 67, 66]",292,292,19020,24470,NOT_IMPLEMENTED,NOT_IMPLEMENTED,NOT_IMPLEMENTED,NOT_IMPLEMENTED,NOT_IMPLEMENTED,NOT_IMPLEMENTED,NOT_IMPLEMENTED,17041.0,19,896.8947368421055,-8426.631578947368,2,84,780,0,1,0,48328,0,,,,,,,,,,,,70,,,NOT_IMPLEMENTED,,false,30,"robot0BackAtFloor,robot0BackAtFloor',$PATTERN:0.SYS_CONSTRAINT.0.S_responds_to_P_globally.state,$PATTERN:0.SYS_CONSTRAINT.0.S_responds_to_P_globally.state',$COUNTER:1.packagesCounter1,$COUNTER:1.packagesCounter1',$COUNTER:0.packagesCounter0,$COUNTER:0.packagesCounter0',robotX1,robotX1',robot1BackAtFloor,robot1BackAtFloor',robotY0,robotY0',$PATTERN:1.SYS_CONSTRAINT.1.S_responds_to_P_globally.state,$PATTERN:1.SYS_CONSTRAINT.1.S_responds_to_P_globally.state',robotY1,robotY1',robotX0,robotX0'","elevatorY,elevatorY',lamp1X,lamp1X',lamp0Y,lamp0Y',lamp0X,lamp0X',lamp1Y,lamp1Y'",4,,,,,,6,2,1082812080796349759488,270703020199087439872,19738226851840000,1840260008137320,1496492112979687374848,295147905179352825856,135107988821114880000,23183546269040640,CUDD,"Using BDD Package: CUDDFactory, Version: CUDD 3.0","import ""DwyerPatternsNew.spectra""",S_responds_to_P_globally,2,0,false,true,[],[],,null
