Spec,RunConfig,UniqueIdentifier,TIMEOUT,ActionType,Result,CONFIG_TXT,INITIAL_BDD_TIME,HEURISTICS_TIME,SECOND_STEP_TIME,PARALLEL_OVERHEAD_TIME,WORK_TIME,TOTAL_TIME,PRE_ROYBDD_ORDER,POST_HEURISTICS_ORDER,POST_SECOND_STEP_ORDER,POST_WORK_ORDER,PRE_ROYBDD_NODE_SIZE,POST_HEURISTICS_NODE_SIZE,POST_SECOND_STEP_NODE_SIZE,POST_WORK_NODE_SIZE,AVERAGE_AUX_SIZE,AVERAGE_SYS_DOM_IN_CONSTRAINT,AVERAGE_ENV_DOM_IN_CONSTRAINT,AVERAGE_SYS_DOM_SIZE,AVERAGE_ENV_DOM_SIZE,AVERAGE_CONSTRAINT_COMPLEXITY,INTERCONNECTNESS_INDEX,TOTAL_REORDER_TIME,REORDER_CALL_AMOUNT,AVERAGE_REORDER_TIME,AVERAGE_REORDER_GAIN,Z_FIXPOINTS,Y_FIXPOINTS,X_FIXPOINTS,W_FIXPOINTS,REAL_CASES,UNREAL_CASES,REAL_TIME,UNREAL_TIME,GRAPH_DATA,CLUSTER_INC_DATA,CLUSTER_VAR_DATA,DOMAIN_GRAPH_DATA,CONSTRAINT_GRAPH_DATA,JUST_STRING_COUNT,JUST_STRING_ENV_COUNT,TRANS_STRING_SYS_COUNT,TRANS_STRING_ENV_COUNT,INI_STRING_ENV_COUNT,INI_STRING_SYS_COUNT,TOTAL_VARS,SYS_VARS,ENV_VARS,AUX_VARS,UNUSED_CONS_VARS,ARRAYS_INSTANCES,TOTAL_DOMS,SYS_DOMS,ENV_DOMS,AUX_DOMS,DOMS_NOT_QUANTIFIED,INI_SYS_CONSTRAINTS,INI_ENV_CONSTRAINTS,TRANS_ENV_CONSTRAINTS,TRANS_SYS_CONSTRAINTS,JUSTICE_SYS_AMOUNT,JUSTICE_ENV_AMOUNT,Z_SAT_COUNT,Z_SAT_COUNT_START_S0,TRANS_ENV_SAT,TRANS_SYS_SAT,JUSTS_SYS_SAT,JUSTS_ENV_SAT,INI_ENV_SAT,INI_SYS_SAT,FACTORY_TYPE,BDDPACKAGE,IMPORT,UNIQUE_PATTERNS,PATTERN_INSTANCES,TRIGGER_INSTANCES,MONITORS_INSTANCES,COUNTERS_INSTANCES,REDUCED_PATTERN,REDUCED_TRIGGER,SWAPPED_TO_ORIGINAL,ADDITIONAL
1670057023,NOTHING,1670057023.spectra,0,WELL_SEPARATION,NOT_WEAK,"TEMP: false, SORT_AFTERWARDS: false, GROUP_OPTION: NO_GROUPING, INCREMENTAL_ADDITION: NO_INCREMENTAL, USE_RABIN: false, GROUP_AUX: NO_GROUPING, STATIC_ORDER: NO_STATIC_ORDERING, ROY_SIFT_MARKER: false, MAKE_LAST: false, MEMORYLESS: false, REORDER_METHOD: SIFT, NEW_PATTERN: false, INCREMENTAL_JUSTICES: NO_INCREMENTAL, REDUCED_ALGORITHM: FALSE, PARALLEL: false, ORIGINAL: false, BUCHI_INTERSECTION: false, NEW_TRIGGER: false, PARTITIONED: SINGLE_FUNC, VERIFICATION: true, CREATE_GRAPH: false",2750,47,671,-1,33033,36501,"[0, 1, 2, 3, 4, 5, 6, 7, 8, 9, 10, 11, 12, 13, 14, 15, 16, 17, 18, 19, 20, 21, 22, 23, 24, 25, 26, 27, 28, 29, 30, 31, 32, 33, 34, 35, 36, 37, 38, 39, 40, 41, 42, 43, 44, 45, 46, 47, 48, 49, 50, 51, 52, 53, 54, 55, 56, 57, 58, 59, 60, 61, 62, 63, 64, 65, 66, 67, 68, 69, 70, 71]","[0, 1, 2, 3, 4, 5, 6, 7, 8, 9, 10, 11, 12, 13, 14, 15, 16, 17, 18, 19, 20, 21, 22, 23, 24, 25, 26, 27, 28, 29, 30, 31, 32, 33, 34, 35, 36, 37, 38, 39, 40, 41, 42, 43, 44, 45, 46, 47, 48, 49, 50, 51, 52, 53, 54, 55, 56, 57, 58, 59, 60, 61, 62, 63, 64, 65, 66, 67, 68, 69, 70, 71]","[57, 56, 36, 2, 1, 4, 5, 55, 3, 0, 11, 8, 9, 6, 15, 12, 17, 14, 16, 13, 27, 24, 29, 52, 53, 28, 54, 25, 65, 64, 10, 7, 26, 20, 63, 23, 61, 18, 38, 21, 22, 19, 40, 37, 39, 62, 34, 59, 41, 58, 60, 33, 35, 30, 31, 32, 51, 66, 67, 68, 69, 70, 71, 44, 50, 49, 48, 43, 42, 46, 47, 45]","[5, 2, 4, 1, 3, 0, 11, 8, 9, 6, 10, 7, 15, 12, 17, 14, 16, 13, 57, 56, 26, 29, 27, 24, 28, 25, 54, 64, 65, 53, 23, 20, 21, 18, 19, 22, 37, 36, 39, 38, 52, 55, 62, 34, 33, 41, 61, 31, 40, 30, 35, 32, 58, 59, 63, 60, 46, 45, 43, 42, 47, 50, 51, 44, 48, 49, 66, 67, 68, 69, 70, 71]",575,575,15960,195335,NOT_IMPLEMENTED,NOT_IMPLEMENTED,NOT_IMPLEMENTED,NOT_IMPLEMENTED,NOT_IMPLEMENTED,NOT_IMPLEMENTED,NOT_IMPLEMENTED,21260.0,14,1518.5714285714282,-5756.5,,,,,1,1,24847,63,,,,,,,,,,,,72,,,NOT_IMPLEMENTED,,false,32,"$TRIGGER:0.VAR',$TRIGGER:0.VAR,$PATTERN:0.SYS_CONSTRAINT.0.S_responds_to_P_globally.state,$PATTERN:0.SYS_CONSTRAINT.0.S_responds_to_P_globally.state',robotY,robotY',robotX,robotX'","targetAY,targetAY',targetCY,targetCY',targetBX,targetBX',isCBlocked,isCBlocked',isBBlocked,isBBlocked',isABlocked,isABlocked',$PATTERN:1.ENV_CONSTRAINT.1.S_responds_to_P_globally.state,$PATTERN:1.ENV_CONSTRAINT.1.S_responds_to_P_globally.state',targetBY,targetBY',targetAX,targetAX',MObstacleX,MObstacleX',$PATTERN:2.ENV_CONSTRAINT.2.S_responds_to_P_globally.state,$PATTERN:2.ENV_CONSTRAINT.2.S_responds_to_P_globally.state',targetCX,targetCX'",0,,,,,,1,5,,,18329691488256,5328130073029509120,0,11252513884962826485760,3014597000571125760,4504441853277372416,CUDD,"Using BDD Package: CUDDFactory, Version: CUDD 3.0","import ""DwyerPatternsNew.spectra""",S_responds_to_P_globally,3,1,false,false,[],[],,null
1670057023,MEMORYLESS,1670057023.spectra,0,WELL_SEPARATION,NOT_WEAK,"TEMP: false, SORT_AFTERWARDS: false, GROUP_OPTION: NO_GROUPING, INCREMENTAL_ADDITION: NO_INCREMENTAL, USE_RABIN: false, GROUP_AUX: NO_GROUPING, STATIC_ORDER: NO_STATIC_ORDERING, ROY_SIFT_MARKER: false, MAKE_LAST: false, MEMORYLESS: true, REORDER_METHOD: SIFT, NEW_PATTERN: false, INCREMENTAL_JUSTICES: NO_INCREMENTAL, REDUCED_ALGORITHM: FALSE, PARALLEL: false, ORIGINAL: false, BUCHI_INTERSECTION: false, NEW_TRIGGER: false, PARTITIONED: SINGLE_FUNC, VERIFICATION: true, CREATE_GRAPH: false",2938,15,657,-1,34203,37829,"[0, 1, 2, 3, 4, 5, 6, 7, 8, 9, 10, 11, 12, 13, 14, 15, 16, 17, 18, 19, 20, 21, 22, 23, 24, 25, 26, 27, 28, 29, 30, 31, 32, 33, 34, 35, 36, 37, 38, 39, 40, 41, 42, 43, 44, 45, 46, 47, 48, 49, 50, 51, 52, 53, 54, 55, 56, 57, 58, 59, 60, 61, 62, 63, 64, 65, 66, 67, 68, 69, 70, 71]","[0, 1, 2, 3, 4, 5, 6, 7, 8, 9, 10, 11, 12, 13, 14, 15, 16, 17, 18, 19, 20, 21, 22, 23, 24, 25, 26, 27, 28, 29, 30, 31, 32, 33, 34, 35, 36, 37, 38, 39, 40, 41, 42, 43, 44, 45, 46, 47, 48, 49, 50, 51, 52, 53, 54, 55, 56, 57, 58, 59, 60, 61, 62, 63, 64, 65, 66, 67, 68, 69, 70, 71]","[57, 56, 36, 2, 1, 4, 5, 55, 3, 0, 11, 8, 9, 6, 15, 12, 17, 14, 16, 13, 27, 29, 24, 52, 53, 28, 54, 25, 65, 64, 10, 7, 26, 20, 63, 23, 61, 18, 38, 21, 22, 19, 40, 37, 39, 62, 34, 59, 41, 58, 60, 33, 35, 30, 31, 32, 51, 66, 67, 68, 69, 70, 71, 44, 50, 49, 48, 43, 42, 46, 47, 45]","[5, 2, 4, 1, 3, 0, 11, 8, 9, 6, 10, 7, 15, 12, 17, 14, 16, 13, 57, 56, 26, 29, 27, 24, 28, 25, 54, 64, 65, 53, 23, 20, 21, 18, 19, 22, 37, 36, 39, 38, 52, 55, 62, 34, 61, 30, 41, 40, 33, 31, 35, 32, 58, 59, 46, 60, 45, 43, 42, 47, 63, 50, 51, 44, 48, 49, 66, 67, 68, 69, 70, 71]",575,575,15988,280439,NOT_IMPLEMENTED,NOT_IMPLEMENTED,NOT_IMPLEMENTED,NOT_IMPLEMENTED,NOT_IMPLEMENTED,NOT_IMPLEMENTED,NOT_IMPLEMENTED,20295.0,14,1449.6428571428573,-5782.357142857142,,,,,1,1,25517,125,,,,,,,,,,,,72,,,NOT_IMPLEMENTED,,false,32,"$TRIGGER:0.VAR',$TRIGGER:0.VAR,$PATTERN:0.SYS_CONSTRAINT.0.S_responds_to_P_globally.state,$PATTERN:0.SYS_CONSTRAINT.0.S_responds_to_P_globally.state',robotY,robotY',robotX,robotX'","targetAY,targetAY',targetCY,targetCY',targetBX,targetBX',isCBlocked,isCBlocked',isBBlocked,isBBlocked',isABlocked,isABlocked',$PATTERN:1.ENV_CONSTRAINT.1.S_responds_to_P_globally.state,$PATTERN:1.ENV_CONSTRAINT.1.S_responds_to_P_globally.state',targetBY,targetBY',targetAX,targetAX',MObstacleX,MObstacleX',$PATTERN:2.ENV_CONSTRAINT.2.S_responds_to_P_globally.state,$PATTERN:2.ENV_CONSTRAINT.2.S_responds_to_P_globally.state',targetCX,targetCX'",0,,,,,,1,5,,,18329691488256,5328130073029509120,0,11252513884962826485760,3014597000571125760,4504441853277372416,CUDD,"Using BDD Package: CUDDFactory, Version: CUDD 3.0","import ""DwyerPatternsNew.spectra""",S_responds_to_P_globally,3,1,false,false,[],[],,null
1669965418,NOTHING,1669965418.spectra,0,WELL_SEPARATION,NOT_WEAK,"TEMP: false, SORT_AFTERWARDS: false, GROUP_OPTION: NO_GROUPING, INCREMENTAL_ADDITION: NO_INCREMENTAL, USE_RABIN: false, GROUP_AUX: NO_GROUPING, STATIC_ORDER: NO_STATIC_ORDERING, ROY_SIFT_MARKER: false, MAKE_LAST: false, MEMORYLESS: false, REORDER_METHOD: SIFT, NEW_PATTERN: false, INCREMENTAL_JUSTICES: NO_INCREMENTAL, REDUCED_ALGORITHM: FALSE, PARALLEL: false, ORIGINAL: false, BUCHI_INTERSECTION: false, NEW_TRIGGER: false, PARTITIONED: SINGLE_FUNC, VERIFICATION: true, CREATE_GRAPH: false",3000,16,797,-1,27829,31642,"[0, 1, 2, 3, 4, 5, 6, 7, 8, 9, 10, 11, 12, 13, 14, 15, 16, 17, 18, 19, 20, 21, 22, 23, 24, 25, 26, 27, 28, 29, 30, 31, 32, 33, 34, 35, 36, 37, 38, 39, 40, 41, 42, 43, 44, 45, 46, 47, 48, 49, 50, 51, 52, 53, 54, 55, 56, 57, 58, 59, 60, 61, 62, 63, 64, 65, 66, 67, 68, 69]","[0, 1, 2, 3, 4, 5, 6, 7, 8, 9, 10, 11, 12, 13, 14, 15, 16, 17, 18, 19, 20, 21, 22, 23, 24, 25, 26, 27, 28, 29, 30, 31, 32, 33, 34, 35, 36, 37, 38, 39, 40, 41, 42, 43, 44, 45, 46, 47, 48, 49, 50, 51, 52, 53, 54, 55, 56, 57, 58, 59, 60, 61, 62, 63, 64, 65, 66, 67, 68, 69]","[40, 38, 5, 36, 2, 0, 3, 1, 4, 15, 12, 14, 17, 13, 16, 24, 27, 26, 29, 28, 25, 58, 59, 60, 11, 8, 9, 6, 7, 62, 61, 63, 69, 68, 67, 10, 20, 23, 18, 21, 22, 19, 37, 39, 30, 64, 31, 65, 41, 34, 32, 33, 35, 66, 57, 44, 56, 55, 54, 42, 45, 46, 43, 47, 49, 50, 48, 53, 52, 51]","[36, 38, 2, 5, 1, 4, 0, 3, 17, 14, 12, 15, 13, 16, 26, 63, 29, 24, 27, 25, 28, 8, 11, 6, 9, 7, 10, 62, 23, 20, 18, 21, 39, 22, 19, 37, 60, 59, 40, 61, 58, 33, 68, 34, 67, 31, 41, 30, 32, 35, 69, 66, 65, 64, 46, 45, 57, 56, 42, 43, 54, 55, 47, 44, 50, 48, 49, 51, 53, 52]",314,314,12758,147121,NOT_IMPLEMENTED,NOT_IMPLEMENTED,NOT_IMPLEMENTED,NOT_IMPLEMENTED,NOT_IMPLEMENTED,NOT_IMPLEMENTED,NOT_IMPLEMENTED,19470.0,14,1390.7142857142853,-6232.0,,,,,1,1,18985,31,,,,,,,,,,,,70,,,NOT_IMPLEMENTED,,false,30,"robotY,robotY',robotX,robotX'","isCBlocked,isCBlocked',targetAX,targetAX',isABlocked,isABlocked',MObstacleY,MObstacleY',targetCX,targetCX',isBBlocked,isBBlocked',$PATTERN:0.ENV_CONSTRAINT.0.S_responds_to_P_globally.state,$PATTERN:0.ENV_CONSTRAINT.0.S_responds_to_P_globally.state',targetCY,targetCY',targetAY,targetAY',targetBX,targetBX',$PATTERN:1.ENV_CONSTRAINT.1.S_responds_to_P_globally.state,$PATTERN:1.ENV_CONSTRAINT.1.S_responds_to_P_globally.state',MObstacleX,MObstacleX',targetBY,targetBY'",0,,,,,,1,8,,,420753899520,35226142930708201472,0,6475960091376659464192,15041319067975680,18017767413109489664,CUDD,"Using BDD Package: CUDDFactory, Version: CUDD 3.0","import ""DwyerPatternsNew.spectra""",S_responds_to_P_globally,2,0,false,false,[],[],,null
1669965418,MEMORYLESS,1669965418.spectra,0,WELL_SEPARATION,NOT_WEAK,"TEMP: false, SORT_AFTERWARDS: false, GROUP_OPTION: NO_GROUPING, INCREMENTAL_ADDITION: NO_INCREMENTAL, USE_RABIN: false, GROUP_AUX: NO_GROUPING, STATIC_ORDER: NO_STATIC_ORDERING, ROY_SIFT_MARKER: false, MAKE_LAST: false, MEMORYLESS: true, REORDER_METHOD: SIFT, NEW_PATTERN: false, INCREMENTAL_JUSTICES: NO_INCREMENTAL, REDUCED_ALGORITHM: FALSE, PARALLEL: false, ORIGINAL: false, BUCHI_INTERSECTION: false, NEW_TRIGGER: false, PARTITIONED: SINGLE_FUNC, VERIFICATION: true, CREATE_GRAPH: false",2766,16,531,-1,27703,31032,"[0, 1, 2, 3, 4, 5, 6, 7, 8, 9, 10, 11, 12, 13, 14, 15, 16, 17, 18, 19, 20, 21, 22, 23, 24, 25, 26, 27, 28, 29, 30, 31, 32, 33, 34, 35, 36, 37, 38, 39, 40, 41, 42, 43, 44, 45, 46, 47, 48, 49, 50, 51, 52, 53, 54, 55, 56, 57, 58, 59, 60, 61, 62, 63, 64, 65, 66, 67, 68, 69]","[0, 1, 2, 3, 4, 5, 6, 7, 8, 9, 10, 11, 12, 13, 14, 15, 16, 17, 18, 19, 20, 21, 22, 23, 24, 25, 26, 27, 28, 29, 30, 31, 32, 33, 34, 35, 36, 37, 38, 39, 40, 41, 42, 43, 44, 45, 46, 47, 48, 49, 50, 51, 52, 53, 54, 55, 56, 57, 58, 59, 60, 61, 62, 63, 64, 65, 66, 67, 68, 69]","[40, 38, 5, 36, 2, 0, 3, 1, 4, 15, 12, 14, 17, 13, 16, 24, 27, 26, 29, 28, 25, 58, 59, 60, 11, 8, 9, 6, 7, 62, 61, 63, 69, 68, 67, 10, 20, 23, 18, 21, 22, 19, 37, 39, 30, 64, 31, 65, 41, 34, 32, 33, 35, 66, 57, 44, 56, 55, 54, 42, 45, 46, 43, 47, 49, 50, 48, 53, 52, 51]","[36, 2, 5, 4, 1, 3, 0, 12, 15, 17, 14, 16, 13, 27, 24, 29, 26, 63, 28, 25, 8, 11, 9, 6, 10, 7, 62, 60, 40, 38, 20, 23, 21, 18, 39, 22, 19, 37, 59, 61, 58, 33, 68, 67, 31, 41, 30, 34, 66, 32, 35, 69, 46, 64, 65, 45, 42, 57, 56, 43, 54, 55, 47, 44, 50, 48, 49, 51, 53, 52]",314,314,12758,204799,NOT_IMPLEMENTED,NOT_IMPLEMENTED,NOT_IMPLEMENTED,NOT_IMPLEMENTED,NOT_IMPLEMENTED,NOT_IMPLEMENTED,NOT_IMPLEMENTED,19781.0,14,1412.9285714285718,-5940.214285714285,,,,,1,1,19094,47,,,,,,,,,,,,70,,,NOT_IMPLEMENTED,,false,30,"robotX,robotX',robotY,robotY'","targetCY,targetCY',targetAY,targetAY',isABlocked,isABlocked',targetCX,targetCX',$PATTERN:0.ENV_CONSTRAINT.0.S_responds_to_P_globally.state,$PATTERN:0.ENV_CONSTRAINT.0.S_responds_to_P_globally.state',isBBlocked,isBBlocked',isCBlocked,isCBlocked',MObstacleX,MObstacleX',targetAX,targetAX',targetBY,targetBY',MObstacleY,MObstacleY',$PATTERN:1.ENV_CONSTRAINT.1.S_responds_to_P_globally.state,$PATTERN:1.ENV_CONSTRAINT.1.S_responds_to_P_globally.state',targetBX,targetBX'",0,,,,,,1,8,,,420753899520,35226142930708201472,0,6475960091376659464192,15041319067975680,18017767413109489664,CUDD,"Using BDD Package: CUDDFactory, Version: CUDD 3.0","import ""DwyerPatternsNew.spectra""",S_responds_to_P_globally,2,0,false,false,[],[],,null
1669902814,NOTHING,1669902814.spectra,0,WELL_SEPARATION,NOT_WEAK,"TEMP: false, SORT_AFTERWARDS: false, GROUP_OPTION: NO_GROUPING, INCREMENTAL_ADDITION: NO_INCREMENTAL, USE_RABIN: false, GROUP_AUX: NO_GROUPING, STATIC_ORDER: NO_STATIC_ORDERING, ROY_SIFT_MARKER: false, MAKE_LAST: false, MEMORYLESS: false, REORDER_METHOD: SIFT, NEW_PATTERN: false, INCREMENTAL_JUSTICES: NO_INCREMENTAL, REDUCED_ALGORITHM: FALSE, PARALLEL: false, ORIGINAL: false, BUCHI_INTERSECTION: false, NEW_TRIGGER: false, PARTITIONED: SINGLE_FUNC, VERIFICATION: true, CREATE_GRAPH: false",3297,16,359,-1,15986,19658,"[0, 1, 2, 3, 4, 5, 6, 7, 8, 9, 10, 11, 12, 13, 14, 15, 16, 17, 18, 19, 20, 21, 22, 23, 24, 25, 26, 27, 28, 29, 30, 31, 32, 33, 34, 35, 36, 37, 38, 39, 40, 41, 42, 43, 44, 45, 46, 47, 48, 49, 50, 51, 52, 53, 54, 55, 56, 57, 58, 59, 60, 61, 62, 63, 64, 65, 66, 67, 68, 69]","[0, 1, 2, 3, 4, 5, 6, 7, 8, 9, 10, 11, 12, 13, 14, 15, 16, 17, 18, 19, 20, 21, 22, 23, 24, 25, 26, 27, 28, 29, 30, 31, 32, 33, 34, 35, 36, 37, 38, 39, 40, 41, 42, 43, 44, 45, 46, 47, 48, 49, 50, 51, 52, 53, 54, 55, 56, 57, 58, 59, 60, 61, 62, 63, 64, 65, 66, 67, 68, 69]","[5, 2, 0, 3, 1, 4, 8, 11, 6, 9, 62, 61, 12, 15, 14, 17, 13, 16, 29, 26, 24, 27, 63, 60, 58, 59, 25, 28, 7, 10, 20, 23, 21, 18, 22, 19, 37, 69, 67, 68, 39, 30, 64, 31, 65, 41, 34, 32, 33, 35, 66, 57, 44, 56, 55, 54, 42, 45, 46, 43, 47, 36, 40, 38, 48, 49, 50, 53, 51, 52]","[5, 2, 3, 0, 4, 1, 11, 8, 9, 6, 15, 12, 17, 14, 16, 13, 29, 26, 27, 24, 28, 25, 10, 7, 63, 62, 60, 23, 20, 59, 21, 18, 19, 39, 22, 38, 37, 36, 58, 61, 68, 30, 67, 64, 31, 40, 41, 65, 33, 32, 34, 35, 66, 45, 69, 42, 43, 46, 47, 56, 57, 54, 44, 49, 48, 50, 55, 53, 52, 51]",314,314,12474,141330,NOT_IMPLEMENTED,NOT_IMPLEMENTED,NOT_IMPLEMENTED,NOT_IMPLEMENTED,NOT_IMPLEMENTED,NOT_IMPLEMENTED,NOT_IMPLEMENTED,10959.0,13,843.0,-5462.769230769231,,,,,1,1,4438,47,,,,,,,,,,,,70,,,NOT_IMPLEMENTED,,false,30,"robotX,robotX',robotY,robotY'","isBBlocked,isBBlocked',targetBY,targetBY',MObstacleX,MObstacleX',isABlocked,isABlocked',targetAX,targetAX',MObstacleY,MObstacleY',targetCX,targetCX',$PATTERN:0.ENV_CONSTRAINT.0.S_responds_to_P_globally.state,$PATTERN:0.ENV_CONSTRAINT.0.S_responds_to_P_globally.state',targetAY,targetAY',targetBX,targetBX',targetCY,targetCY',$PATTERN:1.ENV_CONSTRAINT.1.S_responds_to_P_globally.state,$PATTERN:1.ENV_CONSTRAINT.1.S_responds_to_P_globally.state',isCBlocked,isCBlocked'",0,,,,,,1,5,,,420753899520,36026737088224296960,0,2951479051793528258560,15041319067975680,17736239797279653888,CUDD,"Using BDD Package: CUDDFactory, Version: CUDD 3.0","import ""DwyerPatternsNew.spectra""",S_responds_to_P_globally,2,0,false,false,[],[],,null
1669902814,MEMORYLESS,1669902814.spectra,0,WELL_SEPARATION,NOT_WEAK,"TEMP: false, SORT_AFTERWARDS: false, GROUP_OPTION: NO_GROUPING, INCREMENTAL_ADDITION: NO_INCREMENTAL, USE_RABIN: false, GROUP_AUX: NO_GROUPING, STATIC_ORDER: NO_STATIC_ORDERING, ROY_SIFT_MARKER: false, MAKE_LAST: false, MEMORYLESS: true, REORDER_METHOD: SIFT, NEW_PATTERN: false, INCREMENTAL_JUSTICES: NO_INCREMENTAL, REDUCED_ALGORITHM: FALSE, PARALLEL: false, ORIGINAL: false, BUCHI_INTERSECTION: false, NEW_TRIGGER: false, PARTITIONED: SINGLE_FUNC, VERIFICATION: true, CREATE_GRAPH: false",2563,15,500,-1,17047,20141,"[0, 1, 2, 3, 4, 5, 6, 7, 8, 9, 10, 11, 12, 13, 14, 15, 16, 17, 18, 19, 20, 21, 22, 23, 24, 25, 26, 27, 28, 29, 30, 31, 32, 33, 34, 35, 36, 37, 38, 39, 40, 41, 42, 43, 44, 45, 46, 47, 48, 49, 50, 51, 52, 53, 54, 55, 56, 57, 58, 59, 60, 61, 62, 63, 64, 65, 66, 67, 68, 69]","[0, 1, 2, 3, 4, 5, 6, 7, 8, 9, 10, 11, 12, 13, 14, 15, 16, 17, 18, 19, 20, 21, 22, 23, 24, 25, 26, 27, 28, 29, 30, 31, 32, 33, 34, 35, 36, 37, 38, 39, 40, 41, 42, 43, 44, 45, 46, 47, 48, 49, 50, 51, 52, 53, 54, 55, 56, 57, 58, 59, 60, 61, 62, 63, 64, 65, 66, 67, 68, 69]","[5, 2, 0, 3, 1, 4, 8, 11, 6, 9, 62, 61, 12, 15, 14, 17, 13, 16, 29, 26, 24, 27, 63, 60, 58, 59, 25, 28, 7, 10, 20, 23, 21, 18, 22, 19, 37, 69, 67, 68, 39, 30, 64, 31, 65, 41, 34, 32, 33, 35, 66, 57, 44, 56, 55, 54, 42, 45, 46, 43, 47, 36, 40, 38, 48, 49, 50, 53, 51, 52]","[5, 2, 3, 0, 4, 1, 11, 8, 9, 6, 15, 12, 17, 14, 16, 13, 29, 26, 27, 24, 28, 25, 10, 7, 63, 62, 60, 23, 20, 59, 21, 18, 19, 39, 22, 38, 37, 36, 58, 61, 68, 30, 67, 64, 31, 40, 41, 65, 33, 32, 34, 35, 66, 45, 69, 42, 43, 46, 47, 56, 57, 54, 44, 49, 48, 50, 55, 53, 52, 51]",314,314,12474,189906,NOT_IMPLEMENTED,NOT_IMPLEMENTED,NOT_IMPLEMENTED,NOT_IMPLEMENTED,NOT_IMPLEMENTED,NOT_IMPLEMENTED,NOT_IMPLEMENTED,11305.0,13,869.6153846153845,-5462.769230769231,,,,,1,1,5218,47,,,,,,,,,,,,70,,,NOT_IMPLEMENTED,,false,30,"robotX,robotX',robotY,robotY'","isBBlocked,isBBlocked',targetBY,targetBY',MObstacleX,MObstacleX',isABlocked,isABlocked',targetAX,targetAX',MObstacleY,MObstacleY',targetCX,targetCX',$PATTERN:0.ENV_CONSTRAINT.0.S_responds_to_P_globally.state,$PATTERN:0.ENV_CONSTRAINT.0.S_responds_to_P_globally.state',targetAY,targetAY',targetBX,targetBX',targetCY,targetCY',$PATTERN:1.ENV_CONSTRAINT.1.S_responds_to_P_globally.state,$PATTERN:1.ENV_CONSTRAINT.1.S_responds_to_P_globally.state',isCBlocked,isCBlocked'",0,,,,,,1,5,,,420753899520,36026737088224296960,0,2951479051793528258560,15041319067975680,17736239797279653888,CUDD,"Using BDD Package: CUDDFactory, Version: CUDD 3.0","import ""DwyerPatternsNew.spectra""",S_responds_to_P_globally,2,0,false,false,[],[],,null
1669665995,NOTHING,1669665995.spectra,1
1669665995,MEMORYLESS,1669665995.spectra,1
1669987834,NOTHING,1669987834.spectra,0,WELL_SEPARATION,NOT_WEAK,"TEMP: false, SORT_AFTERWARDS: false, GROUP_OPTION: NO_GROUPING, INCREMENTAL_ADDITION: NO_INCREMENTAL, USE_RABIN: false, GROUP_AUX: NO_GROUPING, STATIC_ORDER: NO_STATIC_ORDERING, ROY_SIFT_MARKER: false, MAKE_LAST: false, MEMORYLESS: false, REORDER_METHOD: SIFT, NEW_PATTERN: false, INCREMENTAL_JUSTICES: NO_INCREMENTAL, REDUCED_ALGORITHM: FALSE, PARALLEL: false, ORIGINAL: false, BUCHI_INTERSECTION: false, NEW_TRIGGER: false, PARTITIONED: SINGLE_FUNC, VERIFICATION: true, CREATE_GRAPH: false",2580,16,625,-1,28410,31631,"[0, 1, 2, 3, 4, 5, 6, 7, 8, 9, 10, 11, 12, 13, 14, 15, 16, 17, 18, 19, 20, 21, 22, 23, 24, 25, 26, 27, 28, 29, 30, 31, 32, 33, 34, 35, 36, 37, 38, 39, 40, 41, 42, 43, 44, 45, 46, 47, 48, 49, 50, 51, 52, 53, 54, 55, 56, 57, 58, 59, 60, 61, 62, 63]","[0, 1, 2, 3, 4, 5, 6, 7, 8, 9, 10, 11, 12, 13, 14, 15, 16, 17, 18, 19, 20, 21, 22, 23, 24, 25, 26, 27, 28, 29, 30, 31, 32, 33, 34, 35, 36, 37, 38, 39, 40, 41, 42, 43, 44, 45, 46, 47, 48, 49, 50, 51, 52, 53, 54, 55, 56, 57, 58, 59, 60, 61, 62, 63]","[2, 56, 55, 5, 0, 3, 1, 4, 12, 15, 14, 17, 13, 57, 62, 61, 16, 6, 9, 29, 26, 24, 27, 63, 53, 25, 28, 52, 54, 8, 11, 36, 7, 10, 23, 20, 21, 18, 38, 22, 19, 40, 58, 59, 37, 39, 34, 41, 60, 33, 35, 30, 31, 32, 51, 44, 50, 49, 48, 43, 42, 46, 45, 47]","[2, 5, 1, 4, 0, 3, 12, 15, 14, 17, 13, 16, 8, 11, 6, 9, 7, 10, 26, 57, 29, 24, 27, 25, 28, 56, 20, 23, 19, 22, 21, 18, 54, 53, 38, 36, 39, 37, 55, 52, 40, 62, 34, 30, 41, 33, 31, 35, 32, 60, 59, 58, 61, 63, 45, 46, 42, 43, 47, 48, 50, 44, 51, 49]",283,283,11925,141189,NOT_IMPLEMENTED,NOT_IMPLEMENTED,NOT_IMPLEMENTED,NOT_IMPLEMENTED,NOT_IMPLEMENTED,NOT_IMPLEMENTED,NOT_IMPLEMENTED,22521.0,15,1501.4000000000003,-5417.9333333333325,,,,,1,1,19031,78,,,,,,,,,,,,64,,,NOT_IMPLEMENTED,,false,28,"robotY,robotY',robotX,robotX'","$PATTERN:1.ENV_CONSTRAINT.1.S_responds_to_P_globally.state,$PATTERN:1.ENV_CONSTRAINT.1.S_responds_to_P_globally.state',targetBY,targetBY',targetCY,targetCY',targetBX,targetBX',targetCX,targetCX',targetAY,targetAY',isABlocked,isABlocked',targetAX,targetAX',isCBlocked,isCBlocked',isBBlocked,isBBlocked',$PATTERN:0.ENV_CONSTRAINT.0.S_responds_to_P_globally.state,$PATTERN:0.ENV_CONSTRAINT.0.S_responds_to_P_globally.state',MObstacleX,MObstacleX'",0,,,,,,1,5,,,84218019840,550408483292315648,0,43955132363136040960,13913220137877504,281527615829835776,CUDD,"Using BDD Package: CUDDFactory, Version: CUDD 3.0","import ""DwyerPatternsNew.spectra""",S_responds_to_P_globally,2,0,false,false,[],[],,null
1669987834,MEMORYLESS,1669987834.spectra,0,WELL_SEPARATION,NOT_WEAK,"TEMP: false, SORT_AFTERWARDS: false, GROUP_OPTION: NO_GROUPING, INCREMENTAL_ADDITION: NO_INCREMENTAL, USE_RABIN: false, GROUP_AUX: NO_GROUPING, STATIC_ORDER: NO_STATIC_ORDERING, ROY_SIFT_MARKER: false, MAKE_LAST: false, MEMORYLESS: true, REORDER_METHOD: SIFT, NEW_PATTERN: false, INCREMENTAL_JUSTICES: NO_INCREMENTAL, REDUCED_ALGORITHM: FALSE, PARALLEL: false, ORIGINAL: false, BUCHI_INTERSECTION: false, NEW_TRIGGER: false, PARTITIONED: SINGLE_FUNC, VERIFICATION: true, CREATE_GRAPH: false",2687,16,563,-1,14437,17719,"[0, 1, 2, 3, 4, 5, 6, 7, 8, 9, 10, 11, 12, 13, 14, 15, 16, 17, 18, 19, 20, 21, 22, 23, 24, 25, 26, 27, 28, 29, 30, 31, 32, 33, 34, 35, 36, 37, 38, 39, 40, 41, 42, 43, 44, 45, 46, 47, 48, 49, 50, 51, 52, 53, 54, 55, 56, 57, 58, 59, 60, 61, 62, 63]","[0, 1, 2, 3, 4, 5, 6, 7, 8, 9, 10, 11, 12, 13, 14, 15, 16, 17, 18, 19, 20, 21, 22, 23, 24, 25, 26, 27, 28, 29, 30, 31, 32, 33, 34, 35, 36, 37, 38, 39, 40, 41, 42, 43, 44, 45, 46, 47, 48, 49, 50, 51, 52, 53, 54, 55, 56, 57, 58, 59, 60, 61, 62, 63]","[2, 56, 55, 5, 0, 3, 1, 4, 12, 15, 14, 17, 13, 57, 62, 61, 16, 6, 9, 29, 26, 24, 27, 63, 53, 25, 28, 52, 54, 8, 11, 36, 7, 10, 23, 20, 21, 18, 38, 22, 19, 40, 58, 59, 37, 39, 34, 41, 60, 33, 35, 30, 31, 32, 51, 44, 50, 49, 48, 43, 42, 46, 45, 47]","[5, 2, 1, 4, 3, 0, 15, 12, 17, 14, 16, 13, 9, 6, 11, 8, 57, 29, 26, 27, 24, 28, 25, 10, 7, 56, 54, 23, 20, 19, 22, 53, 37, 36, 39, 38, 18, 21, 52, 55, 62, 34, 59, 40, 41, 61, 30, 31, 58, 32, 33, 35, 63, 60, 45, 42, 43, 46, 47, 50, 48, 44, 49, 51]",283,283,11925,217524,NOT_IMPLEMENTED,NOT_IMPLEMENTED,NOT_IMPLEMENTED,NOT_IMPLEMENTED,NOT_IMPLEMENTED,NOT_IMPLEMENTED,NOT_IMPLEMENTED,8568.0,14,612.0,-4038.2857142857147,,,,,1,1,5500,47,,,,,,,,,,,,64,,,NOT_IMPLEMENTED,,false,28,"robotX,robotX',robotY,robotY'","targetAX,targetAX',targetBY,targetBY',isABlocked,isABlocked',$PATTERN:0.ENV_CONSTRAINT.0.S_responds_to_P_globally.state,$PATTERN:0.ENV_CONSTRAINT.0.S_responds_to_P_globally.state',targetCX,targetCX',isBBlocked,isBBlocked',isCBlocked,isCBlocked',MObstacleX,MObstacleX',targetCY,targetCY',$PATTERN:1.ENV_CONSTRAINT.1.S_responds_to_P_globally.state,$PATTERN:1.ENV_CONSTRAINT.1.S_responds_to_P_globally.state',targetAY,targetAY',targetBX,targetBX'",0,,,,,,1,5,,,84218019840,550408483292315648,0,43955132363136040960,13913220137877504,281527615829835776,CUDD,"Using BDD Package: CUDDFactory, Version: CUDD 3.0","import ""DwyerPatternsNew.spectra""",S_responds_to_P_globally,2,0,false,false,[],[],,null
Cleaner-3,NOTHING,Cleaner-3.spectra,1
Cleaner-3,MEMORYLESS,Cleaner-3.spectra,0,WELL_SEPARATION,WEAK,"TEMP: false, SORT_AFTERWARDS: false, GROUP_OPTION: NO_GROUPING, INCREMENTAL_ADDITION: NO_INCREMENTAL, USE_RABIN: false, GROUP_AUX: NO_GROUPING, STATIC_ORDER: NO_STATIC_ORDERING, ROY_SIFT_MARKER: false, MAKE_LAST: false, MEMORYLESS: true, REORDER_METHOD: SIFT, NEW_PATTERN: false, INCREMENTAL_JUSTICES: NO_INCREMENTAL, REDUCED_ALGORITHM: FALSE, PARALLEL: false, ORIGINAL: false, BUCHI_INTERSECTION: false, NEW_TRIGGER: false, PARTITIONED: SINGLE_FUNC, VERIFICATION: true, CREATE_GRAPH: false",2968,16,2594,-1,349034,354612,"[0, 1, 2, 3, 4, 5, 6, 7, 8, 9, 10, 11, 12, 13, 14, 15, 16, 17, 18, 19, 20, 21, 22, 23, 24, 25, 26, 27, 28, 29, 30, 31, 32, 33, 34, 35, 36, 37, 38, 39, 40, 41, 42, 43, 44, 45, 46, 47, 48, 49, 50, 51, 52, 53, 54, 55, 56, 57, 58, 59, 60, 61, 62, 63, 64, 65, 66, 67, 68, 69, 70, 71, 72, 73, 74, 75, 76, 77, 78, 79, 80, 81, 82, 83, 84, 85, 86, 87, 88, 89, 90, 91, 92, 93, 94, 95, 96, 97, 98, 99, 100, 101, 102, 103, 104, 105, 106, 107, 108, 109, 110, 111, 112, 113, 114, 115, 116, 117, 118, 119, 120, 121]","[0, 1, 2, 3, 4, 5, 6, 7, 8, 9, 10, 11, 12, 13, 14, 15, 16, 17, 18, 19, 20, 21, 22, 23, 24, 25, 26, 27, 28, 29, 30, 31, 32, 33, 34, 35, 36, 37, 38, 39, 40, 41, 42, 43, 44, 45, 46, 47, 48, 49, 50, 51, 52, 53, 54, 55, 56, 57, 58, 59, 60, 61, 62, 63, 64, 65, 66, 67, 68, 69, 70, 71, 72, 73, 74, 75, 76, 77, 78, 79, 80, 81, 82, 83, 84, 85, 86, 87, 88, 89, 90, 91, 92, 93, 94, 95, 96, 97, 98, 99, 100, 101, 102, 103, 104, 105, 106, 107, 108, 109, 110, 111, 112, 113, 114, 115, 116, 117, 118, 119, 120, 121]","[107, 57, 18, 83, 85, 21, 87, 89, 91, 99, 95, 93, 97, 101, 103, 17, 50, 51, 20, 5, 4, 19, 3, 37, 35, 36, 34, 16, 29, 102, 100, 0, 2, 1, 25, 9, 22, 6, 28, 26, 10, 27, 7, 23, 11, 8, 24, 33, 32, 31, 39, 41, 43, 40, 42, 38, 44, 60, 56, 106, 55, 54, 58, 59, 61, 15, 47, 53, 46, 52, 14, 65, 62, 64, 67, 63, 66, 45, 73, 72, 70, 69, 13, 68, 105, 49, 71, 77, 74, 75, 76, 78, 79, 12, 30, 108, 109, 110, 111, 112, 113, 81, 86, 80, 84, 96, 92, 94, 98, 90, 104, 48, 82, 88, 114, 115, 116, 117, 118, 119, 120, 121]","[102, 100, 98, 18, 96, 92, 90, 88, 84, 82, 80, 99, 89, 97, 95, 93, 87, 103, 101, 21, 91, 85, 83, 81, 17, 24, 86, 94, 27, 20, 35, 37, 36, 34, 29, 1, 4, 2, 5, 3, 0, 8, 11, 9, 6, 10, 7, 28, 26, 25, 19, 23, 22, 30, 16, 70, 43, 56, 55, 41, 40, 69, 68, 60, 59, 54, 42, 65, 73, 72, 71, 106, 39, 107, 33, 15, 32, 31, 49, 13, 57, 62, 38, 79, 77, 104, 105, 58, 75, 74, 76, 78, 45, 61, 47, 44, 53, 63, 64, 14, 46, 66, 67, 12, 52, 109, 111, 108, 110, 48, 112, 113, 50, 51, 114, 115, 116, 117, 118, 119, 121, 120]",1659,1659,26349,1465527,NOT_IMPLEMENTED,NOT_IMPLEMENTED,NOT_IMPLEMENTED,NOT_IMPLEMENTED,NOT_IMPLEMENTED,NOT_IMPLEMENTED,NOT_IMPLEMENTED,324736.0,17,19102.117647058825,-16135.647058823532,,,,,0,2,0,109,,,,,,,,,,,,122,,,NOT_IMPLEMENTED,,false,70,"orange_zone_orientation,orange_zone_orientation',$PAST_PREV_aux_10,$PAST_PREV_aux_10',$COUNTER:2.orange_zone_counter,$COUNTER:2.orange_zone_counter',$TRIGGER:1.VAR',$TRIGGER:1.VAR,robot_is_cleaning,robot_is_cleaning',$PAST_PREV_aux_3,$PAST_PREV_aux_3',$PAST_PREV_aux_9,$PAST_PREV_aux_9',$PAST_PREV_aux_8,$PAST_PREV_aux_8',$PAST_PREV_aux_5,$PAST_PREV_aux_5',robotX,robotX',$PAST_PREV_aux_2,$PAST_PREV_aux_2',a,a',$COUNTER:1.things_in_tank,$COUNTER:1.things_in_tank',$TRIGGER:0.VAR',$PAST_PREV_aux_11,$PAST_PREV_aux_11',shouldClean,shouldClean',robotY,robotY',$PAST_PREV_aux_13,$PAST_PREV_aux_13',$TRIGGER:0.VAR,$COUNTER:3.stay_at_cleaning_cell,$COUNTER:3.stay_at_cleaning_cell',$PAST_PREV_aux_0,$PAST_PREV_aux_0',sleep_mode,sleep_mode',$PAST_PREV_aux_12,$PAST_PREV_aux_12',$PAST_PREV_aux_6,$PAST_PREV_aux_6',robot_rotation,robot_rotation',move,move',waiting_for_green_light_2,waiting_for_green_light_2',$COUNTER:0.turns_without_dirt,$COUNTER:0.turns_without_dirt',waiting_for_green_light,waiting_for_green_light',$PAST_PREV_aux_7,$PAST_PREV_aux_7',$PAST_PREV_aux_1,$PAST_PREV_aux_1',$PAST_PREV_aux_4,$PAST_PREV_aux_4'","greenLight,greenLight',Cleaning_Y,Cleaning_Y',env_is_cleaning,env_is_cleaning',Cleaning_X,Cleaning_X'",36,,,,,,1,2,,,61800502062326639781767274668490752,189552583949376552960,0,5316911983139663491615228241121378304,1827688494204259325242734707885473792,1180591620717411303424,CUDD,"Using BDD Package: CUDDFactory, Version: CUDD 3.0","import ""DwyerPatternsNew.spectra""",,0,2,false,true,[],[],,null
1669983090,NOTHING,1669983090.spectra,0,WELL_SEPARATION,NOT_WEAK,"TEMP: false, SORT_AFTERWARDS: false, GROUP_OPTION: NO_GROUPING, INCREMENTAL_ADDITION: NO_INCREMENTAL, USE_RABIN: false, GROUP_AUX: NO_GROUPING, STATIC_ORDER: NO_STATIC_ORDERING, ROY_SIFT_MARKER: false, MAKE_LAST: false, MEMORYLESS: false, REORDER_METHOD: SIFT, NEW_PATTERN: false, INCREMENTAL_JUSTICES: NO_INCREMENTAL, REDUCED_ALGORITHM: FALSE, PARALLEL: false, ORIGINAL: false, BUCHI_INTERSECTION: false, NEW_TRIGGER: false, PARTITIONED: SINGLE_FUNC, VERIFICATION: true, CREATE_GRAPH: false",3344,15,547,-1,16750,20656,"[0, 1, 2, 3, 4, 5, 6, 7, 8, 9, 10, 11, 12, 13, 14, 15, 16, 17, 18, 19, 20, 21, 22, 23, 24, 25, 26, 27, 28, 29, 30, 31, 32, 33, 34, 35, 36, 37, 38, 39, 40, 41, 42, 43, 44, 45, 46, 47, 48, 49, 50, 51, 52, 53, 54, 55, 56, 57, 58, 59, 60, 61, 62, 63, 64, 65, 66, 67, 68, 69]","[0, 1, 2, 3, 4, 5, 6, 7, 8, 9, 10, 11, 12, 13, 14, 15, 16, 17, 18, 19, 20, 21, 22, 23, 24, 25, 26, 27, 28, 29, 30, 31, 32, 33, 34, 35, 36, 37, 38, 39, 40, 41, 42, 43, 44, 45, 46, 47, 48, 49, 50, 51, 52, 53, 54, 55, 56, 57, 58, 59, 60, 61, 62, 63, 64, 65, 66, 67, 68, 69]","[57, 5, 56, 36, 2, 4, 3, 0, 55, 1, 9, 6, 11, 8, 10, 7, 12, 15, 17, 14, 16, 13, 28, 25, 54, 53, 52, 24, 27, 26, 29, 63, 23, 20, 61, 21, 18, 38, 22, 19, 40, 37, 39, 62, 64, 66, 65, 67, 69, 68, 34, 59, 41, 58, 60, 33, 35, 30, 31, 32, 51, 44, 50, 49, 48, 43, 42, 46, 45, 47]","[2, 5, 0, 3, 1, 4, 6, 9, 8, 11, 7, 10, 15, 12, 17, 14, 16, 13, 57, 25, 28, 27, 24, 54, 20, 23, 21, 18, 22, 19, 56, 37, 36, 39, 38, 53, 52, 29, 26, 55, 62, 34, 59, 61, 33, 40, 41, 30, 58, 31, 32, 35, 63, 60, 45, 42, 46, 47, 44, 64, 65, 66, 67, 69, 68, 43, 50, 48, 49, 51]",586,586,11954,178579,NOT_IMPLEMENTED,NOT_IMPLEMENTED,NOT_IMPLEMENTED,NOT_IMPLEMENTED,NOT_IMPLEMENTED,NOT_IMPLEMENTED,NOT_IMPLEMENTED,11478.0,13,882.9230769230768,-5615.2307692307695,,,,,0,2,0,12172,,,,,,,,,,,,70,,,NOT_IMPLEMENTED,,false,30,"$TRIGGER:0.VAR,robotX,robotX',$TRIGGER:0.VAR',robotY,robotY'","MObstacleX,MObstacleX',$PATTERN:0.ENV_CONSTRAINT.0.S_responds_to_P_globally.state,$PATTERN:0.ENV_CONSTRAINT.0.S_responds_to_P_globally.state',targetCX,targetCX',targetAY,targetAY',isCBlocked,isCBlocked',isBBlocked,isBBlocked',isABlocked,isABlocked',targetCY,targetCY',targetAX,targetAX',targetBX,targetBX',targetBY,targetBY',$PATTERN:1.ENV_CONSTRAINT.1.S_responds_to_P_globally.state,$PATTERN:1.ENV_CONSTRAINT.1.S_responds_to_P_globally.state'",0,,,,,,1,5,,,5389953269760,3302450899753893888,0,2813128471240706621440,4452230444120801280,2252220926638686208,CUDD,"Using BDD Package: CUDDFactory, Version: CUDD 3.0","import ""DwyerPatternsNew.spectra""",S_responds_to_P_globally,2,1,false,false,[],[],,null
1669983090,MEMORYLESS,1669983090.spectra,0,WELL_SEPARATION,NOT_WEAK,"TEMP: false, SORT_AFTERWARDS: false, GROUP_OPTION: NO_GROUPING, INCREMENTAL_ADDITION: NO_INCREMENTAL, USE_RABIN: false, GROUP_AUX: NO_GROUPING, STATIC_ORDER: NO_STATIC_ORDERING, ROY_SIFT_MARKER: false, MAKE_LAST: false, MEMORYLESS: true, REORDER_METHOD: SIFT, NEW_PATTERN: false, INCREMENTAL_JUSTICES: NO_INCREMENTAL, REDUCED_ALGORITHM: FALSE, PARALLEL: false, ORIGINAL: false, BUCHI_INTERSECTION: false, NEW_TRIGGER: false, PARTITIONED: SINGLE_FUNC, VERIFICATION: true, CREATE_GRAPH: false",3078,0,594,-1,22515,26187,"[0, 1, 2, 3, 4, 5, 6, 7, 8, 9, 10, 11, 12, 13, 14, 15, 16, 17, 18, 19, 20, 21, 22, 23, 24, 25, 26, 27, 28, 29, 30, 31, 32, 33, 34, 35, 36, 37, 38, 39, 40, 41, 42, 43, 44, 45, 46, 47, 48, 49, 50, 51, 52, 53, 54, 55, 56, 57, 58, 59, 60, 61, 62, 63, 64, 65, 66, 67, 68, 69]","[0, 1, 2, 3, 4, 5, 6, 7, 8, 9, 10, 11, 12, 13, 14, 15, 16, 17, 18, 19, 20, 21, 22, 23, 24, 25, 26, 27, 28, 29, 30, 31, 32, 33, 34, 35, 36, 37, 38, 39, 40, 41, 42, 43, 44, 45, 46, 47, 48, 49, 50, 51, 52, 53, 54, 55, 56, 57, 58, 59, 60, 61, 62, 63, 64, 65, 66, 67, 68, 69]","[57, 5, 56, 36, 2, 4, 55, 3, 0, 1, 9, 6, 11, 8, 10, 7, 15, 12, 17, 14, 16, 13, 27, 24, 26, 29, 54, 53, 52, 28, 25, 18, 38, 61, 21, 62, 22, 19, 23, 20, 40, 39, 37, 63, 34, 59, 41, 58, 60, 64, 33, 35, 65, 66, 67, 68, 69, 30, 31, 32, 51, 44, 50, 49, 48, 43, 42, 46, 45, 47]","[57, 36, 2, 5, 0, 3, 1, 4, 11, 8, 6, 9, 7, 10, 12, 15, 17, 14, 13, 16, 24, 27, 26, 29, 25, 28, 56, 54, 18, 21, 38, 19, 22, 39, 23, 20, 37, 53, 62, 61, 52, 60, 30, 40, 34, 41, 33, 55, 31, 32, 35, 58, 59, 63, 45, 46, 47, 64, 42, 44, 65, 66, 67, 69, 68, 43, 50, 48, 49, 51]",586,586,11473,203187,NOT_IMPLEMENTED,NOT_IMPLEMENTED,NOT_IMPLEMENTED,NOT_IMPLEMENTED,NOT_IMPLEMENTED,NOT_IMPLEMENTED,NOT_IMPLEMENTED,15801.0,13,1215.461538461538,-4558.461538461538,,,,,0,2,0,16219,,,,,,,,,,,,70,,,NOT_IMPLEMENTED,,false,30,"$TRIGGER:0.VAR,robotX,robotX',$TRIGGER:0.VAR',robotY,robotY'","MObstacleX,MObstacleX',$PATTERN:0.ENV_CONSTRAINT.0.S_responds_to_P_globally.state,$PATTERN:0.ENV_CONSTRAINT.0.S_responds_to_P_globally.state',targetCX,targetCX',targetAY,targetAY',isCBlocked,isCBlocked',isBBlocked,isBBlocked',isABlocked,isABlocked',targetCY,targetCY',targetAX,targetAX',targetBX,targetBX',targetBY,targetBY',$PATTERN:1.ENV_CONSTRAINT.1.S_responds_to_P_globally.state,$PATTERN:1.ENV_CONSTRAINT.1.S_responds_to_P_globally.state'",0,,,,,,1,5,,,5389953269760,3302450899753893888,0,2813128471240706621440,4452230444120801280,2252220926638686208,CUDD,"Using BDD Package: CUDDFactory, Version: CUDD 3.0","import ""DwyerPatternsNew.spectra""",S_responds_to_P_globally,2,1,false,false,[],[],,null
variant-3-1,NOTHING,variant-3-1.spectra,1
variant-3-1,MEMORYLESS,variant-3-1.spectra,1
1669915643,NOTHING,1669915643.spectra,0,WELL_SEPARATION,NOT_WEAK,"TEMP: false, SORT_AFTERWARDS: false, GROUP_OPTION: NO_GROUPING, INCREMENTAL_ADDITION: NO_INCREMENTAL, USE_RABIN: false, GROUP_AUX: NO_GROUPING, STATIC_ORDER: NO_STATIC_ORDERING, ROY_SIFT_MARKER: false, MAKE_LAST: false, MEMORYLESS: false, REORDER_METHOD: SIFT, NEW_PATTERN: false, INCREMENTAL_JUSTICES: NO_INCREMENTAL, REDUCED_ALGORITHM: FALSE, PARALLEL: false, ORIGINAL: false, BUCHI_INTERSECTION: false, NEW_TRIGGER: false, PARTITIONED: SINGLE_FUNC, VERIFICATION: true, CREATE_GRAPH: false",3594,0,484,-1,23329,27407,"[0, 1, 2, 3, 4, 5, 6, 7, 8, 9, 10, 11, 12, 13, 14, 15, 16, 17, 18, 19, 20, 21, 22, 23, 24, 25, 26, 27, 28, 29, 30, 31, 32, 33, 34, 35, 36, 37, 38, 39, 40, 41, 42, 43, 44, 45, 46, 47, 48, 49, 50, 51, 52, 53, 54, 55, 56, 57, 58, 59, 60, 61, 62, 63, 64, 65, 66, 67, 68, 69]","[0, 1, 2, 3, 4, 5, 6, 7, 8, 9, 10, 11, 12, 13, 14, 15, 16, 17, 18, 19, 20, 21, 22, 23, 24, 25, 26, 27, 28, 29, 30, 31, 32, 33, 34, 35, 36, 37, 38, 39, 40, 41, 42, 43, 44, 45, 46, 47, 48, 49, 50, 51, 52, 53, 54, 55, 56, 57, 58, 59, 60, 61, 62, 63, 64, 65, 66, 67, 68, 69]","[40, 38, 36, 2, 5, 0, 3, 1, 4, 6, 9, 17, 14, 12, 15, 13, 16, 24, 27, 29, 26, 60, 58, 59, 61, 62, 63, 68, 67, 25, 28, 7, 10, 8, 11, 20, 23, 22, 19, 21, 18, 37, 39, 31, 69, 65, 30, 64, 41, 34, 32, 33, 35, 66, 57, 44, 56, 55, 54, 42, 45, 46, 43, 47, 49, 50, 48, 53, 52, 51]","[36, 5, 2, 3, 0, 1, 4, 17, 14, 15, 12, 16, 13, 11, 8, 9, 6, 10, 7, 63, 27, 24, 29, 26, 28, 25, 62, 20, 23, 60, 22, 19, 59, 38, 18, 21, 39, 37, 61, 58, 33, 68, 67, 31, 40, 41, 30, 34, 66, 32, 35, 64, 65, 69, 46, 45, 57, 56, 43, 42, 54, 55, 47, 44, 50, 48, 49, 51, 53, 52]",314,314,12830,139288,NOT_IMPLEMENTED,NOT_IMPLEMENTED,NOT_IMPLEMENTED,NOT_IMPLEMENTED,NOT_IMPLEMENTED,NOT_IMPLEMENTED,NOT_IMPLEMENTED,15534.0,14,1109.5714285714282,-6209.285714285714,,,,,1,1,16937,66,,,,,,,,,,,,70,,,NOT_IMPLEMENTED,,false,30,"robotY,robotY',robotX,robotX'","targetCY,targetCY',MObstacleX,MObstacleX',targetBX,targetBX',$PATTERN:1.ENV_CONSTRAINT.1.S_responds_to_P_globally.state,$PATTERN:1.ENV_CONSTRAINT.1.S_responds_to_P_globally.state',targetBY,targetBY',isCBlocked,isCBlocked',isBBlocked,isBBlocked',targetAX,targetAX',$PATTERN:0.ENV_CONSTRAINT.0.S_responds_to_P_globally.state,$PATTERN:0.ENV_CONSTRAINT.0.S_responds_to_P_globally.state',isABlocked,isABlocked',targetCX,targetCX',targetAY,targetAY',MObstacleY,MObstacleY'",0,,,,,,1,8,,,420753899520,35226142930708201472,0,4584015902316823576576,15041319067975680,18017767413109489664,CUDD,"Using BDD Package: CUDDFactory, Version: CUDD 3.0","import ""DwyerPatternsNew.spectra""",S_responds_to_P_globally,2,0,false,false,[],[],,null
1669915643,MEMORYLESS,1669915643.spectra,0,WELL_SEPARATION,NOT_WEAK,"TEMP: false, SORT_AFTERWARDS: false, GROUP_OPTION: NO_GROUPING, INCREMENTAL_ADDITION: NO_INCREMENTAL, USE_RABIN: false, GROUP_AUX: NO_GROUPING, STATIC_ORDER: NO_STATIC_ORDERING, ROY_SIFT_MARKER: false, MAKE_LAST: false, MEMORYLESS: true, REORDER_METHOD: SIFT, NEW_PATTERN: false, INCREMENTAL_JUSTICES: NO_INCREMENTAL, REDUCED_ALGORITHM: FALSE, PARALLEL: false, ORIGINAL: false, BUCHI_INTERSECTION: false, NEW_TRIGGER: false, PARTITIONED: SINGLE_FUNC, VERIFICATION: true, CREATE_GRAPH: false",3062,0,453,-1,24704,28219,"[0, 1, 2, 3, 4, 5, 6, 7, 8, 9, 10, 11, 12, 13, 14, 15, 16, 17, 18, 19, 20, 21, 22, 23, 24, 25, 26, 27, 28, 29, 30, 31, 32, 33, 34, 35, 36, 37, 38, 39, 40, 41, 42, 43, 44, 45, 46, 47, 48, 49, 50, 51, 52, 53, 54, 55, 56, 57, 58, 59, 60, 61, 62, 63, 64, 65, 66, 67, 68, 69]","[0, 1, 2, 3, 4, 5, 6, 7, 8, 9, 10, 11, 12, 13, 14, 15, 16, 17, 18, 19, 20, 21, 22, 23, 24, 25, 26, 27, 28, 29, 30, 31, 32, 33, 34, 35, 36, 37, 38, 39, 40, 41, 42, 43, 44, 45, 46, 47, 48, 49, 50, 51, 52, 53, 54, 55, 56, 57, 58, 59, 60, 61, 62, 63, 64, 65, 66, 67, 68, 69]","[40, 38, 36, 2, 5, 0, 3, 1, 4, 6, 9, 17, 14, 12, 15, 13, 16, 24, 27, 29, 26, 60, 58, 59, 61, 62, 63, 68, 67, 25, 28, 7, 10, 8, 11, 20, 23, 22, 19, 21, 18, 37, 39, 31, 69, 65, 30, 64, 41, 34, 32, 33, 35, 66, 57, 44, 56, 55, 54, 42, 45, 46, 43, 47, 49, 50, 48, 53, 52, 51]","[36, 5, 2, 3, 0, 4, 1, 14, 17, 15, 12, 16, 13, 11, 8, 9, 6, 27, 24, 29, 26, 7, 63, 10, 28, 25, 62, 23, 20, 60, 22, 19, 59, 38, 18, 21, 58, 39, 37, 61, 34, 68, 30, 40, 41, 33, 67, 31, 66, 35, 32, 69, 64, 65, 46, 45, 42, 43, 56, 57, 54, 55, 47, 44, 50, 48, 49, 51, 53, 52]",314,314,12821,224754,NOT_IMPLEMENTED,NOT_IMPLEMENTED,NOT_IMPLEMENTED,NOT_IMPLEMENTED,NOT_IMPLEMENTED,NOT_IMPLEMENTED,NOT_IMPLEMENTED,15868.0,14,1133.4285714285718,-6101.0,,,,,1,1,18531,32,,,,,,,,,,,,70,,,NOT_IMPLEMENTED,,false,30,"robotX,robotX',robotY,robotY'","targetBX,targetBX',targetCY,targetCY',MObstacleX,MObstacleX',isCBlocked,isCBlocked',$PATTERN:1.ENV_CONSTRAINT.1.S_responds_to_P_globally.state,$PATTERN:1.ENV_CONSTRAINT.1.S_responds_to_P_globally.state',targetAX,targetAX',targetBY,targetBY',isBBlocked,isBBlocked',targetCX,targetCX',$PATTERN:0.ENV_CONSTRAINT.0.S_responds_to_P_globally.state,$PATTERN:0.ENV_CONSTRAINT.0.S_responds_to_P_globally.state',isABlocked,isABlocked',MObstacleY,MObstacleY',targetAY,targetAY'",0,,,,,,1,8,,,420753899520,35226142930708201472,0,4584015902316823576576,15041319067975680,18017767413109489664,CUDD,"Using BDD Package: CUDDFactory, Version: CUDD 3.0","import ""DwyerPatternsNew.spectra""",S_responds_to_P_globally,2,0,false,false,[],[],,null
