Spec,RunConfig,UniqueIdentifier,TIMEOUT,ActionType,Result,CONFIG_TXT,INITIAL_BDD_TIME,HEURISTICS_TIME,SECOND_STEP_TIME,PARALLEL_OVERHEAD_TIME,WORK_TIME,TOTAL_TIME,PRE_ROYBDD_ORDER,POST_HEURISTICS_ORDER,POST_SECOND_STEP_ORDER,POST_WORK_ORDER,PRE_ROYBDD_NODE_SIZE,POST_HEURISTICS_NODE_SIZE,POST_SECOND_STEP_NODE_SIZE,POST_WORK_NODE_SIZE,AVERAGE_AUX_SIZE,AVERAGE_SYS_DOM_IN_CONSTRAINT,AVERAGE_ENV_DOM_IN_CONSTRAINT,AVERAGE_SYS_DOM_SIZE,AVERAGE_ENV_DOM_SIZE,AVERAGE_CONSTRAINT_COMPLEXITY,INTERCONNECTNESS_INDEX,TOTAL_REORDER_TIME,REORDER_CALL_AMOUNT,AVERAGE_REORDER_TIME,AVERAGE_REORDER_GAIN,Z_FIXPOINTS,Y_FIXPOINTS,X_FIXPOINTS,W_FIXPOINTS,REAL_CASES,UNREAL_CASES,REAL_TIME,UNREAL_TIME,GRAPH_DATA,CLUSTER_INC_DATA,CLUSTER_VAR_DATA,DOMAIN_GRAPH_DATA,CONSTRAINT_GRAPH_DATA,JUST_STRING_COUNT,JUST_STRING_ENV_COUNT,TRANS_STRING_SYS_COUNT,TRANS_STRING_ENV_COUNT,INI_STRING_ENV_COUNT,INI_STRING_SYS_COUNT,TOTAL_VARS,SYS_VARS,ENV_VARS,AUX_VARS,UNUSED_CONS_VARS,ARRAYS_INSTANCES,TOTAL_DOMS,SYS_DOMS,ENV_DOMS,AUX_DOMS,DOMS_NOT_QUANTIFIED,INI_SYS_CONSTRAINTS,INI_ENV_CONSTRAINTS,TRANS_ENV_CONSTRAINTS,TRANS_SYS_CONSTRAINTS,JUSTICE_SYS_AMOUNT,JUSTICE_ENV_AMOUNT,Z_SAT_COUNT,Z_SAT_COUNT_START_S0,TRANS_ENV_SAT,TRANS_SYS_SAT,JUSTS_SYS_SAT,JUSTS_ENV_SAT,INI_ENV_SAT,INI_SYS_SAT,FACTORY_TYPE,BDDPACKAGE,IMPORT,UNIQUE_PATTERNS,PATTERN_INSTANCES,TRIGGER_INSTANCES,MONITORS_INSTANCES,COUNTERS_INSTANCES,REDUCED_PATTERN,REDUCED_TRIGGER,SWAPPED_TO_ORIGINAL,ADDITIONAL
1670358781,NOTHING,1670358781.spectra,0,REALIZABILITY,SYS_REAL,"TEMP: false, SORT_AFTERWARDS: false, GROUP_OPTION: NO_GROUPING, INCREMENTAL_ADDITION: NO_INCREMENTAL, USE_RABIN: false, GROUP_AUX: NO_GROUPING, STATIC_ORDER: NO_STATIC_ORDERING, ROY_SIFT_MARKER: false, MAKE_LAST: false, MEMORYLESS: false, REORDER_METHOD: SIFT, NEW_PATTERN: false, INCREMENTAL_JUSTICES: NO_INCREMENTAL, REDUCED_ALGORITHM: FALSE, PARALLEL: false, ORIGINAL: false, BUCHI_INTERSECTION: false, NEW_TRIGGER: false, PARTITIONED: SINGLE_FUNC, VERIFICATION: true, CREATE_GRAPH: false",2422,16,562,-1,115001,118001,"[0, 1, 2, 3, 4, 5, 6, 7, 8, 9, 10, 11, 12, 13, 14, 15, 16, 17, 18, 19, 20, 21, 22, 23, 24, 25, 26, 27, 28, 29, 30, 31, 32, 33, 34, 35, 36, 37, 38, 39, 40, 41, 42, 43, 44, 45, 46, 47, 48, 49, 50, 51, 52, 53, 54, 55, 56, 57, 58, 59, 60, 61, 62, 63, 64, 65, 66, 67, 68, 69, 70, 71, 72, 73, 74, 75, 76, 77, 78, 79, 80, 81]","[0, 1, 2, 3, 4, 5, 6, 7, 8, 9, 10, 11, 12, 13, 14, 15, 16, 17, 18, 19, 20, 21, 22, 23, 24, 25, 26, 27, 28, 29, 30, 31, 32, 33, 34, 35, 36, 37, 38, 39, 40, 41, 42, 43, 44, 45, 46, 47, 48, 49, 50, 51, 52, 53, 54, 55, 56, 57, 58, 59, 60, 61, 62, 63, 64, 65, 66, 67, 68, 69, 70, 71, 72, 73, 74, 75, 76, 77, 78, 79, 80, 81]","[55, 53, 52, 49, 48, 0, 3, 56, 2, 5, 58, 1, 61, 4, 15, 51, 50, 12, 14, 17, 57, 13, 16, 60, 26, 29, 24, 27, 25, 28, 59, 8, 11, 6, 9, 10, 62, 7, 63, 64, 30, 21, 22, 31, 23, 32, 19, 18, 20, 34, 33, 35, 37, 38, 40, 36, 39, 41, 44, 43, 42, 65, 45, 47, 46, 66, 67, 69, 68, 70, 71, 73, 72, 54, 74, 75, 81, 78, 77, 76, 79, 80]","[2, 55, 5, 3, 0, 58, 56, 4, 1, 57, 14, 13, 17, 16, 12, 15, 26, 25, 24, 28, 27, 60, 59, 64, 8, 7, 63, 6, 62, 11, 10, 49, 9, 48, 23, 22, 51, 21, 50, 34, 33, 52, 31, 30, 32, 66, 29, 61, 53, 19, 18, 20, 67, 35, 41, 39, 40, 37, 36, 38, 65, 45, 46, 47, 44, 43, 42, 69, 68, 71, 70, 73, 72, 54, 74, 75, 81, 78, 77, 76, 79, 80]",375,375,14388,25207,NOT_IMPLEMENTED,NOT_IMPLEMENTED,NOT_IMPLEMENTED,NOT_IMPLEMENTED,NOT_IMPLEMENTED,NOT_IMPLEMENTED,NOT_IMPLEMENTED,55695.0,14,3978.2142857142862,-16719.214285714283,2,30,310,0,1,0,114938,0,,,,,,,,,,,,82,,,NOT_IMPLEMENTED,,false,34,"$COUNTER:0.chargeCounter,$COUNTER:0.chargeCounter',$PATTERN:0.SYS_CONSTRAINT.0.P_becomes_true_After_Q.state,$PATTERN:0.SYS_CONSTRAINT.0.P_becomes_true_After_Q.state',robotY,robotY',robotX,robotX',$PATTERN:1.SYS_CONSTRAINT.1.P_becomes_true_After_Q.state,$PATTERN:1.SYS_CONSTRAINT.1.P_becomes_true_After_Q.state'","BlockedB,BlockedB',C_Y,C_Y',A_Y,A_Y',B_Y,B_Y',BlockedA,BlockedA',robotLostPower,robotLostPower',movingObstcle_Y,movingObstcle_Y',C_X,C_X',movingObstcle_X,movingObstcle_X',BlockedC,BlockedC',A_X,A_X',B_X,B_X'",2,,,,,,5,5,4799796265546468456136704,300249761116451497836544,6264194366177280,404736246711972790272,4924247650012322546581504,7404670645139603695075328,1411175921638780698624,581072438321850875904,CUDD,"Using BDD Package: CUDDFactory, Version: CUDD 3.0","import ""DwyerPatternsNew.spectra""",P_becomes_true_After_Q,2,0,false,true,[],[],,null
1670358781,MEMORYLESS,1670358781.spectra,0,REALIZABILITY,SYS_REAL,"TEMP: false, SORT_AFTERWARDS: false, GROUP_OPTION: NO_GROUPING, INCREMENTAL_ADDITION: NO_INCREMENTAL, USE_RABIN: false, GROUP_AUX: NO_GROUPING, STATIC_ORDER: NO_STATIC_ORDERING, ROY_SIFT_MARKER: false, MAKE_LAST: false, MEMORYLESS: true, REORDER_METHOD: SIFT, NEW_PATTERN: false, INCREMENTAL_JUSTICES: NO_INCREMENTAL, REDUCED_ALGORITHM: FALSE, PARALLEL: false, ORIGINAL: false, BUCHI_INTERSECTION: false, NEW_TRIGGER: false, PARTITIONED: SINGLE_FUNC, VERIFICATION: true, CREATE_GRAPH: false",2453,0,609,-1,107438,110500,"[0, 1, 2, 3, 4, 5, 6, 7, 8, 9, 10, 11, 12, 13, 14, 15, 16, 17, 18, 19, 20, 21, 22, 23, 24, 25, 26, 27, 28, 29, 30, 31, 32, 33, 34, 35, 36, 37, 38, 39, 40, 41, 42, 43, 44, 45, 46, 47, 48, 49, 50, 51, 52, 53, 54, 55, 56, 57, 58, 59, 60, 61, 62, 63, 64, 65, 66, 67, 68, 69, 70, 71, 72, 73, 74, 75, 76, 77, 78, 79, 80, 81]","[0, 1, 2, 3, 4, 5, 6, 7, 8, 9, 10, 11, 12, 13, 14, 15, 16, 17, 18, 19, 20, 21, 22, 23, 24, 25, 26, 27, 28, 29, 30, 31, 32, 33, 34, 35, 36, 37, 38, 39, 40, 41, 42, 43, 44, 45, 46, 47, 48, 49, 50, 51, 52, 53, 54, 55, 56, 57, 58, 59, 60, 61, 62, 63, 64, 65, 66, 67, 68, 69, 70, 71, 72, 73, 74, 75, 76, 77, 78, 79, 80, 81]","[55, 53, 52, 49, 48, 0, 3, 56, 2, 5, 1, 4, 58, 61, 17, 51, 50, 14, 12, 15, 26, 29, 24, 27, 57, 8, 11, 6, 9, 13, 16, 25, 28, 10, 64, 7, 63, 62, 34, 19, 30, 18, 20, 22, 21, 23, 31, 32, 33, 35, 60, 59, 66, 65, 45, 46, 69, 68, 70, 71, 43, 42, 37, 38, 36, 39, 40, 41, 44, 47, 67, 73, 72, 54, 74, 75, 81, 78, 77, 76, 79, 80]","[2, 5, 0, 3, 4, 17, 14, 12, 1, 15, 58, 57, 13, 16, 56, 29, 26, 24, 27, 25, 61, 60, 59, 28, 20, 8, 35, 32, 64, 7, 6, 63, 62, 48, 30, 53, 52, 31, 34, 33, 22, 51, 50, 21, 19, 18, 23, 66, 10, 65, 9, 67, 11, 45, 49, 46, 55, 43, 42, 44, 47, 41, 39, 40, 37, 36, 38, 69, 68, 70, 71, 73, 72, 54, 75, 74, 81, 78, 77, 76, 80, 79]",375,375,16200,313297,NOT_IMPLEMENTED,NOT_IMPLEMENTED,NOT_IMPLEMENTED,NOT_IMPLEMENTED,NOT_IMPLEMENTED,NOT_IMPLEMENTED,NOT_IMPLEMENTED,62042.0,15,4136.133333333335,-21604.066666666673,2,30,310,0,1,0,107422,0,,,,,,,,,,,,82,,,NOT_IMPLEMENTED,,false,34,"robotX,robotX',$COUNTER:0.chargeCounter,$COUNTER:0.chargeCounter',robotY,robotY',$PATTERN:1.SYS_CONSTRAINT.1.P_becomes_true_After_Q.state,$PATTERN:1.SYS_CONSTRAINT.1.P_becomes_true_After_Q.state',$PATTERN:0.SYS_CONSTRAINT.0.P_becomes_true_After_Q.state,$PATTERN:0.SYS_CONSTRAINT.0.P_becomes_true_After_Q.state'","movingObstcle_X,movingObstcle_X',BlockedB,BlockedB',B_X,B_X',A_X,A_X',C_X,C_X',BlockedC,BlockedC',C_Y,C_Y',movingObstcle_Y,movingObstcle_Y',BlockedA,BlockedA',robotLostPower,robotLostPower',A_Y,A_Y',B_Y,B_Y'",2,,,,,,5,5,4799796265546468456136704,300249761116451497836544,6264194366177280,404736246711972790272,4924247650012322546581504,7404670645139603695075328,1411175921638780698624,581072438321850875904,CUDD,"Using BDD Package: CUDDFactory, Version: CUDD 3.0","import ""DwyerPatternsNew.spectra""",P_becomes_true_After_Q,2,0,false,true,[],[],,null
1670358781,NOTHING,1670358781.spectra,0,REALIZABILITY,SYS_REAL,"TEMP: false, SORT_AFTERWARDS: false, GROUP_OPTION: NO_GROUPING, INCREMENTAL_ADDITION: NO_INCREMENTAL, USE_RABIN: false, GROUP_AUX: NO_GROUPING, STATIC_ORDER: NO_STATIC_ORDERING, ROY_SIFT_MARKER: false, MAKE_LAST: false, MEMORYLESS: false, REORDER_METHOD: SIFT, NEW_PATTERN: false, INCREMENTAL_JUSTICES: NO_INCREMENTAL, REDUCED_ALGORITHM: FALSE, PARALLEL: false, ORIGINAL: false, BUCHI_INTERSECTION: false, NEW_TRIGGER: false, PARTITIONED: SINGLE_FUNC, VERIFICATION: true, CREATE_GRAPH: false",2562,16,547,-1,162812,165937,"[0, 1, 2, 3, 4, 5, 6, 7, 8, 9, 10, 11, 12, 13, 14, 15, 16, 17, 18, 19, 20, 21, 22, 23, 24, 25, 26, 27, 28, 29, 30, 31, 32, 33, 34, 35, 36, 37, 38, 39, 40, 41, 42, 43, 44, 45, 46, 47, 48, 49, 50, 51, 52, 53, 54, 55, 56, 57, 58, 59, 60, 61, 62, 63, 64, 65, 66, 67, 68, 69, 70, 71, 72, 73, 74, 75, 76, 77, 78, 79, 80, 81]","[0, 1, 2, 3, 4, 5, 6, 7, 8, 9, 10, 11, 12, 13, 14, 15, 16, 17, 18, 19, 20, 21, 22, 23, 24, 25, 26, 27, 28, 29, 30, 31, 32, 33, 34, 35, 36, 37, 38, 39, 40, 41, 42, 43, 44, 45, 46, 47, 48, 49, 50, 51, 52, 53, 54, 55, 56, 57, 58, 59, 60, 61, 62, 63, 64, 65, 66, 67, 68, 69, 70, 71, 72, 73, 74, 75, 76, 77, 78, 79, 80, 81]","[55, 53, 52, 49, 48, 0, 3, 56, 2, 5, 1, 4, 58, 61, 17, 51, 50, 14, 12, 15, 26, 29, 24, 27, 57, 8, 11, 6, 9, 13, 16, 25, 28, 10, 64, 7, 63, 62, 34, 19, 30, 18, 20, 22, 21, 23, 31, 32, 33, 35, 60, 59, 66, 65, 45, 46, 69, 68, 70, 71, 43, 42, 37, 38, 36, 39, 40, 41, 44, 47, 67, 73, 72, 54, 74, 75, 81, 78, 77, 76, 79, 80]","[2, 5, 3, 0, 58, 56, 1, 55, 4, 14, 12, 57, 13, 26, 25, 24, 60, 59, 64, 8, 7, 63, 6, 62, 11, 10, 49, 48, 9, 17, 15, 28, 27, 16, 29, 34, 33, 53, 52, 35, 22, 66, 51, 50, 21, 23, 31, 19, 18, 20, 30, 32, 42, 65, 67, 61, 45, 43, 46, 44, 47, 38, 36, 37, 39, 40, 41, 69, 68, 71, 70, 73, 72, 54, 75, 74, 81, 78, 77, 76, 80, 79]",375,375,16201,35815,NOT_IMPLEMENTED,NOT_IMPLEMENTED,NOT_IMPLEMENTED,NOT_IMPLEMENTED,NOT_IMPLEMENTED,NOT_IMPLEMENTED,NOT_IMPLEMENTED,107324.0,15,7154.933333333333,-17891.400000000005,2,30,310,0,1,0,162735,0,,,,,,,,,,,,82,,,NOT_IMPLEMENTED,,false,34,"robotX,robotX',$COUNTER:0.chargeCounter,$COUNTER:0.chargeCounter',robotY,robotY',$PATTERN:1.SYS_CONSTRAINT.1.P_becomes_true_After_Q.state,$PATTERN:1.SYS_CONSTRAINT.1.P_becomes_true_After_Q.state',$PATTERN:0.SYS_CONSTRAINT.0.P_becomes_true_After_Q.state,$PATTERN:0.SYS_CONSTRAINT.0.P_becomes_true_After_Q.state'","movingObstcle_X,movingObstcle_X',BlockedB,BlockedB',B_X,B_X',A_X,A_X',C_X,C_X',BlockedC,BlockedC',C_Y,C_Y',movingObstcle_Y,movingObstcle_Y',BlockedA,BlockedA',robotLostPower,robotLostPower',A_Y,A_Y',B_Y,B_Y'",2,,,,,,5,5,4799796265546468456136704,300249761116451497836544,6264194366177280,404736246711972790272,4924247650012322546581504,7404670645139603695075328,1411175921638780698624,581072438321850875904,CUDD,"Using BDD Package: CUDDFactory, Version: CUDD 3.0","import ""DwyerPatternsNew.spectra""",P_becomes_true_After_Q,2,0,false,true,[],[],,null
1670358781,MEMORYLESS,1670358781.spectra,0,REALIZABILITY,SYS_REAL,"TEMP: false, SORT_AFTERWARDS: false, GROUP_OPTION: NO_GROUPING, INCREMENTAL_ADDITION: NO_INCREMENTAL, USE_RABIN: false, GROUP_AUX: NO_GROUPING, STATIC_ORDER: NO_STATIC_ORDERING, ROY_SIFT_MARKER: false, MAKE_LAST: false, MEMORYLESS: true, REORDER_METHOD: SIFT, NEW_PATTERN: false, INCREMENTAL_JUSTICES: NO_INCREMENTAL, REDUCED_ALGORITHM: FALSE, PARALLEL: false, ORIGINAL: false, BUCHI_INTERSECTION: false, NEW_TRIGGER: false, PARTITIONED: SINGLE_FUNC, VERIFICATION: true, CREATE_GRAPH: false",2578,0,625,-1,113005,116208,"[0, 1, 2, 3, 4, 5, 6, 7, 8, 9, 10, 11, 12, 13, 14, 15, 16, 17, 18, 19, 20, 21, 22, 23, 24, 25, 26, 27, 28, 29, 30, 31, 32, 33, 34, 35, 36, 37, 38, 39, 40, 41, 42, 43, 44, 45, 46, 47, 48, 49, 50, 51, 52, 53, 54, 55, 56, 57, 58, 59, 60, 61, 62, 63, 64, 65, 66, 67, 68, 69, 70, 71, 72, 73, 74, 75, 76, 77, 78, 79, 80, 81]","[0, 1, 2, 3, 4, 5, 6, 7, 8, 9, 10, 11, 12, 13, 14, 15, 16, 17, 18, 19, 20, 21, 22, 23, 24, 25, 26, 27, 28, 29, 30, 31, 32, 33, 34, 35, 36, 37, 38, 39, 40, 41, 42, 43, 44, 45, 46, 47, 48, 49, 50, 51, 52, 53, 54, 55, 56, 57, 58, 59, 60, 61, 62, 63, 64, 65, 66, 67, 68, 69, 70, 71, 72, 73, 74, 75, 76, 77, 78, 79, 80, 81]","[55, 53, 52, 49, 48, 0, 3, 56, 2, 5, 1, 4, 58, 61, 17, 51, 50, 14, 12, 15, 26, 29, 24, 27, 57, 8, 11, 6, 9, 13, 16, 25, 28, 10, 64, 7, 63, 62, 34, 19, 30, 18, 20, 22, 21, 23, 31, 32, 33, 35, 60, 59, 66, 65, 45, 46, 69, 68, 70, 71, 43, 42, 37, 38, 36, 39, 40, 41, 44, 47, 67, 73, 72, 54, 74, 75, 81, 78, 77, 76, 79, 80]","[2, 5, 0, 3, 4, 17, 14, 12, 1, 15, 58, 57, 13, 16, 56, 29, 26, 24, 27, 25, 61, 60, 59, 28, 20, 8, 35, 32, 64, 7, 6, 63, 62, 48, 30, 53, 52, 31, 34, 33, 22, 51, 50, 21, 19, 18, 23, 66, 10, 65, 9, 67, 11, 45, 49, 46, 55, 43, 42, 44, 47, 41, 39, 40, 37, 36, 38, 69, 68, 70, 71, 73, 72, 54, 75, 74, 81, 78, 77, 76, 80, 79]",375,375,16200,313297,NOT_IMPLEMENTED,NOT_IMPLEMENTED,NOT_IMPLEMENTED,NOT_IMPLEMENTED,NOT_IMPLEMENTED,NOT_IMPLEMENTED,NOT_IMPLEMENTED,65760.0,15,4384.0,-21604.066666666673,2,30,310,0,1,0,112973,0,,,,,,,,,,,,82,,,NOT_IMPLEMENTED,,false,34,"$COUNTER:0.chargeCounter,$COUNTER:0.chargeCounter',$PATTERN:0.SYS_CONSTRAINT.0.P_becomes_true_After_Q.state,$PATTERN:0.SYS_CONSTRAINT.0.P_becomes_true_After_Q.state',robotY,robotY',robotX,robotX',$PATTERN:1.SYS_CONSTRAINT.1.P_becomes_true_After_Q.state,$PATTERN:1.SYS_CONSTRAINT.1.P_becomes_true_After_Q.state'","BlockedB,BlockedB',C_Y,C_Y',A_Y,A_Y',B_Y,B_Y',BlockedA,BlockedA',robotLostPower,robotLostPower',movingObstcle_Y,movingObstcle_Y',C_X,C_X',movingObstcle_X,movingObstcle_X',BlockedC,BlockedC',A_X,A_X',B_X,B_X'",2,,,,,,5,5,4799796265546468456136704,300249761116451497836544,6264194366177280,404736246711972790272,4924247650012322546581504,7404670645139603695075328,1411175921638780698624,581072438321850875904,CUDD,"Using BDD Package: CUDDFactory, Version: CUDD 3.0","import ""DwyerPatternsNew.spectra""",P_becomes_true_After_Q,2,0,false,true,[],[],,null
1670358781,NOTHING,1670358781.spectra,0,REALIZABILITY,SYS_REAL,"TEMP: false, SORT_AFTERWARDS: false, GROUP_OPTION: NO_GROUPING, INCREMENTAL_ADDITION: NO_INCREMENTAL, USE_RABIN: false, GROUP_AUX: NO_GROUPING, STATIC_ORDER: NO_STATIC_ORDERING, ROY_SIFT_MARKER: false, MAKE_LAST: false, MEMORYLESS: false, REORDER_METHOD: SIFT, NEW_PATTERN: false, INCREMENTAL_JUSTICES: NO_INCREMENTAL, REDUCED_ALGORITHM: FALSE, PARALLEL: false, ORIGINAL: false, BUCHI_INTERSECTION: false, NEW_TRIGGER: false, PARTITIONED: SINGLE_FUNC, VERIFICATION: true, CREATE_GRAPH: false",2626,0,547,-1,164859,168032,"[0, 1, 2, 3, 4, 5, 6, 7, 8, 9, 10, 11, 12, 13, 14, 15, 16, 17, 18, 19, 20, 21, 22, 23, 24, 25, 26, 27, 28, 29, 30, 31, 32, 33, 34, 35, 36, 37, 38, 39, 40, 41, 42, 43, 44, 45, 46, 47, 48, 49, 50, 51, 52, 53, 54, 55, 56, 57, 58, 59, 60, 61, 62, 63, 64, 65, 66, 67, 68, 69, 70, 71, 72, 73, 74, 75, 76, 77, 78, 79, 80, 81]","[0, 1, 2, 3, 4, 5, 6, 7, 8, 9, 10, 11, 12, 13, 14, 15, 16, 17, 18, 19, 20, 21, 22, 23, 24, 25, 26, 27, 28, 29, 30, 31, 32, 33, 34, 35, 36, 37, 38, 39, 40, 41, 42, 43, 44, 45, 46, 47, 48, 49, 50, 51, 52, 53, 54, 55, 56, 57, 58, 59, 60, 61, 62, 63, 64, 65, 66, 67, 68, 69, 70, 71, 72, 73, 74, 75, 76, 77, 78, 79, 80, 81]","[55, 53, 52, 49, 48, 0, 3, 56, 2, 5, 1, 4, 58, 61, 17, 51, 50, 14, 12, 15, 26, 29, 24, 27, 57, 8, 11, 6, 9, 13, 16, 25, 28, 10, 64, 7, 63, 62, 34, 19, 30, 18, 20, 22, 21, 23, 31, 32, 33, 35, 60, 59, 66, 65, 45, 46, 69, 68, 70, 71, 43, 42, 37, 38, 36, 39, 40, 41, 44, 47, 67, 73, 72, 54, 74, 75, 81, 78, 77, 76, 79, 80]","[2, 5, 3, 0, 58, 56, 1, 55, 4, 14, 12, 57, 13, 26, 25, 24, 60, 59, 64, 8, 7, 63, 6, 62, 11, 10, 48, 49, 9, 28, 16, 15, 27, 29, 17, 34, 33, 53, 52, 35, 22, 66, 51, 50, 21, 23, 31, 19, 18, 20, 30, 32, 42, 65, 67, 61, 45, 43, 46, 44, 47, 41, 38, 36, 37, 39, 40, 69, 68, 71, 70, 73, 72, 54, 75, 74, 81, 78, 77, 76, 80, 79]",375,375,16201,35365,NOT_IMPLEMENTED,NOT_IMPLEMENTED,NOT_IMPLEMENTED,NOT_IMPLEMENTED,NOT_IMPLEMENTED,NOT_IMPLEMENTED,NOT_IMPLEMENTED,108274.0,15,7218.266666666669,-17328.333333333336,2,30,310,0,1,0,164750,0,,,,,,,,,,,,82,,,NOT_IMPLEMENTED,,false,34,"robotX,robotX',$COUNTER:0.chargeCounter,$COUNTER:0.chargeCounter',robotY,robotY',$PATTERN:1.SYS_CONSTRAINT.1.P_becomes_true_After_Q.state,$PATTERN:1.SYS_CONSTRAINT.1.P_becomes_true_After_Q.state',$PATTERN:0.SYS_CONSTRAINT.0.P_becomes_true_After_Q.state,$PATTERN:0.SYS_CONSTRAINT.0.P_becomes_true_After_Q.state'","movingObstcle_X,movingObstcle_X',BlockedB,BlockedB',B_X,B_X',A_X,A_X',C_X,C_X',BlockedC,BlockedC',C_Y,C_Y',movingObstcle_Y,movingObstcle_Y',BlockedA,BlockedA',robotLostPower,robotLostPower',A_Y,A_Y',B_Y,B_Y'",2,,,,,,5,5,4799796265546468456136704,300249761116451497836544,6264194366177280,404736246711972790272,4924247650012322546581504,7404670645139603695075328,1411175921638780698624,581072438321850875904,CUDD,"Using BDD Package: CUDDFactory, Version: CUDD 3.0","import ""DwyerPatternsNew.spectra""",P_becomes_true_After_Q,2,0,false,true,[],[],,null
1670358781,MEMORYLESS,1670358781.spectra,0,REALIZABILITY,SYS_REAL,"TEMP: false, SORT_AFTERWARDS: false, GROUP_OPTION: NO_GROUPING, INCREMENTAL_ADDITION: NO_INCREMENTAL, USE_RABIN: false, GROUP_AUX: NO_GROUPING, STATIC_ORDER: NO_STATIC_ORDERING, ROY_SIFT_MARKER: false, MAKE_LAST: false, MEMORYLESS: true, REORDER_METHOD: SIFT, NEW_PATTERN: false, INCREMENTAL_JUSTICES: NO_INCREMENTAL, REDUCED_ALGORITHM: FALSE, PARALLEL: false, ORIGINAL: false, BUCHI_INTERSECTION: false, NEW_TRIGGER: false, PARTITIONED: SINGLE_FUNC, VERIFICATION: true, CREATE_GRAPH: false",2594,16,609,-1,149118,152337,"[0, 1, 2, 3, 4, 5, 6, 7, 8, 9, 10, 11, 12, 13, 14, 15, 16, 17, 18, 19, 20, 21, 22, 23, 24, 25, 26, 27, 28, 29, 30, 31, 32, 33, 34, 35, 36, 37, 38, 39, 40, 41, 42, 43, 44, 45, 46, 47, 48, 49, 50, 51, 52, 53, 54, 55, 56, 57, 58, 59, 60, 61, 62, 63, 64, 65, 66, 67, 68, 69, 70, 71, 72, 73, 74, 75, 76, 77, 78, 79, 80, 81]","[0, 1, 2, 3, 4, 5, 6, 7, 8, 9, 10, 11, 12, 13, 14, 15, 16, 17, 18, 19, 20, 21, 22, 23, 24, 25, 26, 27, 28, 29, 30, 31, 32, 33, 34, 35, 36, 37, 38, 39, 40, 41, 42, 43, 44, 45, 46, 47, 48, 49, 50, 51, 52, 53, 54, 55, 56, 57, 58, 59, 60, 61, 62, 63, 64, 65, 66, 67, 68, 69, 70, 71, 72, 73, 74, 75, 76, 77, 78, 79, 80, 81]","[55, 53, 52, 49, 48, 0, 3, 56, 2, 5, 1, 4, 58, 61, 17, 51, 50, 14, 12, 15, 26, 29, 24, 27, 57, 8, 11, 6, 9, 13, 16, 25, 28, 10, 64, 7, 63, 62, 34, 19, 30, 18, 20, 22, 21, 23, 31, 32, 33, 35, 60, 59, 66, 65, 45, 46, 69, 68, 70, 71, 43, 42, 37, 38, 36, 39, 40, 41, 44, 47, 67, 73, 72, 54, 74, 75, 81, 78, 77, 76, 79, 80]","[2, 5, 3, 0, 58, 56, 55, 57, 1, 4, 14, 12, 13, 26, 25, 24, 64, 8, 11, 10, 9, 60, 59, 7, 63, 49, 6, 62, 48, 15, 28, 27, 16, 29, 34, 53, 33, 52, 35, 22, 66, 17, 51, 50, 21, 23, 31, 19, 32, 30, 18, 20, 42, 43, 65, 67, 61, 46, 45, 44, 47, 38, 36, 37, 39, 40, 41, 69, 68, 71, 70, 73, 72, 54, 75, 74, 81, 78, 77, 76, 80, 79]",375,375,16200,344250,NOT_IMPLEMENTED,NOT_IMPLEMENTED,NOT_IMPLEMENTED,NOT_IMPLEMENTED,NOT_IMPLEMENTED,NOT_IMPLEMENTED,NOT_IMPLEMENTED,92849.0,15,6189.933333333333,-16486.599999999995,2,30,310,0,1,0,149087,0,,,,,,,,,,,,82,,,NOT_IMPLEMENTED,,false,34,"robotX,robotX',$COUNTER:0.chargeCounter,$COUNTER:0.chargeCounter',robotY,robotY',$PATTERN:1.SYS_CONSTRAINT.1.P_becomes_true_After_Q.state,$PATTERN:1.SYS_CONSTRAINT.1.P_becomes_true_After_Q.state',$PATTERN:0.SYS_CONSTRAINT.0.P_becomes_true_After_Q.state,$PATTERN:0.SYS_CONSTRAINT.0.P_becomes_true_After_Q.state'","movingObstcle_X,movingObstcle_X',BlockedB,BlockedB',B_X,B_X',A_X,A_X',C_X,C_X',BlockedC,BlockedC',C_Y,C_Y',movingObstcle_Y,movingObstcle_Y',BlockedA,BlockedA',robotLostPower,robotLostPower',A_Y,A_Y',B_Y,B_Y'",2,,,,,,5,5,4799796265546468456136704,300249761116451497836544,6264194366177280,404736246711972790272,4924247650012322546581504,7404670645139603695075328,1411175921638780698624,581072438321850875904,CUDD,"Using BDD Package: CUDDFactory, Version: CUDD 3.0","import ""DwyerPatternsNew.spectra""",P_becomes_true_After_Q,2,0,false,true,[],[],,null
1670525188,NOTHING,1670525188.spectra,0,REALIZABILITY,SYS_REAL,"TEMP: false, SORT_AFTERWARDS: false, GROUP_OPTION: NO_GROUPING, INCREMENTAL_ADDITION: NO_INCREMENTAL, USE_RABIN: false, GROUP_AUX: NO_GROUPING, STATIC_ORDER: NO_STATIC_ORDERING, ROY_SIFT_MARKER: false, MAKE_LAST: false, MEMORYLESS: false, REORDER_METHOD: SIFT, NEW_PATTERN: false, INCREMENTAL_JUSTICES: NO_INCREMENTAL, REDUCED_ALGORITHM: FALSE, PARALLEL: false, ORIGINAL: false, BUCHI_INTERSECTION: false, NEW_TRIGGER: false, PARTITIONED: SINGLE_FUNC, VERIFICATION: true, CREATE_GRAPH: false",2669,16,81,-1,92698,95464,"[0, 1, 2, 3, 4, 5, 6, 7, 8, 9, 10, 11, 12, 13, 14, 15, 16, 17, 18, 19, 20, 21, 22, 23, 24, 25, 26, 27, 28, 29, 30, 31, 32, 33, 34, 35, 36, 37, 38, 39, 40, 41, 42, 43, 44, 45, 46, 47, 48, 49, 50, 51, 52, 53, 54, 55, 56, 57, 58, 59, 60, 61]","[0, 1, 2, 3, 4, 5, 6, 7, 8, 9, 10, 11, 12, 13, 14, 15, 16, 17, 18, 19, 20, 21, 22, 23, 24, 25, 26, 27, 28, 29, 30, 31, 32, 33, 34, 35, 36, 37, 38, 39, 40, 41, 42, 43, 44, 45, 46, 47, 48, 49, 50, 51, 52, 53, 54, 55, 56, 57, 58, 59, 60, 61]","[61, 60, 42, 2, 5, 53, 3, 50, 0, 1, 4, 49, 52, 48, 43, 44, 6, 51, 9, 8, 11, 7, 10, 45, 12, 15, 46, 14, 17, 13, 16, 47, 59, 56, 58, 55, 22, 19, 23, 20, 21, 57, 18, 54, 24, 35, 33, 30, 32, 34, 31, 29, 27, 28, 40, 39, 41, 26, 25, 37, 36, 38]","[5, 53, 4, 1, 2, 52, 51, 3, 49, 50, 0, 8, 11, 7, 10, 59, 20, 23, 19, 22, 18, 21, 14, 17, 13, 16, 15, 57, 58, 12, 6, 9, 48, 56, 55, 54, 43, 28, 27, 45, 33, 47, 34, 40, 39, 41, 25, 29, 35, 61, 24, 26, 31, 30, 32, 42, 60, 46, 44, 37, 36, 38]",281,281,6983,15909,NOT_IMPLEMENTED,NOT_IMPLEMENTED,NOT_IMPLEMENTED,NOT_IMPLEMENTED,NOT_IMPLEMENTED,NOT_IMPLEMENTED,NOT_IMPLEMENTED,65572.0,11,5961.090909090908,-10992.0,3,57,560,0,1,0,92641,0,,,,,,,,,,,,62,,,NOT_IMPLEMENTED,,true,26,"robotX,robotX',$PRIMED_JUSTICE_0,$PRIMED_JUSTICE_0',robotY,robotY'","goalsX[1],goalsX[1]',movingObstacleX,movingObstacleX',redGoals[1],redGoals[1]',redGoals[2],redGoals[2]',goalsY[1],goalsY[1]',goalsX[0],goalsX[0]',goalsY[0],goalsY[0]',goalsY[2],goalsY[2]',goalsX[2],goalsX[2]',redGoals[0],redGoals[0]'",2,,,,,,3,4,4469268338865864704,4469268338865864704,394167091200,68732328083456000,84442493013196800,9155818042444218368,75206595339878400,681824694587883520,CUDD,"Using BDD Package: CUDDFactory, Version: CUDD 3.0","import ""DwyerPatternsNew.spectra""",,0,0,false,false,[],[],,null
1670525188,MEMORYLESS,1670525188.spectra,0,REALIZABILITY,SYS_REAL,"TEMP: false, SORT_AFTERWARDS: false, GROUP_OPTION: NO_GROUPING, INCREMENTAL_ADDITION: NO_INCREMENTAL, USE_RABIN: false, GROUP_AUX: NO_GROUPING, STATIC_ORDER: NO_STATIC_ORDERING, ROY_SIFT_MARKER: false, MAKE_LAST: false, MEMORYLESS: true, REORDER_METHOD: SIFT, NEW_PATTERN: false, INCREMENTAL_JUSTICES: NO_INCREMENTAL, REDUCED_ALGORITHM: FALSE, PARALLEL: false, ORIGINAL: false, BUCHI_INTERSECTION: false, NEW_TRIGGER: false, PARTITIONED: SINGLE_FUNC, VERIFICATION: true, CREATE_GRAPH: false",2431,16,95,-1,35249,37791,"[0, 1, 2, 3, 4, 5, 6, 7, 8, 9, 10, 11, 12, 13, 14, 15, 16, 17, 18, 19, 20, 21, 22, 23, 24, 25, 26, 27, 28, 29, 30, 31, 32, 33, 34, 35, 36, 37, 38, 39, 40, 41, 42, 43, 44, 45, 46, 47, 48, 49, 50, 51, 52, 53, 54, 55, 56, 57, 58, 59, 60, 61]","[0, 1, 2, 3, 4, 5, 6, 7, 8, 9, 10, 11, 12, 13, 14, 15, 16, 17, 18, 19, 20, 21, 22, 23, 24, 25, 26, 27, 28, 29, 30, 31, 32, 33, 34, 35, 36, 37, 38, 39, 40, 41, 42, 43, 44, 45, 46, 47, 48, 49, 50, 51, 52, 53, 54, 55, 56, 57, 58, 59, 60, 61]","[61, 60, 42, 2, 5, 53, 3, 50, 0, 1, 4, 49, 52, 48, 43, 44, 6, 51, 9, 8, 11, 7, 10, 45, 12, 15, 46, 14, 17, 13, 16, 47, 59, 56, 58, 55, 22, 19, 23, 20, 21, 57, 18, 54, 24, 35, 33, 30, 32, 34, 31, 29, 27, 28, 40, 39, 41, 26, 25, 37, 36, 38]","[53, 5, 4, 1, 2, 52, 51, 3, 49, 50, 8, 11, 7, 10, 14, 17, 13, 44, 42, 46, 60, 0, 16, 20, 23, 19, 22, 18, 12, 21, 15, 6, 9, 48, 29, 28, 25, 27, 58, 45, 24, 43, 26, 34, 57, 31, 30, 55, 54, 47, 32, 33, 35, 59, 56, 39, 61, 41, 40, 37, 38, 36]",281,281,6982,264101,NOT_IMPLEMENTED,NOT_IMPLEMENTED,NOT_IMPLEMENTED,NOT_IMPLEMENTED,NOT_IMPLEMENTED,NOT_IMPLEMENTED,NOT_IMPLEMENTED,13923.0,10,1392.3,-12982.400000000001,3,57,560,0,1,0,35249,0,,,,,,,,,,,,62,,,NOT_IMPLEMENTED,,true,26,"robotX,robotX',$PRIMED_JUSTICE_0,$PRIMED_JUSTICE_0',robotY,robotY'","goalsX[2],goalsX[2]',redGoals[2],redGoals[2]',goalsY[1],goalsY[1]',goalsX[0],goalsX[0]',redGoals[0],redGoals[0]',movingObstacleX,movingObstacleX',redGoals[1],redGoals[1]',goalsY[0],goalsY[0]',goalsX[1],goalsX[1]',goalsY[2],goalsY[2]'",2,,,,,,3,4,4469268338865864704,4469268338865864704,394167091200,68732328083456000,84442493013196800,9155818042444218368,75206595339878400,681824694587883520,CUDD,"Using BDD Package: CUDDFactory, Version: CUDD 3.0","import ""DwyerPatternsNew.spectra""",,0,0,false,false,[],[],,null
1670525188,NOTHING,1670525188.spectra,0,REALIZABILITY,SYS_REAL,"TEMP: false, SORT_AFTERWARDS: false, GROUP_OPTION: NO_GROUPING, INCREMENTAL_ADDITION: NO_INCREMENTAL, USE_RABIN: false, GROUP_AUX: NO_GROUPING, STATIC_ORDER: NO_STATIC_ORDERING, ROY_SIFT_MARKER: false, MAKE_LAST: false, MEMORYLESS: false, REORDER_METHOD: SIFT, NEW_PATTERN: false, INCREMENTAL_JUSTICES: NO_INCREMENTAL, REDUCED_ALGORITHM: FALSE, PARALLEL: false, ORIGINAL: false, BUCHI_INTERSECTION: false, NEW_TRIGGER: false, PARTITIONED: SINGLE_FUNC, VERIFICATION: true, CREATE_GRAPH: false",2576,18,94,-1,89062,91750,"[0, 1, 2, 3, 4, 5, 6, 7, 8, 9, 10, 11, 12, 13, 14, 15, 16, 17, 18, 19, 20, 21, 22, 23, 24, 25, 26, 27, 28, 29, 30, 31, 32, 33, 34, 35, 36, 37, 38, 39, 40, 41, 42, 43, 44, 45, 46, 47, 48, 49, 50, 51, 52, 53, 54, 55, 56, 57, 58, 59, 60, 61]","[0, 1, 2, 3, 4, 5, 6, 7, 8, 9, 10, 11, 12, 13, 14, 15, 16, 17, 18, 19, 20, 21, 22, 23, 24, 25, 26, 27, 28, 29, 30, 31, 32, 33, 34, 35, 36, 37, 38, 39, 40, 41, 42, 43, 44, 45, 46, 47, 48, 49, 50, 51, 52, 53, 54, 55, 56, 57, 58, 59, 60, 61]","[61, 60, 42, 2, 5, 53, 3, 50, 0, 1, 4, 49, 52, 48, 43, 44, 6, 51, 9, 8, 11, 7, 10, 45, 12, 15, 46, 14, 17, 13, 16, 47, 59, 56, 58, 55, 22, 19, 23, 20, 21, 57, 18, 54, 24, 35, 33, 30, 32, 34, 31, 29, 27, 28, 40, 39, 41, 26, 25, 37, 36, 38]","[5, 53, 4, 1, 2, 52, 51, 3, 49, 50, 0, 8, 11, 7, 10, 59, 20, 23, 19, 22, 18, 21, 14, 17, 13, 16, 15, 57, 58, 12, 6, 9, 48, 56, 55, 54, 43, 28, 27, 45, 33, 47, 34, 40, 39, 41, 25, 29, 35, 61, 24, 26, 31, 30, 32, 42, 60, 46, 44, 37, 36, 38]",281,281,6982,15908,NOT_IMPLEMENTED,NOT_IMPLEMENTED,NOT_IMPLEMENTED,NOT_IMPLEMENTED,NOT_IMPLEMENTED,NOT_IMPLEMENTED,NOT_IMPLEMENTED,60819.0,11,5529.0,-10989.363636363638,3,57,560,0,1,0,88998,0,,,,,,,,,,,,62,,,NOT_IMPLEMENTED,,true,26,"robotX,robotX',$PRIMED_JUSTICE_0,$PRIMED_JUSTICE_0',robotY,robotY'","goalsX[1],goalsX[1]',movingObstacleX,movingObstacleX',redGoals[1],redGoals[1]',redGoals[2],redGoals[2]',goalsY[1],goalsY[1]',goalsX[0],goalsX[0]',goalsY[0],goalsY[0]',goalsY[2],goalsY[2]',goalsX[2],goalsX[2]',redGoals[0],redGoals[0]'",2,,,,,,3,4,4469268338865864704,4469268338865864704,394167091200,68732328083456000,84442493013196800,9155818042444218368,75206595339878400,681824694587883520,CUDD,"Using BDD Package: CUDDFactory, Version: CUDD 3.0","import ""DwyerPatternsNew.spectra""",,0,0,false,false,[],[],,null
1670525188,MEMORYLESS,1670525188.spectra,0,REALIZABILITY,SYS_REAL,"TEMP: false, SORT_AFTERWARDS: false, GROUP_OPTION: NO_GROUPING, INCREMENTAL_ADDITION: NO_INCREMENTAL, USE_RABIN: false, GROUP_AUX: NO_GROUPING, STATIC_ORDER: NO_STATIC_ORDERING, ROY_SIFT_MARKER: false, MAKE_LAST: false, MEMORYLESS: true, REORDER_METHOD: SIFT, NEW_PATTERN: false, INCREMENTAL_JUSTICES: NO_INCREMENTAL, REDUCED_ALGORITHM: FALSE, PARALLEL: false, ORIGINAL: false, BUCHI_INTERSECTION: false, NEW_TRIGGER: false, PARTITIONED: SINGLE_FUNC, VERIFICATION: true, CREATE_GRAPH: false",2590,15,112,-1,35630,38347,"[0, 1, 2, 3, 4, 5, 6, 7, 8, 9, 10, 11, 12, 13, 14, 15, 16, 17, 18, 19, 20, 21, 22, 23, 24, 25, 26, 27, 28, 29, 30, 31, 32, 33, 34, 35, 36, 37, 38, 39, 40, 41, 42, 43, 44, 45, 46, 47, 48, 49, 50, 51, 52, 53, 54, 55, 56, 57, 58, 59, 60, 61]","[0, 1, 2, 3, 4, 5, 6, 7, 8, 9, 10, 11, 12, 13, 14, 15, 16, 17, 18, 19, 20, 21, 22, 23, 24, 25, 26, 27, 28, 29, 30, 31, 32, 33, 34, 35, 36, 37, 38, 39, 40, 41, 42, 43, 44, 45, 46, 47, 48, 49, 50, 51, 52, 53, 54, 55, 56, 57, 58, 59, 60, 61]","[61, 60, 42, 2, 5, 53, 3, 50, 0, 1, 4, 49, 52, 48, 43, 44, 6, 51, 9, 8, 11, 7, 10, 45, 12, 15, 46, 14, 17, 13, 16, 47, 59, 56, 58, 55, 22, 19, 23, 20, 21, 57, 18, 54, 24, 35, 33, 30, 32, 34, 31, 29, 27, 28, 40, 39, 41, 26, 25, 37, 36, 38]","[53, 5, 4, 1, 2, 52, 51, 3, 49, 50, 8, 11, 7, 10, 14, 17, 13, 44, 42, 46, 60, 0, 16, 20, 23, 19, 22, 18, 12, 21, 15, 6, 9, 48, 29, 28, 25, 27, 58, 45, 24, 43, 26, 34, 57, 31, 30, 55, 54, 47, 32, 33, 35, 59, 56, 39, 61, 41, 40, 37, 38, 36]",281,281,6982,264101,NOT_IMPLEMENTED,NOT_IMPLEMENTED,NOT_IMPLEMENTED,NOT_IMPLEMENTED,NOT_IMPLEMENTED,NOT_IMPLEMENTED,NOT_IMPLEMENTED,14136.0,10,1413.5999999999997,-12982.400000000001,3,57,560,0,1,0,35607,0,,,,,,,,,,,,62,,,NOT_IMPLEMENTED,,true,26,"robotX,robotX',$PRIMED_JUSTICE_0,$PRIMED_JUSTICE_0',robotY,robotY'","goalsX[2],goalsX[2]',redGoals[2],redGoals[2]',goalsY[1],goalsY[1]',goalsX[0],goalsX[0]',redGoals[0],redGoals[0]',movingObstacleX,movingObstacleX',redGoals[1],redGoals[1]',goalsY[0],goalsY[0]',goalsX[1],goalsX[1]',goalsY[2],goalsY[2]'",2,,,,,,3,4,4469268338865864704,4469268338865864704,394167091200,68732328083456000,84442493013196800,9155818042444218368,75206595339878400,681824694587883520,CUDD,"Using BDD Package: CUDDFactory, Version: CUDD 3.0","import ""DwyerPatternsNew.spectra""",,0,0,false,false,[],[],,null
1670525188,NOTHING,1670525188.spectra,0,REALIZABILITY,SYS_REAL,"TEMP: false, SORT_AFTERWARDS: false, GROUP_OPTION: NO_GROUPING, INCREMENTAL_ADDITION: NO_INCREMENTAL, USE_RABIN: false, GROUP_AUX: NO_GROUPING, STATIC_ORDER: NO_STATIC_ORDERING, ROY_SIFT_MARKER: false, MAKE_LAST: false, MEMORYLESS: false, REORDER_METHOD: SIFT, NEW_PATTERN: false, INCREMENTAL_JUSTICES: NO_INCREMENTAL, REDUCED_ALGORITHM: FALSE, PARALLEL: false, ORIGINAL: false, BUCHI_INTERSECTION: false, NEW_TRIGGER: false, PARTITIONED: SINGLE_FUNC, VERIFICATION: true, CREATE_GRAPH: false",2614,13,113,-1,85912,88652,"[0, 1, 2, 3, 4, 5, 6, 7, 8, 9, 10, 11, 12, 13, 14, 15, 16, 17, 18, 19, 20, 21, 22, 23, 24, 25, 26, 27, 28, 29, 30, 31, 32, 33, 34, 35, 36, 37, 38, 39, 40, 41, 42, 43, 44, 45, 46, 47, 48, 49, 50, 51, 52, 53, 54, 55, 56, 57, 58, 59, 60, 61]","[0, 1, 2, 3, 4, 5, 6, 7, 8, 9, 10, 11, 12, 13, 14, 15, 16, 17, 18, 19, 20, 21, 22, 23, 24, 25, 26, 27, 28, 29, 30, 31, 32, 33, 34, 35, 36, 37, 38, 39, 40, 41, 42, 43, 44, 45, 46, 47, 48, 49, 50, 51, 52, 53, 54, 55, 56, 57, 58, 59, 60, 61]","[61, 60, 42, 2, 5, 53, 3, 50, 0, 1, 4, 49, 52, 48, 43, 44, 6, 51, 9, 8, 11, 7, 10, 45, 12, 15, 46, 14, 17, 13, 16, 47, 59, 56, 58, 55, 22, 19, 23, 20, 21, 57, 18, 54, 24, 35, 33, 30, 32, 34, 31, 29, 27, 28, 40, 39, 41, 26, 25, 37, 36, 38]","[5, 53, 4, 1, 2, 52, 51, 3, 49, 50, 0, 8, 11, 7, 10, 59, 20, 23, 19, 22, 18, 21, 14, 17, 13, 16, 15, 57, 58, 12, 6, 9, 48, 56, 55, 54, 43, 28, 27, 45, 33, 47, 34, 40, 39, 41, 25, 29, 35, 61, 24, 26, 31, 30, 32, 42, 60, 46, 44, 37, 36, 38]",281,281,6982,15908,NOT_IMPLEMENTED,NOT_IMPLEMENTED,NOT_IMPLEMENTED,NOT_IMPLEMENTED,NOT_IMPLEMENTED,NOT_IMPLEMENTED,NOT_IMPLEMENTED,60622.0,11,5511.090909090908,-10989.363636363638,3,57,560,0,1,0,85847,0,,,,,,,,,,,,62,,,NOT_IMPLEMENTED,,true,26,"robotX,robotX',$PRIMED_JUSTICE_0,$PRIMED_JUSTICE_0',robotY,robotY'","goalsX[1],goalsX[1]',movingObstacleX,movingObstacleX',redGoals[1],redGoals[1]',redGoals[2],redGoals[2]',goalsY[1],goalsY[1]',goalsX[0],goalsX[0]',goalsY[0],goalsY[0]',goalsY[2],goalsY[2]',goalsX[2],goalsX[2]',redGoals[0],redGoals[0]'",2,,,,,,3,4,4469268338865864704,4469268338865864704,394167091200,68732328083456000,84442493013196800,9155818042444218368,75206595339878400,681824694587883520,CUDD,"Using BDD Package: CUDDFactory, Version: CUDD 3.0","import ""DwyerPatternsNew.spectra""",,0,0,false,false,[],[],,null
1670525188,MEMORYLESS,1670525188.spectra,0,REALIZABILITY,SYS_REAL,"TEMP: false, SORT_AFTERWARDS: false, GROUP_OPTION: NO_GROUPING, INCREMENTAL_ADDITION: NO_INCREMENTAL, USE_RABIN: false, GROUP_AUX: NO_GROUPING, STATIC_ORDER: NO_STATIC_ORDERING, ROY_SIFT_MARKER: false, MAKE_LAST: false, MEMORYLESS: true, REORDER_METHOD: SIFT, NEW_PATTERN: false, INCREMENTAL_JUSTICES: NO_INCREMENTAL, REDUCED_ALGORITHM: FALSE, PARALLEL: false, ORIGINAL: false, BUCHI_INTERSECTION: false, NEW_TRIGGER: false, PARTITIONED: SINGLE_FUNC, VERIFICATION: true, CREATE_GRAPH: false",2806,18,95,-1,35123,38042,"[0, 1, 2, 3, 4, 5, 6, 7, 8, 9, 10, 11, 12, 13, 14, 15, 16, 17, 18, 19, 20, 21, 22, 23, 24, 25, 26, 27, 28, 29, 30, 31, 32, 33, 34, 35, 36, 37, 38, 39, 40, 41, 42, 43, 44, 45, 46, 47, 48, 49, 50, 51, 52, 53, 54, 55, 56, 57, 58, 59, 60, 61]","[0, 1, 2, 3, 4, 5, 6, 7, 8, 9, 10, 11, 12, 13, 14, 15, 16, 17, 18, 19, 20, 21, 22, 23, 24, 25, 26, 27, 28, 29, 30, 31, 32, 33, 34, 35, 36, 37, 38, 39, 40, 41, 42, 43, 44, 45, 46, 47, 48, 49, 50, 51, 52, 53, 54, 55, 56, 57, 58, 59, 60, 61]","[61, 60, 42, 2, 5, 53, 3, 50, 0, 1, 4, 49, 52, 48, 43, 44, 6, 51, 9, 8, 11, 7, 10, 45, 12, 15, 46, 14, 17, 13, 16, 47, 59, 56, 58, 55, 22, 19, 23, 20, 21, 57, 18, 54, 24, 35, 33, 30, 32, 34, 31, 29, 27, 28, 40, 39, 41, 26, 25, 37, 36, 38]","[53, 5, 4, 1, 2, 52, 51, 3, 49, 50, 8, 11, 7, 10, 14, 17, 13, 44, 42, 46, 60, 0, 16, 20, 23, 19, 22, 18, 12, 21, 15, 6, 9, 48, 29, 28, 25, 27, 58, 45, 24, 43, 26, 34, 57, 31, 30, 55, 54, 47, 32, 33, 35, 59, 56, 39, 61, 41, 40, 37, 38, 36]",281,281,6984,264104,NOT_IMPLEMENTED,NOT_IMPLEMENTED,NOT_IMPLEMENTED,NOT_IMPLEMENTED,NOT_IMPLEMENTED,NOT_IMPLEMENTED,NOT_IMPLEMENTED,13874.0,10,1387.4000000000003,-12978.5,3,57,560,0,1,0,35123,0,,,,,,,,,,,,62,,,NOT_IMPLEMENTED,,true,26,"robotX,robotX',$PRIMED_JUSTICE_0,$PRIMED_JUSTICE_0',robotY,robotY'","goalsX[2],goalsX[2]',redGoals[2],redGoals[2]',goalsY[1],goalsY[1]',goalsX[0],goalsX[0]',redGoals[0],redGoals[0]',movingObstacleX,movingObstacleX',redGoals[1],redGoals[1]',goalsY[0],goalsY[0]',goalsX[1],goalsX[1]',goalsY[2],goalsY[2]'",2,,,,,,3,4,4469268338865864704,4469268338865864704,394167091200,68732328083456000,84442493013196800,9155818042444218368,75206595339878400,681824694587883520,CUDD,"Using BDD Package: CUDDFactory, Version: CUDD 3.0","import ""DwyerPatternsNew.spectra""",,0,0,false,false,[],[],,null
1670431111,NOTHING,1670431111.spectra,0,REALIZABILITY,SYS_UNREAL,"TEMP: false, SORT_AFTERWARDS: false, GROUP_OPTION: NO_GROUPING, INCREMENTAL_ADDITION: NO_INCREMENTAL, USE_RABIN: false, GROUP_AUX: NO_GROUPING, STATIC_ORDER: NO_STATIC_ORDERING, ROY_SIFT_MARKER: false, MAKE_LAST: false, MEMORYLESS: false, REORDER_METHOD: SIFT, NEW_PATTERN: false, INCREMENTAL_JUSTICES: NO_INCREMENTAL, REDUCED_ALGORITHM: FALSE, PARALLEL: false, ORIGINAL: false, BUCHI_INTERSECTION: false, NEW_TRIGGER: false, PARTITIONED: SINGLE_FUNC, VERIFICATION: true, CREATE_GRAPH: false",3125,12,1208,-1,90169,94514,"[0, 1, 2, 3, 4, 5, 6, 7, 8, 9, 10, 11, 12, 13, 14, 15, 16, 17, 18, 19, 20, 21, 22, 23, 24, 25, 26, 27, 28, 29, 30, 31, 32, 33, 34, 35, 36, 37, 38, 39, 40, 41, 42, 43, 44, 45, 46, 47, 48, 49, 50, 51, 52, 53, 54, 55, 56, 57, 58, 59, 60, 61, 62, 63, 64, 65, 66, 67, 68, 69, 70, 71, 72, 73, 74, 75, 76, 77, 78, 79, 80, 81, 82, 83, 84, 85, 86, 87, 88, 89, 90, 91, 92, 93, 94, 95, 96, 97, 98, 99, 100, 101, 102, 103, 104, 105, 106, 107, 108, 109, 110, 111, 112, 113, 114, 115, 116, 117, 118, 119, 120, 121, 122, 123, 124, 125, 126, 127, 128, 129, 130, 131, 132, 133, 134, 135, 136, 137]","[0, 1, 2, 3, 4, 5, 6, 7, 8, 9, 10, 11, 12, 13, 14, 15, 16, 17, 18, 19, 20, 21, 22, 23, 24, 25, 26, 27, 28, 29, 30, 31, 32, 33, 34, 35, 36, 37, 38, 39, 40, 41, 42, 43, 44, 45, 46, 47, 48, 49, 50, 51, 52, 53, 54, 55, 56, 57, 58, 59, 60, 61, 62, 63, 64, 65, 66, 67, 68, 69, 70, 71, 72, 73, 74, 75, 76, 77, 78, 79, 80, 81, 82, 83, 84, 85, 86, 87, 88, 89, 90, 91, 92, 93, 94, 95, 96, 97, 98, 99, 100, 101, 102, 103, 104, 105, 106, 107, 108, 109, 110, 111, 112, 113, 114, 115, 116, 117, 118, 119, 120, 121, 122, 123, 124, 125, 126, 127, 128, 129, 130, 131, 132, 133, 134, 135, 136, 137]","[13, 119, 5, 117, 3, 118, 4, 12, 0, 1, 2, 114, 115, 116, 32, 40, 30, 29, 33, 31, 28, 41, 8, 125, 11, 123, 9, 10, 124, 26, 14, 15, 16, 18, 17, 27, 19, 23, 34, 35, 25, 24, 38, 36, 39, 37, 7, 6, 120, 20, 121, 21, 22, 122, 42, 43, 44, 45, 46, 47, 72, 73, 74, 48, 49, 50, 76, 75, 77, 53, 51, 52, 80, 78, 79, 56, 55, 54, 83, 81, 82, 59, 58, 57, 86, 84, 85, 62, 61, 60, 89, 87, 88, 65, 64, 63, 92, 90, 91, 104, 103, 67, 68, 66, 95, 93, 94, 69, 70, 71, 102, 96, 97, 98, 101, 99, 100, 105, 106, 107, 108, 109, 110, 111, 113, 112, 126, 127, 128, 129, 130, 131, 132, 133, 134, 135, 136, 137]","[13, 5, 119, 3, 40, 26, 117, 12, 2, 0, 1, 114, 115, 116, 4, 118, 33, 32, 30, 29, 28, 11, 125, 10, 124, 9, 123, 16, 14, 15, 19, 18, 17, 25, 24, 23, 27, 31, 37, 38, 41, 39, 8, 7, 122, 121, 120, 6, 20, 34, 35, 36, 21, 22, 42, 43, 44, 72, 73, 74, 48, 49, 50, 107, 113, 112, 111, 106, 47, 46, 45, 77, 76, 75, 105, 53, 52, 51, 83, 82, 81, 80, 79, 78, 56, 54, 55, 59, 58, 57, 87, 88, 89, 86, 85, 84, 62, 60, 61, 65, 63, 64, 92, 91, 90, 102, 103, 104, 66, 67, 68, 93, 94, 95, 99, 100, 101, 71, 69, 70, 98, 97, 96, 109, 108, 110, 126, 127, 129, 128, 130, 131, 133, 132, 134, 135, 137, 136]",5270,5270,40229,114608,NOT_IMPLEMENTED,NOT_IMPLEMENTED,NOT_IMPLEMENTED,NOT_IMPLEMENTED,NOT_IMPLEMENTED,NOT_IMPLEMENTED,NOT_IMPLEMENTED,55050.0,11,5004.545454545454,-39244.818181818184,1,6,196,0,0,0,0,0,,,,,,,,,,,,138,,,NOT_IMPLEMENTED,,true,52,"robotX,robotX',$TRIGGER:2.VAR',robotY,robotY',$TRIGGER:2.VAR,$TRIGGER:1.VAR',$TRIGGER:1.VAR,$TRIGGER:0.VAR,$TRIGGER:0.VAR'","targetBX,targetBX',Cgreen,Cgreen',obstaclesY[3],obstaclesY[3]',targetAY,targetAY',obstaclesX[0],obstaclesX[0]',obstaclesX[1],obstaclesX[1]',obstaclesY[0],obstaclesY[0]',targetCX,targetCX',Bgreen,Bgreen',obstaclesX[4],obstaclesX[4]',MY,MY',targetCY,targetCY',obstaclesX[2],obstaclesX[2]',obstaclesY[4],obstaclesY[4]',obstaclesY[1],obstaclesY[1]',Agreen,Agreen',targetAX,targetAX',obstaclesY[2],obstaclesY[2]',obstaclesX[3],obstaclesX[3]',MX,MX',targetBY,targetBY'",0,,,,,,6,5,0,0,932393779200000000000,84219892202665562732313147024835870720,267717152175048336129809972396943640363008,609786001522321726526367296517728634929152,661524208493125084399219507200,1890010291815242948216469510546813616128,CUDD,"Using BDD Package: CUDDFactory, Version: CUDD 3.0","import ""DwyerPatternsNew.spectra""",,0,3,false,false,[],[],,null
