Spec,RunConfig,UniqueIdentifier,TIMEOUT,ActionType,Result,CONFIG_TXT,INITIAL_BDD_TIME,HEURISTICS_TIME,SECOND_STEP_TIME,PARALLEL_OVERHEAD_TIME,WORK_TIME,TOTAL_TIME,PRE_ROYBDD_ORDER,POST_HEURISTICS_ORDER,POST_SECOND_STEP_ORDER,POST_WORK_ORDER,PRE_ROYBDD_NODE_SIZE,POST_HEURISTICS_NODE_SIZE,POST_SECOND_STEP_NODE_SIZE,POST_WORK_NODE_SIZE,AVERAGE_AUX_SIZE,AVERAGE_SYS_DOM_IN_CONSTRAINT,AVERAGE_ENV_DOM_IN_CONSTRAINT,AVERAGE_SYS_DOM_SIZE,AVERAGE_ENV_DOM_SIZE,AVERAGE_CONSTRAINT_COMPLEXITY,INTERCONNECTNESS_INDEX,TOTAL_REORDER_TIME,REORDER_CALL_AMOUNT,AVERAGE_REORDER_TIME,AVERAGE_REORDER_GAIN,Z_FIXPOINTS,Y_FIXPOINTS,X_FIXPOINTS,W_FIXPOINTS,REAL_CASES,UNREAL_CASES,REAL_TIME,UNREAL_TIME,GRAPH_DATA,CLUSTER_INC_DATA,CLUSTER_VAR_DATA,DOMAIN_GRAPH_DATA,CONSTRAINT_GRAPH_DATA,JUST_STRING_COUNT,JUST_STRING_ENV_COUNT,TRANS_STRING_SYS_COUNT,TRANS_STRING_ENV_COUNT,INI_STRING_ENV_COUNT,INI_STRING_SYS_COUNT,TOTAL_VARS,SYS_VARS,ENV_VARS,AUX_VARS,UNUSED_CONS_VARS,ARRAYS_INSTANCES,TOTAL_DOMS,SYS_DOMS,ENV_DOMS,AUX_DOMS,DOMS_NOT_QUANTIFIED,INI_SYS_CONSTRAINTS,INI_ENV_CONSTRAINTS,TRANS_ENV_CONSTRAINTS,TRANS_SYS_CONSTRAINTS,JUSTICE_SYS_AMOUNT,JUSTICE_ENV_AMOUNT,Z_SAT_COUNT,Z_SAT_COUNT_START_S0,TRANS_ENV_SAT,TRANS_SYS_SAT,JUSTS_SYS_SAT,JUSTS_ENV_SAT,INI_ENV_SAT,INI_SYS_SAT,FACTORY_TYPE,BDDPACKAGE,IMPORT,UNIQUE_PATTERNS,PATTERN_INSTANCES,TRIGGER_INSTANCES,MONITORS_INSTANCES,COUNTERS_INSTANCES,REDUCED_PATTERN,REDUCED_TRIGGER,SWAPPED_TO_ORIGINAL,ADDITIONAL
1669902814,NOTHING,1669902814.spectra,0,KIND_REALIZABILITY,SYS_UNREAL_KIND,"TEMP: false, SORT_AFTERWARDS: false, GROUP_OPTION: NO_GROUPING, INCREMENTAL_ADDITION: NO_INCREMENTAL, USE_RABIN: false, GROUP_AUX: NO_GROUPING, STATIC_ORDER: NO_STATIC_ORDERING, ROY_SIFT_MARKER: false, MAKE_LAST: false, MEMORYLESS: false, REORDER_METHOD: SIFT, NEW_PATTERN: false, INCREMENTAL_JUSTICES: NO_INCREMENTAL, REDUCED_ALGORITHM: FALSE, PARALLEL: false, ORIGINAL: false, BUCHI_INTERSECTION: false, NEW_TRIGGER: false, PARTITIONED: SINGLE_FUNC, VERIFICATION: true, CREATE_GRAPH: false",2608,16,397,-1,199020,202041,"[0, 1, 2, 3, 4, 5, 6, 7, 8, 9, 10, 11, 12, 13, 14, 15, 16, 17, 18, 19, 20, 21, 22, 23, 24, 25, 26, 27, 28, 29, 30, 31, 32, 33, 34, 35, 36, 37, 38, 39, 40, 41, 42, 43, 44, 45, 46, 47, 48, 49, 50, 51, 52, 53, 54, 55, 56, 57, 58, 59, 60, 61, 62, 63, 64, 65, 66, 67, 68, 69]","[0, 1, 2, 3, 4, 5, 6, 7, 8, 9, 10, 11, 12, 13, 14, 15, 16, 17, 18, 19, 20, 21, 22, 23, 24, 25, 26, 27, 28, 29, 30, 31, 32, 33, 34, 35, 36, 37, 38, 39, 40, 41, 42, 43, 44, 45, 46, 47, 48, 49, 50, 51, 52, 53, 54, 55, 56, 57, 58, 59, 60, 61, 62, 63, 64, 65, 66, 67, 68, 69]","[5, 2, 0, 3, 1, 4, 8, 11, 6, 9, 62, 61, 12, 15, 14, 17, 13, 16, 29, 26, 24, 27, 63, 60, 58, 59, 25, 28, 7, 10, 20, 23, 21, 18, 22, 19, 37, 69, 67, 68, 39, 30, 64, 31, 65, 41, 34, 32, 33, 35, 66, 57, 44, 56, 55, 54, 42, 45, 46, 43, 47, 36, 40, 38, 48, 49, 50, 53, 51, 52]","[40, 38, 36, 1, 2, 5, 4, 0, 3, 8, 11, 7, 10, 6, 9, 14, 17, 16, 13, 26, 29, 63, 62, 60, 59, 58, 28, 25, 12, 15, 24, 27, 61, 22, 19, 18, 21, 69, 68, 37, 30, 67, 31, 41, 39, 34, 33, 35, 32, 20, 46, 66, 65, 64, 45, 23, 57, 56, 55, 54, 42, 43, 47, 44, 50, 49, 48, 53, 52, 51]",314,314,12474,648550,NOT_IMPLEMENTED,NOT_IMPLEMENTED,NOT_IMPLEMENTED,NOT_IMPLEMENTED,NOT_IMPLEMENTED,NOT_IMPLEMENTED,NOT_IMPLEMENTED,72255.0,15,4817.0,-8030.866666666665,,,,,0,0,0,0,,,,,,,,,,,,70,,,NOT_IMPLEMENTED,,false,30,"robotX,robotX',robotY,robotY'","isBBlocked,isBBlocked',targetBY,targetBY',MObstacleX,MObstacleX',isABlocked,isABlocked',targetAX,targetAX',MObstacleY,MObstacleY',targetCX,targetCX',$PATTERN:0.ENV_CONSTRAINT.0.S_responds_to_P_globally.state,$PATTERN:0.ENV_CONSTRAINT.0.S_responds_to_P_globally.state',targetAY,targetAY',targetBX,targetBX',targetCY,targetCY',$PATTERN:1.ENV_CONSTRAINT.1.S_responds_to_P_globally.state,$PATTERN:1.ENV_CONSTRAINT.1.S_responds_to_P_globally.state',isCBlocked,isCBlocked'",0,,,,,,4,5,0,0,420753899520,36026737088224296960,40064022285087932416,2951479051793528258560,15041319067975680,17736239797279653888,CUDD,"Using BDD Package: CUDDFactory, Version: CUDD 3.0","import ""DwyerPatternsNew.spectra""",S_responds_to_P_globally,2,0,false,false,[],[],,null
1669902814,FINAL,1669902814.spectra,0,KIND_REALIZABILITY,SYS_UNREAL_KIND,"TEMP: false, SORT_AFTERWARDS: false, GROUP_OPTION: NO_GROUPING, INCREMENTAL_ADDITION: NO_INCREMENTAL, USE_RABIN: false, GROUP_AUX: GROUP_PAIR, STATIC_ORDER: REVERSE_CUTHILL, ROY_SIFT_MARKER: false, MAKE_LAST: false, MEMORYLESS: true, REORDER_METHOD: SIFT, NEW_PATTERN: true, INCREMENTAL_JUSTICES: INCREMENTAL_GRAPH, REDUCED_ALGORITHM: FALSE, PARALLEL: false, ORIGINAL: false, BUCHI_INTERSECTION: false, NEW_TRIGGER: true, PARTITIONED: SINGLE_FUNC, VERIFICATION: true, CREATE_GRAPH: false",2923,112,348,-1,118994,122377,"[0, 1, 2, 3, 4, 5, 6, 7, 8, 9, 10, 11, 12, 13, 14, 15, 16, 17, 18, 19, 20, 21, 22, 23, 24, 25, 26, 27, 28, 29, 30, 31, 32, 33, 34, 35, 36, 37, 38, 39, 40, 41, 42, 43, 44, 45, 46, 47, 48, 49, 50, 51, 52, 53, 54, 55, 56, 57, 58, 59, 60, 61, 62, 63, 64, 65, 66, 67, 68, 69]","[56, 57, 54, 55, 42, 43, 44, 48, 49, 50, 40, 38, 45, 46, 47, 51, 52, 53, 36, 64, 65, 66, 58, 59, 60, 41, 32, 30, 31, 24, 25, 26, 39, 18, 19, 20, 12, 13, 14, 67, 68, 69, 61, 62, 63, 37, 6, 7, 8, 0, 1, 2, 33, 34, 35, 27, 28, 29, 21, 22, 23, 16, 17, 15, 9, 10, 11, 3, 4, 5]","[57, 56, 55, 54, 44, 43, 46, 42, 45, 47, 67, 51, 53, 52, 49, 65, 50, 48, 40, 36, 66, 64, 68, 69, 32, 35, 33, 30, 34, 31, 23, 38, 20, 19, 22, 9, 6, 21, 18, 11, 8, 10, 63, 7, 14, 17, 62, 61, 12, 15, 13, 1, 0, 28, 41, 58, 59, 39, 37, 60, 16, 27, 2, 4, 3, 5, 29, 24, 26, 25]","[40, 38, 36, 53, 52, 51, 44, 56, 57, 55, 54, 43, 47, 42, 46, 45, 66, 64, 50, 48, 49, 65, 69, 68, 67, 23, 8, 11, 7, 10, 63, 62, 61, 6, 9, 60, 22, 19, 21, 37, 59, 58, 33, 14, 16, 39, 27, 3, 34, 41, 4, 18, 15, 1, 5, 28, 0, 29, 17, 35, 13, 31, 12, 2, 30, 20, 32, 25, 24, 26]",314,317,11579,224701,NOT_IMPLEMENTED,NOT_IMPLEMENTED,NOT_IMPLEMENTED,NOT_IMPLEMENTED,NOT_IMPLEMENTED,NOT_IMPLEMENTED,NOT_IMPLEMENTED,37410.0,18,2078.333333333334,-17884.0,,,,,0,0,0,0,,,,,,,,,,,,70,,,NOT_IMPLEMENTED,,false,30,"robotX,robotX',robotY,robotY'","targetAY,targetAY',targetCY,targetCY',$PATTERN:0.ENV_CONSTRAINT.0.S_responds_to_P_globally.state,$PATTERN:0.ENV_CONSTRAINT.0.S_responds_to_P_globally.state',targetCX,targetCX',MObstacleY,MObstacleY',isCBlocked,isCBlocked',targetBY,targetBY',targetAX,targetAX',MObstacleX,MObstacleX',targetBX,targetBX',$PATTERN:1.ENV_CONSTRAINT.1.S_responds_to_P_globally.state,$PATTERN:1.ENV_CONSTRAINT.1.S_responds_to_P_globally.state',isBBlocked,isBBlocked',isABlocked,isABlocked'",0,,,,,,4,5,0,0,420753899520,36026737088224296960,40064022285087932416,2951479051793528258560,15041319067975680,17736239797279653888,CUDD,"Using BDD Package: CUDDFactory, Version: CUDD 3.0","import ""DwyerPatternsNewReduced.spectra""",S_responds_to_P_globally,2,0,false,false,[],[],,null
1669645171,NOTHING,1669645171.spectra,0,KIND_REALIZABILITY,SYS_UNREAL_KIND,"TEMP: false, SORT_AFTERWARDS: false, GROUP_OPTION: NO_GROUPING, INCREMENTAL_ADDITION: NO_INCREMENTAL, USE_RABIN: false, GROUP_AUX: NO_GROUPING, STATIC_ORDER: NO_STATIC_ORDERING, ROY_SIFT_MARKER: false, MAKE_LAST: false, MEMORYLESS: false, REORDER_METHOD: SIFT, NEW_PATTERN: false, INCREMENTAL_JUSTICES: NO_INCREMENTAL, REDUCED_ALGORITHM: FALSE, PARALLEL: false, ORIGINAL: false, BUCHI_INTERSECTION: false, NEW_TRIGGER: false, PARTITIONED: SINGLE_FUNC, VERIFICATION: true, CREATE_GRAPH: false",3211,16,615,-1,458360,462202,"[0, 1, 2, 3, 4, 5, 6, 7, 8, 9, 10, 11, 12, 13, 14, 15, 16, 17, 18, 19, 20, 21, 22, 23, 24, 25, 26, 27, 28, 29, 30, 31, 32, 33, 34, 35, 36, 37, 38, 39, 40, 41, 42, 43, 44, 45, 46, 47, 48, 49, 50, 51, 52, 53, 54, 55, 56, 57, 58, 59, 60, 61, 62, 63, 64, 65, 66, 67, 68, 69, 70, 71, 72, 73, 74, 75]","[0, 1, 2, 3, 4, 5, 6, 7, 8, 9, 10, 11, 12, 13, 14, 15, 16, 17, 18, 19, 20, 21, 22, 23, 24, 25, 26, 27, 28, 29, 30, 31, 32, 33, 34, 35, 36, 37, 38, 39, 40, 41, 42, 43, 44, 45, 46, 47, 48, 49, 50, 51, 52, 53, 54, 55, 56, 57, 58, 59, 60, 61, 62, 63, 64, 65, 66, 67, 68, 69, 70, 71, 72, 73, 74, 75]","[63, 5, 62, 36, 2, 4, 61, 1, 38, 0, 3, 11, 40, 8, 9, 6, 10, 7, 15, 12, 17, 14, 16, 13, 24, 27, 26, 60, 58, 59, 28, 25, 29, 68, 22, 70, 71, 72, 73, 74, 75, 19, 69, 23, 20, 67, 65, 31, 66, 21, 18, 37, 39, 41, 64, 32, 30, 33, 34, 35, 57, 55, 56, 54, 44, 43, 42, 46, 45, 47, 50, 49, 48, 53, 52, 51]","[70, 71, 72, 73, 74, 75, 4, 1, 2, 5, 0, 3, 8, 11, 7, 10, 6, 9, 36, 60, 59, 63, 62, 61, 14, 17, 16, 26, 13, 29, 25, 28, 58, 24, 27, 12, 15, 66, 68, 65, 37, 64, 67, 39, 30, 41, 18, 31, 40, 32, 38, 19, 69, 34, 22, 21, 20, 23, 33, 35, 46, 45, 47, 57, 55, 54, 56, 42, 43, 44, 50, 49, 48, 53, 52, 51]",608,608,12576,1291527,NOT_IMPLEMENTED,NOT_IMPLEMENTED,NOT_IMPLEMENTED,NOT_IMPLEMENTED,NOT_IMPLEMENTED,NOT_IMPLEMENTED,NOT_IMPLEMENTED,183143.0,17,10773.117647058823,-16943.41176470589,,,,,0,0,0,0,,,,,,,,,,,,76,,,NOT_IMPLEMENTED,,false,32,"robotY,robotY',$TRIGGER:0.VAR,robotX,robotX',$TRIGGER:0.VAR'","$PATTERN:0.ENV_CONSTRAINT.0.S_responds_to_P_globally.state,$PATTERN:0.ENV_CONSTRAINT.0.S_responds_to_P_globally.state',targetCX,targetCX',targetAY,targetAY',MObstacleY,MObstacleY',targetCY,targetCY',targetBX,targetBX',isABlocked,isABlocked',MObstacleX,MObstacleX',$PATTERN:1.ENV_CONSTRAINT.1.S_responds_to_P_globally.state,$PATTERN:1.ENV_CONSTRAINT.1.S_responds_to_P_globally.state',targetBY,targetBY',targetAX,targetAX',isCBlocked,isCBlocked',isBBlocked,isBBlocked'",0,,,,,,6,10,0,0,24766709760000,180133685441121484800,13189422012702329405440,312266483679755289755648,818247757297876992,141889918378237231104,CUDD,"Using BDD Package: CUDDFactory, Version: CUDD 3.0","import ""DwyerPatternsNew.spectra""",S_responds_to_P_globally,2,1,false,false,[],[],,null
1669645171,FINAL,1669645171.spectra,0,KIND_REALIZABILITY,SYS_UNREAL_KIND,"TEMP: false, SORT_AFTERWARDS: false, GROUP_OPTION: NO_GROUPING, INCREMENTAL_ADDITION: NO_INCREMENTAL, USE_RABIN: false, GROUP_AUX: GROUP_PAIR, STATIC_ORDER: REVERSE_CUTHILL, ROY_SIFT_MARKER: false, MAKE_LAST: false, MEMORYLESS: true, REORDER_METHOD: SIFT, NEW_PATTERN: true, INCREMENTAL_JUSTICES: INCREMENTAL_GRAPH, REDUCED_ALGORITHM: FALSE, PARALLEL: false, ORIGINAL: false, BUCHI_INTERSECTION: false, NEW_TRIGGER: true, PARTITIONED: SINGLE_FUNC, VERIFICATION: true, CREATE_GRAPH: false",3407,171,266,-1,108627,112471,"[0, 1, 2, 3, 4, 5, 6, 7, 8, 9, 10, 11, 12, 13, 14, 15, 16, 17, 18, 19, 20, 21, 22, 23, 24, 25, 26, 27, 28, 29, 30, 31, 32, 33, 34, 35, 36, 37, 38, 39, 40, 41, 42, 43, 44, 45, 46, 47, 48, 49, 50, 51, 52, 53, 54, 55, 56, 57, 58, 59, 60, 61, 62, 63, 64, 65, 66, 67, 68, 69, 70, 71, 72, 73]","[54, 55, 56, 57, 42, 43, 44, 70, 71, 72, 73, 40, 36, 51, 52, 53, 45, 46, 47, 48, 49, 50, 38, 64, 65, 66, 58, 59, 60, 41, 32, 30, 31, 24, 25, 26, 37, 6, 7, 8, 0, 1, 2, 67, 68, 69, 61, 62, 63, 39, 18, 19, 20, 12, 13, 14, 33, 34, 35, 27, 28, 29, 9, 10, 11, 3, 4, 5, 21, 22, 23, 16, 17, 15]","[72, 73, 71, 70, 57, 56, 55, 54, 44, 43, 42, 51, 52, 53, 46, 45, 68, 67, 69, 62, 61, 47, 40, 38, 36, 50, 48, 49, 11, 8, 6, 9, 7, 10, 33, 30, 32, 35, 31, 34, 18, 21, 23, 20, 63, 66, 64, 65, 22, 19, 5, 2, 0, 3, 4, 1, 41, 39, 58, 60, 59, 37, 24, 12, 13, 25, 26, 27, 28, 29, 14, 15, 16, 17]","[40, 38, 36, 44, 43, 47, 46, 45, 42, 72, 73, 71, 70, 50, 48, 49, 56, 57, 55, 54, 63, 62, 61, 69, 68, 53, 52, 51, 67, 8, 11, 7, 10, 6, 9, 20, 23, 22, 19, 35, 32, 33, 30, 34, 31, 21, 18, 66, 65, 64, 41, 60, 58, 59, 25, 24, 0, 37, 12, 39, 1, 13, 2, 16, 14, 26, 17, 15, 28, 4, 5, 3, 29, 27]",521,593,9615,216774,NOT_IMPLEMENTED,NOT_IMPLEMENTED,NOT_IMPLEMENTED,NOT_IMPLEMENTED,NOT_IMPLEMENTED,NOT_IMPLEMENTED,NOT_IMPLEMENTED,17175.0,14,1226.7857142857147,-4613.642857142859,,,,,0,0,0,0,,,,,,,,,,,,74,,,NOT_IMPLEMENTED,,false,32,"robotX,robotX',robotY,robotY',$TRIGGER:0.VAR',$TRIGGER:0.VAR","MObstacleX,MObstacleX',$PATTERN:1.ENV_CONSTRAINT.1.S_responds_to_P_globally.state,$PATTERN:1.ENV_CONSTRAINT.1.S_responds_to_P_globally.state',targetAY,targetAY',targetBY,targetBY',targetAX,targetAX',isCBlocked,isCBlocked',$PATTERN:0.ENV_CONSTRAINT.0.S_responds_to_P_globally.state,$PATTERN:0.ENV_CONSTRAINT.0.S_responds_to_P_globally.state',isBBlocked,isBBlocked',isABlocked,isABlocked',targetCX,targetCX',MObstacleY,MObstacleY',targetCY,targetCY',targetBX,targetBX'",0,,,,,,6,10,0,0,6191677440000,39352282050214232064,5658538744610404958208,78066620919938822438912,204561939324469248,70944959189118615552,CUDD,"Using BDD Package: CUDDFactory, Version: CUDD 3.0","import ""DwyerPatternsNewReduced.spectra""",S_responds_to_P_globally,2,1,false,false,[],[REMOVED_HOLE],,null
1669813890,NOTHING,1669813890.spectra,0,KIND_REALIZABILITY,SYS_REAL_KIND,"TEMP: false, SORT_AFTERWARDS: false, GROUP_OPTION: NO_GROUPING, INCREMENTAL_ADDITION: NO_INCREMENTAL, USE_RABIN: false, GROUP_AUX: NO_GROUPING, STATIC_ORDER: NO_STATIC_ORDERING, ROY_SIFT_MARKER: false, MAKE_LAST: false, MEMORYLESS: false, REORDER_METHOD: SIFT, NEW_PATTERN: false, INCREMENTAL_JUSTICES: NO_INCREMENTAL, REDUCED_ALGORITHM: FALSE, PARALLEL: false, ORIGINAL: false, BUCHI_INTERSECTION: false, NEW_TRIGGER: false, PARTITIONED: SINGLE_FUNC, VERIFICATION: true, CREATE_GRAPH: false",3636,24,139,-1,52080,55879,"[0, 1, 2, 3, 4, 5, 6, 7, 8, 9, 10, 11, 12, 13, 14, 15, 16, 17, 18, 19, 20, 21, 22, 23, 24, 25, 26, 27, 28, 29, 30, 31, 32, 33, 34, 35, 36, 37, 38, 39, 40, 41, 42, 43, 44, 45, 46, 47, 48, 49, 50, 51, 52, 53, 54, 55, 56, 57, 58, 59, 60, 61, 62, 63, 64, 65, 66, 67, 68, 69, 70, 71, 72, 73, 74, 75, 76, 77, 78, 79, 80, 81, 82, 83, 84, 85, 86, 87, 88, 89, 90, 91, 92, 93, 94, 95, 96, 97, 98, 99, 100, 101, 102, 103, 104, 105, 106, 107, 108, 109, 110, 111, 112, 113, 114, 115, 116, 117, 118, 119, 120, 121, 122, 123, 124, 125]","[0, 1, 2, 3, 4, 5, 6, 7, 8, 9, 10, 11, 12, 13, 14, 15, 16, 17, 18, 19, 20, 21, 22, 23, 24, 25, 26, 27, 28, 29, 30, 31, 32, 33, 34, 35, 36, 37, 38, 39, 40, 41, 42, 43, 44, 45, 46, 47, 48, 49, 50, 51, 52, 53, 54, 55, 56, 57, 58, 59, 60, 61, 62, 63, 64, 65, 66, 67, 68, 69, 70, 71, 72, 73, 74, 75, 76, 77, 78, 79, 80, 81, 82, 83, 84, 85, 86, 87, 88, 89, 90, 91, 92, 93, 94, 95, 96, 97, 98, 99, 100, 101, 102, 103, 104, 105, 106, 107, 108, 109, 110, 111, 112, 113, 114, 115, 116, 117, 118, 119, 120, 121, 122, 123, 124, 125]","[109, 1, 2, 0, 110, 41, 113, 40, 112, 111, 3, 4, 5, 8, 7, 6, 13, 12, 14, 15, 16, 17, 20, 18, 19, 9, 117, 21, 11, 119, 10, 23, 22, 25, 24, 118, 26, 27, 28, 29, 32, 30, 31, 33, 35, 34, 37, 36, 38, 39, 44, 43, 42, 45, 46, 47, 108, 48, 49, 50, 51, 52, 53, 56, 55, 54, 59, 58, 57, 62, 61, 60, 63, 64, 65, 71, 70, 69, 68, 67, 66, 77, 75, 72, 76, 73, 74, 80, 79, 78, 82, 81, 83, 89, 87, 84, 88, 85, 86, 92, 91, 90, 94, 93, 95, 101, 99, 96, 100, 97, 98, 107, 104, 102, 103, 106, 105, 115, 114, 116, 122, 121, 120, 125, 124, 123]","[2, 1, 0, 113, 5, 3, 4, 8, 6, 7, 14, 13, 12, 112, 111, 17, 15, 16, 20, 18, 19, 23, 21, 117, 22, 9, 10, 11, 26, 25, 24, 32, 30, 31, 118, 110, 109, 29, 27, 28, 35, 33, 34, 37, 36, 38, 44, 43, 42, 116, 115, 41, 40, 39, 47, 46, 45, 49, 48, 50, 56, 55, 54, 62, 108, 114, 65, 101, 53, 52, 51, 58, 57, 59, 61, 60, 100, 64, 63, 99, 119, 70, 69, 71, 66, 67, 68, 73, 72, 107, 106, 105, 125, 123, 124, 75, 76, 74, 77, 80, 83, 79, 82, 78, 81, 88, 87, 95, 122, 120, 121, 103, 102, 104, 85, 84, 89, 86, 92, 94, 91, 93, 90, 98, 97, 96]",645,645,4557,33065,NOT_IMPLEMENTED,NOT_IMPLEMENTED,NOT_IMPLEMENTED,NOT_IMPLEMENTED,NOT_IMPLEMENTED,NOT_IMPLEMENTED,NOT_IMPLEMENTED,33818.0,20,1690.9000000000003,-48308.05000000001,,,,,1,0,52048,0,,,,,,,,,,,,126,,,NOT_IMPLEMENTED,,true,42,"$COUNTER:0.staysAtCharger,$COUNTER:0.staysAtCharger',robotX,robotX',robotY,robotY'","target3[1],target3[1]',target1[1],target1[1]',fixedObstacle2[0],fixedObstacle2[0]',fixedObstacle3[1],fixedObstacle3[1]',fixedObstacle5[0],fixedObstacle5[0]',movingObstacle[0],movingObstacle[0]',fixedObstacle1[0],fixedObstacle1[0]',target2[0],target2[0]',fixedObstacle4[0],fixedObstacle4[0]',target3[0],target3[0]',target1[0],target1[0]',fixedObstacle2[1],fixedObstacle2[1]',target2[1],target2[1]',fixedObstacle5[1],fixedObstacle5[1]',fixedObstacle3[0],fixedObstacle3[0]',fixedObstacle4[1],fixedObstacle4[1]',movingObstacle[1],movingObstacle[1]',fixedObstacle1[1],fixedObstacle1[1]'",2,,,,,,5,2,85054823366931290782946478629591187456,85054823366931290782946478629591187456,2600000000000000000,244519470930251920452900764856090624,4216145049130280034366763019326717952,21267647932558653966460912964485513216,188894659314785808547840000,151172552306384805466914884123885568,CUDD,"Using BDD Package: CUDDFactory, Version: CUDD 3.0","import ""DwyerPatternsNew.spectra""",,0,0,false,true,[],[],,null
1669813890,FINAL,1669813890.spectra,0,KIND_REALIZABILITY,SYS_REAL_KIND,"TEMP: false, SORT_AFTERWARDS: false, GROUP_OPTION: NO_GROUPING, INCREMENTAL_ADDITION: NO_INCREMENTAL, USE_RABIN: false, GROUP_AUX: GROUP_PAIR, STATIC_ORDER: REVERSE_CUTHILL, ROY_SIFT_MARKER: false, MAKE_LAST: false, MEMORYLESS: true, REORDER_METHOD: SIFT, NEW_PATTERN: true, INCREMENTAL_JUSTICES: INCREMENTAL_GRAPH, REDUCED_ALGORITHM: FALSE, PARALLEL: false, ORIGINAL: false, BUCHI_INTERSECTION: false, NEW_TRIGGER: true, PARTITIONED: SINGLE_FUNC, VERIFICATION: true, CREATE_GRAPH: false",2688,125,312,-1,51017,54142,"[0, 1, 2, 3, 4, 5, 6, 7, 8, 9, 10, 11, 12, 13, 14, 15, 16, 17, 18, 19, 20, 21, 22, 23, 24, 25, 26, 27, 28, 29, 30, 31, 32, 33, 34, 35, 36, 37, 38, 39, 40, 41, 42, 43, 44, 45, 46, 47, 48, 49, 50, 51, 52, 53, 54, 55, 56, 57, 58, 59, 60, 61, 62, 63, 64, 65, 66, 67, 68, 69, 70, 71, 72, 73, 74, 75, 76, 77, 78, 79, 80, 81, 82, 83, 84, 85, 86, 87, 88, 89, 90, 91, 92, 93, 94, 95, 96, 97, 98, 99, 100, 101, 102, 103, 104, 105, 106, 107, 108, 109, 110, 111, 112, 113, 114, 115, 116, 117, 118, 119, 120, 121, 122, 123, 124, 125]","[93, 94, 95, 87, 88, 89, 45, 46, 47, 39, 40, 41, 57, 58, 59, 51, 52, 53, 9, 10, 11, 3, 4, 5, 33, 34, 35, 27, 28, 29, 21, 22, 23, 16, 17, 15, 81, 82, 83, 75, 76, 77, 69, 70, 71, 64, 65, 63, 117, 118, 119, 112, 113, 111, 90, 91, 92, 84, 85, 86, 42, 43, 44, 36, 37, 38, 54, 55, 56, 48, 49, 50, 6, 7, 8, 0, 1, 2, 32, 30, 31, 24, 25, 26, 18, 19, 20, 12, 13, 14, 80, 78, 79, 72, 73, 74, 60, 61, 62, 66, 67, 68, 120, 121, 122, 123, 124, 125, 114, 115, 116, 108, 109, 110, 102, 103, 104, 96, 97, 98, 105, 106, 107, 99, 100, 101]","[116, 92, 115, 95, 90, 93, 91, 94, 89, 119, 118, 114, 117, 87, 88, 84, 85, 86, 46, 45, 47, 57, 58, 59, 111, 51, 39, 112, 40, 41, 52, 53, 113, 9, 10, 11, 4, 3, 5, 33, 34, 35, 28, 27, 29, 21, 22, 23, 16, 15, 17, 83, 81, 78, 80, 79, 82, 69, 70, 71, 42, 43, 44, 38, 37, 36, 55, 54, 56, 50, 48, 49, 6, 7, 8, 2, 0, 1, 31, 30, 32, 26, 24, 25, 18, 19, 20, 14, 12, 13, 77, 76, 75, 72, 74, 73, 67, 66, 68, 107, 104, 105, 102, 106, 103, 62, 61, 60, 63, 108, 109, 64, 65, 101, 110, 120, 121, 122, 125, 123, 124, 98, 96, 97, 99, 100]","[62, 92, 95, 90, 93, 91, 94, 61, 88, 116, 115, 114, 85, 84, 86, 47, 46, 45, 119, 59, 58, 57, 89, 87, 117, 118, 65, 110, 113, 64, 109, 112, 41, 40, 39, 53, 52, 51, 111, 108, 63, 11, 10, 9, 4, 3, 5, 35, 34, 33, 28, 27, 29, 16, 15, 17, 22, 21, 23, 69, 70, 71, 125, 122, 121, 120, 123, 124, 74, 80, 83, 81, 78, 82, 79, 73, 76, 72, 75, 77, 60, 43, 42, 44, 38, 36, 37, 54, 55, 56, 50, 49, 48, 7, 6, 8, 2, 1, 0, 30, 31, 32, 26, 25, 24, 19, 18, 20, 14, 13, 12, 66, 67, 68, 102, 104, 105, 103, 106, 107, 98, 97, 96, 100, 99, 101]",645,647,3986,32338,NOT_IMPLEMENTED,NOT_IMPLEMENTED,NOT_IMPLEMENTED,NOT_IMPLEMENTED,NOT_IMPLEMENTED,NOT_IMPLEMENTED,NOT_IMPLEMENTED,18522.0,15,1234.8000000000002,-10045.333333333334,,,,,1,0,51001,0,,,,,,,,,,,,126,,,NOT_IMPLEMENTED,,true,42,"$COUNTER:0.staysAtCharger,$COUNTER:0.staysAtCharger',robotY,robotY',robotX,robotX'","fixedObstacle2[1],fixedObstacle2[1]',fixedObstacle4[0],fixedObstacle4[0]',target1[0],target1[0]',movingObstacle[0],movingObstacle[0]',target3[1],target3[1]',fixedObstacle5[1],fixedObstacle5[1]',fixedObstacle3[0],fixedObstacle3[0]',movingObstacle[1],movingObstacle[1]',fixedObstacle1[0],fixedObstacle1[0]',target2[0],target2[0]',fixedObstacle4[1],fixedObstacle4[1]',fixedObstacle2[0],fixedObstacle2[0]',fixedObstacle1[1],fixedObstacle1[1]',target1[1],target1[1]',fixedObstacle3[1],fixedObstacle3[1]',target3[0],target3[0]',target2[1],target2[1]',fixedObstacle5[0],fixedObstacle5[0]'",2,,,,,,5,2,85054823366931290782946478629591187456,85054823366931290782946478629591187456,2600000000000000000,244519470930251920452900764856090624,4216145049130280034366763019326717952,21267647932558653966460912964485513216,188894659314785808547840000,151172552306384805466914884123885568,CUDD,"Using BDD Package: CUDDFactory, Version: CUDD 3.0","import ""DwyerPatternsNewReduced.spectra""",,0,0,false,true,[],[],,null
1669665995,NOTHING,1669665995.spectra,1
1669665995,FINAL,1669665995.spectra,0,KIND_REALIZABILITY,SYS_REAL_KIND,"TEMP: false, SORT_AFTERWARDS: false, GROUP_OPTION: NO_GROUPING, INCREMENTAL_ADDITION: NO_INCREMENTAL, USE_RABIN: false, GROUP_AUX: GROUP_PAIR, STATIC_ORDER: REVERSE_CUTHILL, ROY_SIFT_MARKER: false, MAKE_LAST: false, MEMORYLESS: true, REORDER_METHOD: SIFT, NEW_PATTERN: true, INCREMENTAL_JUSTICES: INCREMENTAL_GRAPH, REDUCED_ALGORITHM: FALSE, PARALLEL: false, ORIGINAL: false, BUCHI_INTERSECTION: false, NEW_TRIGGER: true, PARTITIONED: SINGLE_FUNC, VERIFICATION: true, CREATE_GRAPH: false",3041,125,120667,-1,183334,307167,"[0, 1, 2, 3, 4, 5, 6, 7, 8, 9, 10, 11, 12, 13, 14, 15, 16, 17, 18, 19, 20, 21, 22, 23, 24, 25, 26, 27, 28, 29, 30, 31, 32, 33, 34, 35, 36, 37, 38, 39, 40, 41, 42, 43, 44, 45, 46, 47, 48, 49, 50, 51, 52, 53, 54, 55, 56, 57, 58, 59, 60, 61, 62, 63, 64, 65, 66, 67, 68, 69, 70, 71, 72, 73, 74, 75, 76, 77, 78, 79, 80, 81, 82, 83, 84, 85, 86, 87, 88, 89, 90, 91, 92, 93, 94, 95, 96, 97, 98, 99, 100, 101, 102, 103, 104, 105, 106, 107, 108, 109, 110, 111, 112, 113, 114, 115, 116, 117, 118, 119, 120, 121, 122, 123, 124, 125, 126, 127, 128, 129, 130, 131]","[129, 130, 131, 123, 124, 125, 117, 118, 119, 112, 113, 111, 120, 121, 122, 114, 115, 116, 54, 55, 56, 48, 49, 50, 42, 43, 44, 36, 37, 38, 32, 30, 31, 24, 25, 26, 6, 7, 8, 0, 1, 2, 90, 91, 92, 84, 85, 86, 80, 78, 79, 72, 73, 74, 66, 67, 68, 60, 61, 62, 93, 94, 95, 87, 88, 89, 81, 82, 83, 75, 76, 77, 69, 70, 71, 64, 65, 63, 57, 58, 59, 51, 52, 53, 45, 46, 47, 39, 40, 41, 33, 34, 35, 27, 28, 29, 9, 10, 11, 3, 4, 5, 18, 19, 20, 12, 13, 14, 21, 22, 23, 16, 17, 15, 102, 103, 104, 105, 106, 107, 99, 100, 101, 96, 97, 98, 108, 109, 110, 128, 126, 127]","[129, 130, 131, 123, 124, 125, 120, 121, 122, 128, 127, 126, 117, 118, 119, 112, 111, 113, 114, 115, 116, 59, 56, 54, 57, 58, 55, 66, 68, 69, 67, 71, 70, 80, 83, 95, 81, 82, 90, 78, 79, 93, 92, 91, 94, 44, 47, 43, 46, 42, 45, 32, 35, 30, 33, 31, 34, 9, 6, 18, 21, 22, 19, 10, 7, 20, 11, 23, 8, 86, 89, 85, 88, 74, 77, 73, 76, 84, 72, 53, 50, 48, 51, 52, 49, 41, 38, 36, 40, 39, 75, 87, 37, 64, 63, 60, 62, 61, 65, 28, 25, 27, 24, 29, 26, 13, 0, 12, 3, 4, 1, 2, 5, 14, 16, 15, 17, 104, 107, 103, 106, 102, 105, 101, 98, 99, 100, 96, 97, 110, 108, 109]","[129, 130, 131, 123, 124, 125, 120, 121, 122, 127, 126, 128, 117, 118, 119, 112, 111, 113, 114, 115, 116, 56, 59, 57, 54, 55, 58, 69, 66, 71, 68, 70, 67, 83, 80, 92, 95, 78, 81, 79, 82, 93, 90, 94, 91, 47, 44, 46, 43, 45, 42, 35, 32, 33, 30, 34, 31, 6, 9, 21, 18, 10, 19, 22, 7, 23, 11, 20, 8, 86, 89, 88, 85, 74, 77, 73, 76, 84, 87, 75, 72, 53, 50, 48, 51, 52, 49, 62, 61, 60, 64, 63, 65, 41, 38, 36, 39, 37, 40, 28, 25, 27, 24, 29, 26, 12, 0, 1, 13, 2, 4, 3, 5, 14, 15, 16, 17, 104, 107, 106, 103, 105, 102, 101, 98, 100, 99, 97, 96, 109, 108, 110]",676,671,1332250,1197995,NOT_IMPLEMENTED,NOT_IMPLEMENTED,NOT_IMPLEMENTED,NOT_IMPLEMENTED,NOT_IMPLEMENTED,NOT_IMPLEMENTED,NOT_IMPLEMENTED,295985.0,21,14094.523809523804,-31333.142857142866,,,,,1,0,182748,0,,,,,,,,,,,,132,,,NOT_IMPLEMENTED,,false,44,"robotX,robotX',robotY,robotY'","obstacle4X,obstacle4X',obstacle2Y,obstacle2Y',obstacle2X,obstacle2X',targetBY,targetBY',obstacle3Y,obstacle3Y',chargeY,chargeY',targetAX,targetAX',obstacle5Y,obstacle5Y',obstacle5X,obstacle5X',obstacle1Y,obstacle1Y',targetCX,targetCX',targetAY,targetAY',mX,mX',targetCY,targetCY',obstacle1X,obstacle1X',targetBX,targetBX',obstacle3X,obstacle3X',chargeX,chargeX',mY,mY',obstacle4Y,obstacle4Y'",0,,,,,,1,1,5444368762032716021142087992816451977216,5444368762032716021142087992816451977216,5305894694400000000,830767497365572420564879412675215360000,5444517870735015415413993718908291383296,5444517870735015415413993718908291383296,944473296573929042739200000,85070591730234615865843651857942052864,CUDD,"Using BDD Package: CUDDFactory, Version: CUDD 3.0","import ""DwyerPatternsNewReduced.spectra""",,0,0,false,false,[],[],,null
1669667491,NOTHING,1669667491.spectra,1
1669667491,FINAL,1669667491.spectra,1
1669901854,NOTHING,1669901854.spectra,0,KIND_REALIZABILITY,SYS_UNREAL_KIND,"TEMP: false, SORT_AFTERWARDS: false, GROUP_OPTION: NO_GROUPING, INCREMENTAL_ADDITION: NO_INCREMENTAL, USE_RABIN: false, GROUP_AUX: NO_GROUPING, STATIC_ORDER: NO_STATIC_ORDERING, ROY_SIFT_MARKER: false, MAKE_LAST: false, MEMORYLESS: false, REORDER_METHOD: SIFT, NEW_PATTERN: false, INCREMENTAL_JUSTICES: NO_INCREMENTAL, REDUCED_ALGORITHM: FALSE, PARALLEL: false, ORIGINAL: false, BUCHI_INTERSECTION: false, NEW_TRIGGER: false, PARTITIONED: SINGLE_FUNC, VERIFICATION: true, CREATE_GRAPH: false",2955,0,1468,-1,433910,438343,"[0, 1, 2, 3, 4, 5, 6, 7, 8, 9, 10, 11, 12, 13, 14, 15, 16, 17, 18, 19, 20, 21, 22, 23, 24, 25, 26, 27, 28, 29, 30, 31, 32, 33, 34, 35, 36, 37, 38, 39, 40, 41, 42, 43, 44, 45, 46, 47, 48, 49, 50, 51, 52, 53, 54, 55, 56, 57, 58, 59, 60, 61, 62, 63]","[0, 1, 2, 3, 4, 5, 6, 7, 8, 9, 10, 11, 12, 13, 14, 15, 16, 17, 18, 19, 20, 21, 22, 23, 24, 25, 26, 27, 28, 29, 30, 31, 32, 33, 34, 35, 36, 37, 38, 39, 40, 41, 42, 43, 44, 45, 46, 47, 48, 49, 50, 51, 52, 53, 54, 55, 56, 57, 58, 59, 60, 61, 62, 63]","[49, 51, 50, 48, 44, 5, 2, 3, 0, 4, 1, 11, 8, 6, 9, 10, 7, 15, 12, 14, 17, 16, 13, 27, 56, 55, 57, 24, 29, 26, 62, 61, 63, 54, 52, 53, 25, 28, 23, 20, 21, 18, 22, 19, 37, 39, 31, 59, 41, 58, 60, 30, 33, 32, 34, 35, 36, 38, 40, 43, 42, 46, 45, 47]","[44, 40, 38, 36, 50, 51, 49, 48, 2, 5, 0, 3, 1, 4, 8, 11, 6, 9, 7, 10, 14, 17, 12, 15, 13, 16, 26, 29, 24, 27, 57, 56, 54, 55, 53, 52, 28, 25, 63, 18, 19, 62, 37, 30, 61, 39, 31, 41, 58, 59, 60, 22, 34, 46, 43, 42, 45, 47, 32, 20, 21, 23, 33, 35]",283,283,33943,518394,NOT_IMPLEMENTED,NOT_IMPLEMENTED,NOT_IMPLEMENTED,NOT_IMPLEMENTED,NOT_IMPLEMENTED,NOT_IMPLEMENTED,NOT_IMPLEMENTED,229213.0,15,15280.866666666667,-8674.133333333335,,,,,0,0,0,0,,,,,,,,,,,,64,,,NOT_IMPLEMENTED,,false,28,"robotX,robotX',robotY,robotY'","targetCY,targetCY',isBBlocked,isBBlocked',isABlocked,isABlocked',isCBlocked,isCBlocked',targetBX,targetBX',targetCX,targetCX',$PATTERN:0.ENV_CONSTRAINT.0.S_responds_to_P_globally.state,$PATTERN:0.ENV_CONSTRAINT.0.S_responds_to_P_globally.state',targetAY,targetAY',targetBY,targetBY',targetAX,targetAX',$PATTERN:1.ENV_CONSTRAINT.1.S_responds_to_P_globally.state,$PATTERN:1.ENV_CONSTRAINT.1.S_responds_to_P_globally.state',MObstacleX,MObstacleX'",0,,,,,,4,5,0,0,84218019840,550408483292315648,626000348204498944,46116860184273879040,1880164883496960,281527615829835776,CUDD,"Using BDD Package: CUDDFactory, Version: CUDD 3.0","import ""DwyerPatternsNew.spectra""",S_responds_to_P_globally,2,0,false,false,[],[],,null
1669901854,FINAL,1669901854.spectra,0,KIND_REALIZABILITY,SYS_UNREAL_KIND,"TEMP: false, SORT_AFTERWARDS: false, GROUP_OPTION: NO_GROUPING, INCREMENTAL_ADDITION: NO_INCREMENTAL, USE_RABIN: false, GROUP_AUX: GROUP_PAIR, STATIC_ORDER: REVERSE_CUTHILL, ROY_SIFT_MARKER: false, MAKE_LAST: false, MEMORYLESS: true, REORDER_METHOD: SIFT, NEW_PATTERN: true, INCREMENTAL_JUSTICES: INCREMENTAL_GRAPH, REDUCED_ALGORITHM: FALSE, PARALLEL: false, ORIGINAL: false, BUCHI_INTERSECTION: false, NEW_TRIGGER: true, PARTITIONED: SINGLE_FUNC, VERIFICATION: true, CREATE_GRAPH: false",2880,137,317,-1,63972,67306,"[0, 1, 2, 3, 4, 5, 6, 7, 8, 9, 10, 11, 12, 13, 14, 15, 16, 17, 18, 19, 20, 21, 22, 23, 24, 25, 26, 27, 28, 29, 30, 31, 32, 33, 34, 35, 36, 37, 38, 39, 40, 41, 42, 43, 44, 45, 46, 47, 48, 49, 50, 51, 52, 53, 54, 55, 56, 57, 58, 59, 60, 61, 62, 63]","[50, 51, 48, 49, 42, 43, 44, 40, 38, 45, 46, 47, 36, 58, 59, 60, 52, 53, 54, 41, 32, 30, 31, 24, 25, 26, 39, 18, 19, 20, 12, 13, 14, 61, 62, 63, 55, 56, 57, 37, 6, 7, 8, 0, 1, 2, 33, 34, 35, 27, 28, 29, 21, 22, 23, 16, 17, 15, 9, 10, 11, 3, 4, 5]","[49, 48, 51, 50, 44, 43, 46, 42, 45, 47, 35, 38, 40, 36, 32, 31, 34, 30, 33, 23, 20, 19, 22, 59, 60, 58, 62, 61, 11, 8, 6, 9, 18, 7, 10, 21, 14, 17, 15, 12, 16, 13, 41, 63, 57, 55, 56, 54, 53, 52, 37, 39, 0, 27, 1, 28, 29, 24, 25, 26, 2, 4, 3, 5]","[40, 38, 36, 44, 50, 51, 49, 48, 43, 42, 47, 46, 45, 60, 20, 23, 19, 22, 32, 35, 63, 62, 18, 21, 59, 58, 31, 34, 61, 57, 56, 55, 54, 53, 52, 30, 33, 9, 29, 28, 27, 41, 0, 15, 39, 10, 37, 16, 4, 13, 17, 12, 24, 25, 14, 26, 11, 7, 6, 8, 1, 2, 5, 3]",283,286,12109,150180,NOT_IMPLEMENTED,NOT_IMPLEMENTED,NOT_IMPLEMENTED,NOT_IMPLEMENTED,NOT_IMPLEMENTED,NOT_IMPLEMENTED,NOT_IMPLEMENTED,11183.0,16,698.9375,-9639.875,,,,,0,0,0,0,,,,,,,,,,,,64,,,NOT_IMPLEMENTED,,false,28,"robotY,robotY',robotX,robotX'","isBBlocked,isBBlocked',isABlocked,isABlocked',isCBlocked,isCBlocked',$PATTERN:0.ENV_CONSTRAINT.0.S_responds_to_P_globally.state,$PATTERN:0.ENV_CONSTRAINT.0.S_responds_to_P_globally.state',targetAY,targetAY',targetCX,targetCX',targetCY,targetCY',targetBX,targetBX',$PATTERN:1.ENV_CONSTRAINT.1.S_responds_to_P_globally.state,$PATTERN:1.ENV_CONSTRAINT.1.S_responds_to_P_globally.state',targetBY,targetBY',MObstacleX,MObstacleX',targetAX,targetAX'",0,,,,,,4,5,0,0,84218019840,550408483292315648,626000348204498944,46116860184273879040,1880164883496960,281527615829835776,CUDD,"Using BDD Package: CUDDFactory, Version: CUDD 3.0","import ""DwyerPatternsNewReduced.spectra""",S_responds_to_P_globally,2,0,false,false,[],[],,null
1669889911,NOTHING,1669889911.spectra,0,KIND_REALIZABILITY,SYS_REAL_KIND,"TEMP: false, SORT_AFTERWARDS: false, GROUP_OPTION: NO_GROUPING, INCREMENTAL_ADDITION: NO_INCREMENTAL, USE_RABIN: false, GROUP_AUX: NO_GROUPING, STATIC_ORDER: NO_STATIC_ORDERING, ROY_SIFT_MARKER: false, MAKE_LAST: false, MEMORYLESS: false, REORDER_METHOD: SIFT, NEW_PATTERN: false, INCREMENTAL_JUSTICES: NO_INCREMENTAL, REDUCED_ALGORITHM: FALSE, PARALLEL: false, ORIGINAL: false, BUCHI_INTERSECTION: false, NEW_TRIGGER: false, PARTITIONED: SINGLE_FUNC, VERIFICATION: true, CREATE_GRAPH: false",2703,23,711,-1,344457,347894,"[0, 1, 2, 3, 4, 5, 6, 7, 8, 9, 10, 11, 12, 13, 14, 15, 16, 17, 18, 19, 20, 21, 22, 23, 24, 25, 26, 27, 28, 29, 30, 31, 32, 33, 34, 35, 36, 37, 38, 39, 40, 41, 42, 43, 44, 45, 46, 47, 48, 49, 50, 51, 52, 53, 54, 55, 56, 57, 58, 59]","[0, 1, 2, 3, 4, 5, 6, 7, 8, 9, 10, 11, 12, 13, 14, 15, 16, 17, 18, 19, 20, 21, 22, 23, 24, 25, 26, 27, 28, 29, 30, 31, 32, 33, 34, 35, 36, 37, 38, 39, 40, 41, 42, 43, 44, 45, 46, 47, 48, 49, 50, 51, 52, 53, 54, 55, 56, 57, 58, 59]","[52, 51, 53, 58, 57, 5, 36, 38, 40, 2, 0, 3, 1, 4, 17, 14, 12, 15, 13, 16, 27, 24, 26, 29, 28, 25, 59, 50, 48, 49, 41, 11, 8, 9, 6, 10, 37, 33, 30, 34, 21, 54, 22, 39, 56, 55, 31, 7, 35, 18, 46, 23, 19, 20, 32, 47, 44, 45, 43, 42]","[40, 38, 36, 2, 5, 1, 4, 14, 17, 13, 16, 26, 29, 25, 28, 52, 53, 51, 50, 49, 48, 12, 15, 0, 3, 24, 27, 8, 11, 7, 10, 9, 6, 59, 58, 37, 22, 34, 57, 33, 41, 21, 39, 56, 55, 54, 46, 45, 35, 47, 23, 31, 19, 18, 20, 30, 32, 42, 44, 43]",279,279,26751,643903,NOT_IMPLEMENTED,NOT_IMPLEMENTED,NOT_IMPLEMENTED,NOT_IMPLEMENTED,NOT_IMPLEMENTED,NOT_IMPLEMENTED,NOT_IMPLEMENTED,191727.0,16,11982.9375,-6338.9375,,,,,1,0,344410,0,,,,,,,,,,,,60,,,NOT_IMPLEMENTED,,false,24,"robotY,robotY',robotX,robotX'","targetCX,targetCX',targetBX,targetBX',targetAY,targetAY',isBBlocked,isBBlocked',isCBlocked,isCBlocked',isABlocked,isABlocked',targetBY,targetBY',targetCY,targetCY',targetAX,targetAX',MObstacleX,MObstacleX'",0,,,,,,5,5,1141463992149999616,1141463992149999616,21042597888,34400530205769728,57139420272263168,2017612633061982208,399535037743104,17595475989364736,CUDD,"Using BDD Package: CUDDFactory, Version: CUDD 3.0","import ""DwyerPatternsNew.spectra""",,0,0,false,false,[],[],,null
1669889911,FINAL,1669889911.spectra,0,KIND_REALIZABILITY,SYS_REAL_KIND,"TEMP: false, SORT_AFTERWARDS: false, GROUP_OPTION: NO_GROUPING, INCREMENTAL_ADDITION: NO_INCREMENTAL, USE_RABIN: false, GROUP_AUX: GROUP_PAIR, STATIC_ORDER: REVERSE_CUTHILL, ROY_SIFT_MARKER: false, MAKE_LAST: false, MEMORYLESS: true, REORDER_METHOD: SIFT, NEW_PATTERN: true, INCREMENTAL_JUSTICES: INCREMENTAL_GRAPH, REDUCED_ALGORITHM: FALSE, PARALLEL: false, ORIGINAL: false, BUCHI_INTERSECTION: false, NEW_TRIGGER: true, PARTITIONED: SINGLE_FUNC, VERIFICATION: true, CREATE_GRAPH: false",2956,138,547,-1,208191,211832,"[0, 1, 2, 3, 4, 5, 6, 7, 8, 9, 10, 11, 12, 13, 14, 15, 16, 17, 18, 19, 20, 21, 22, 23, 24, 25, 26, 27, 28, 29, 30, 31, 32, 33, 34, 35, 36, 37, 38, 39, 40, 41, 42, 43, 44, 45, 46, 47, 48, 49, 50, 51, 52, 53, 54, 55, 56, 57, 58, 59]","[9, 10, 11, 3, 4, 5, 33, 34, 35, 27, 28, 29, 41, 37, 57, 58, 59, 51, 52, 53, 39, 21, 22, 23, 16, 17, 15, 6, 7, 8, 0, 1, 2, 36, 32, 30, 31, 24, 25, 26, 40, 45, 46, 47, 54, 55, 56, 48, 49, 50, 18, 19, 20, 12, 13, 14, 42, 43, 44, 38]","[59, 11, 57, 36, 40, 8, 9, 58, 6, 10, 38, 7, 5, 2, 4, 1, 3, 0, 22, 19, 23, 20, 32, 35, 30, 33, 31, 34, 56, 55, 54, 21, 18, 37, 41, 39, 53, 50, 49, 51, 48, 52, 25, 16, 12, 24, 46, 15, 17, 13, 14, 45, 27, 28, 29, 26, 47, 42, 43, 44]","[40, 38, 36, 8, 11, 10, 7, 2, 5, 1, 4, 3, 0, 6, 9, 20, 23, 19, 22, 32, 35, 30, 33, 31, 34, 58, 59, 56, 55, 54, 57, 53, 52, 51, 50, 49, 48, 37, 18, 29, 25, 46, 41, 13, 39, 45, 27, 14, 47, 21, 12, 24, 15, 16, 17, 28, 26, 43, 44, 42]",279,269,21543,664825,NOT_IMPLEMENTED,NOT_IMPLEMENTED,NOT_IMPLEMENTED,NOT_IMPLEMENTED,NOT_IMPLEMENTED,NOT_IMPLEMENTED,NOT_IMPLEMENTED,73506.0,15,4900.399999999999,-4855.0666666666675,,,,,1,0,208175,0,,,,,,,,,,,,60,,,NOT_IMPLEMENTED,,false,24,"robotY,robotY',robotX,robotX'","targetBX,targetBX',targetAX,targetAX',targetCY,targetCY',MObstacleX,MObstacleX',isABlocked,isABlocked',targetBY,targetBY',targetAY,targetAY',isCBlocked,isCBlocked',isBBlocked,isBBlocked',targetCX,targetCX'",0,,,,,,5,5,1141463992149999616,1141463992149999616,21042597888,34400530205769728,57139420272263168,2017612633061982208,399535037743104,17595475989364736,CUDD,"Using BDD Package: CUDDFactory, Version: CUDD 3.0","import ""DwyerPatternsNewReduced.spectra""",,0,0,false,false,[],[],,null
1669901775,NOTHING,1669901775.spectra,0,KIND_REALIZABILITY,SYS_REAL_KIND,"TEMP: false, SORT_AFTERWARDS: false, GROUP_OPTION: NO_GROUPING, INCREMENTAL_ADDITION: NO_INCREMENTAL, USE_RABIN: false, GROUP_AUX: NO_GROUPING, STATIC_ORDER: NO_STATIC_ORDERING, ROY_SIFT_MARKER: false, MAKE_LAST: false, MEMORYLESS: false, REORDER_METHOD: SIFT, NEW_PATTERN: false, INCREMENTAL_JUSTICES: NO_INCREMENTAL, REDUCED_ALGORITHM: FALSE, PARALLEL: false, ORIGINAL: false, BUCHI_INTERSECTION: false, NEW_TRIGGER: false, PARTITIONED: SINGLE_FUNC, VERIFICATION: true, CREATE_GRAPH: false",3200,16,428,-1,370585,374229,"[0, 1, 2, 3, 4, 5, 6, 7, 8, 9, 10, 11, 12, 13, 14, 15, 16, 17, 18, 19, 20, 21, 22, 23, 24, 25, 26, 27, 28, 29, 30, 31, 32, 33, 34, 35, 36, 37, 38, 39, 40, 41, 42, 43, 44, 45, 46, 47, 48, 49, 50, 51, 52, 53, 54, 55, 56, 57, 58, 59, 60, 61, 62, 63, 64, 65, 66, 67, 68, 69]","[0, 1, 2, 3, 4, 5, 6, 7, 8, 9, 10, 11, 12, 13, 14, 15, 16, 17, 18, 19, 20, 21, 22, 23, 24, 25, 26, 27, 28, 29, 30, 31, 32, 33, 34, 35, 36, 37, 38, 39, 40, 41, 42, 43, 44, 45, 46, 47, 48, 49, 50, 51, 52, 53, 54, 55, 56, 57, 58, 59, 60, 61, 62, 63, 64, 65, 66, 67, 68, 69]","[5, 36, 40, 38, 2, 0, 3, 1, 4, 8, 11, 6, 9, 7, 10, 15, 12, 14, 17, 13, 16, 29, 26, 24, 27, 60, 58, 59, 61, 62, 25, 28, 20, 23, 18, 21, 22, 19, 37, 63, 69, 67, 68, 39, 31, 64, 65, 41, 66, 30, 32, 34, 33, 35, 57, 44, 56, 55, 54, 43, 42, 46, 45, 47, 53, 50, 48, 49, 51, 52]","[3, 0, 2, 5, 1, 40, 4, 8, 11, 7, 10, 6, 38, 36, 9, 14, 17, 13, 16, 26, 29, 25, 28, 63, 62, 60, 59, 58, 12, 15, 61, 27, 22, 19, 21, 18, 68, 37, 39, 23, 20, 31, 67, 30, 41, 24, 32, 65, 64, 33, 34, 35, 66, 69, 45, 42, 43, 46, 47, 57, 56, 54, 55, 44, 50, 49, 48, 52, 51, 53]",314,314,14957,907308,NOT_IMPLEMENTED,NOT_IMPLEMENTED,NOT_IMPLEMENTED,NOT_IMPLEMENTED,NOT_IMPLEMENTED,NOT_IMPLEMENTED,NOT_IMPLEMENTED,129951.0,15,8663.400000000001,-9876.400000000001,,,,,1,0,370570,0,,,,,,,,,,,,70,,,NOT_IMPLEMENTED,,false,30,"robotY,robotY',robotX,robotX'","targetCY,targetCY',targetAY,targetAY',isBBlocked,isBBlocked',isABlocked,isABlocked',isCBlocked,isCBlocked',targetCX,targetCX',MObstacleX,MObstacleX',$PATTERN:0.ENV_CONSTRAINT.0.S_responds_to_P_globally.state,$PATTERN:0.ENV_CONSTRAINT.0.S_responds_to_P_globally.state',targetAX,targetAX',targetBY,targetBY',MObstacleY,MObstacleY',$PATTERN:1.ENV_CONSTRAINT.1.S_responds_to_P_globally.state,$PATTERN:1.ENV_CONSTRAINT.1.S_responds_to_P_globally.state',targetBX,targetBX'",0,,,,,,4,5,1173258944686424326144,293314736171606081536,421090099200,36026737088224296960,40064022285087932416,2934185229224425553920,15041319067975680,17736239797279653888,CUDD,"Using BDD Package: CUDDFactory, Version: CUDD 3.0","import ""DwyerPatternsNew.spectra""",S_responds_to_P_globally,2,0,false,false,[],[],,null
1669901775,FINAL,1669901775.spectra,1
1669645725,NOTHING,1669645725.spectra,1
1669645725,FINAL,1669645725.spectra,0,KIND_REALIZABILITY,SYS_UNREAL_KIND,"TEMP: false, SORT_AFTERWARDS: false, GROUP_OPTION: NO_GROUPING, INCREMENTAL_ADDITION: NO_INCREMENTAL, USE_RABIN: false, GROUP_AUX: GROUP_PAIR, STATIC_ORDER: REVERSE_CUTHILL, ROY_SIFT_MARKER: false, MAKE_LAST: false, MEMORYLESS: true, REORDER_METHOD: SIFT, NEW_PATTERN: true, INCREMENTAL_JUSTICES: INCREMENTAL_GRAPH, REDUCED_ALGORITHM: FALSE, PARALLEL: false, ORIGINAL: false, BUCHI_INTERSECTION: false, NEW_TRIGGER: true, PARTITIONED: SINGLE_FUNC, VERIFICATION: true, CREATE_GRAPH: false",2922,188,1515,-1,449395,454020,"[0, 1, 2, 3, 4, 5, 6, 7, 8, 9, 10, 11, 12, 13, 14, 15, 16, 17, 18, 19, 20, 21, 22, 23, 24, 25, 26, 27, 28, 29, 30, 31, 32, 33, 34, 35, 36, 37, 38, 39, 40, 41, 42, 43, 44, 45, 46, 47, 48, 49, 50, 51, 52, 53, 54, 55, 56, 57, 58, 59, 60, 61, 62, 63, 64, 65, 66, 67, 68, 69, 70, 71, 72, 73]","[40, 38, 36, 6, 7, 8, 0, 1, 2, 32, 30, 31, 24, 25, 26, 70, 71, 72, 73, 18, 19, 20, 12, 13, 14, 48, 49, 50, 54, 55, 56, 57, 9, 10, 11, 3, 4, 5, 37, 33, 34, 35, 27, 28, 29, 41, 21, 22, 23, 16, 17, 15, 39, 64, 65, 66, 58, 59, 60, 42, 43, 44, 67, 68, 69, 61, 62, 63, 45, 46, 47, 51, 52, 53]","[55, 54, 44, 56, 57, 36, 38, 40, 8, 11, 6, 9, 7, 10, 4, 1, 5, 2, 3, 0, 21, 18, 23, 20, 32, 35, 33, 30, 34, 31, 72, 73, 71, 70, 66, 64, 65, 69, 67, 68, 22, 19, 17, 63, 29, 60, 41, 39, 59, 58, 62, 61, 37, 28, 16, 25, 13, 15, 12, 14, 27, 24, 26, 50, 49, 48, 43, 42, 46, 45, 47, 53, 52, 51]","[72, 73, 71, 70, 40, 38, 36, 64, 66, 65, 69, 68, 8, 11, 7, 10, 6, 9, 2, 5, 1, 4, 0, 3, 67, 60, 63, 62, 61, 59, 37, 58, 20, 34, 21, 33, 22, 28, 41, 16, 39, 27, 32, 30, 35, 15, 29, 23, 17, 47, 46, 57, 56, 55, 54, 18, 25, 19, 24, 14, 13, 12, 26, 31, 45, 48, 49, 50, 42, 43, 44, 53, 52, 51]",521,589,39784,946575,NOT_IMPLEMENTED,NOT_IMPLEMENTED,NOT_IMPLEMENTED,NOT_IMPLEMENTED,NOT_IMPLEMENTED,NOT_IMPLEMENTED,NOT_IMPLEMENTED,185110.0,19,9742.631578947367,-24722.15789473684,,,,,0,0,0,0,,,,,,,,,,,,74,,,NOT_IMPLEMENTED,,false,32,"robotX,robotX',robotY,robotY',$TRIGGER:0.VAR',$TRIGGER:0.VAR","MObstacleX,MObstacleX',$PATTERN:1.ENV_CONSTRAINT.1.S_responds_to_P_globally.state,$PATTERN:1.ENV_CONSTRAINT.1.S_responds_to_P_globally.state',targetAY,targetAY',targetBY,targetBY',targetAX,targetAX',isCBlocked,isCBlocked',$PATTERN:0.ENV_CONSTRAINT.0.S_responds_to_P_globally.state,$PATTERN:0.ENV_CONSTRAINT.0.S_responds_to_P_globally.state',isBBlocked,isBBlocked',isABlocked,isABlocked',targetCX,targetCX',MObstacleY,MObstacleY',targetCY,targetCY',targetBX,targetBX'",0,,,,,,6,10,0,0,6191677440000,39352282050214232064,5658538744610404958208,78066620919938822438912,204561939324469248,70944959189118615552,CUDD,"Using BDD Package: CUDDFactory, Version: CUDD 3.0","import ""DwyerPatternsNewReduced.spectra""",S_responds_to_P_globally,2,1,false,false,[],[REMOVED_HOLE],,null
