Spec,RunConfig,UniqueIdentifier,TIMEOUT,ActionType,Result,CONFIG_TXT,INITIAL_BDD_TIME,HEURISTICS_TIME,SECOND_STEP_TIME,PARALLEL_OVERHEAD_TIME,WORK_TIME,TOTAL_TIME,PRE_ROYBDD_ORDER,POST_HEURISTICS_ORDER,POST_SECOND_STEP_ORDER,POST_WORK_ORDER,PRE_ROYBDD_NODE_SIZE,POST_HEURISTICS_NODE_SIZE,POST_SECOND_STEP_NODE_SIZE,POST_WORK_NODE_SIZE,AVERAGE_AUX_SIZE,AVERAGE_SYS_DOM_IN_CONSTRAINT,AVERAGE_ENV_DOM_IN_CONSTRAINT,AVERAGE_SYS_DOM_SIZE,AVERAGE_ENV_DOM_SIZE,AVERAGE_CONSTRAINT_COMPLEXITY,INTERCONNECTNESS_INDEX,TOTAL_REORDER_TIME,REORDER_CALL_AMOUNT,AVERAGE_REORDER_TIME,AVERAGE_REORDER_GAIN,Z_FIXPOINTS,Y_FIXPOINTS,X_FIXPOINTS,W_FIXPOINTS,REAL_CASES,UNREAL_CASES,REAL_TIME,UNREAL_TIME,GRAPH_DATA,CLUSTER_INC_DATA,CLUSTER_VAR_DATA,DOMAIN_GRAPH_DATA,CONSTRAINT_GRAPH_DATA,JUST_STRING_COUNT,JUST_STRING_ENV_COUNT,TRANS_STRING_SYS_COUNT,TRANS_STRING_ENV_COUNT,INI_STRING_ENV_COUNT,INI_STRING_SYS_COUNT,TOTAL_VARS,SYS_VARS,ENV_VARS,AUX_VARS,UNUSED_CONS_VARS,ARRAYS_INSTANCES,TOTAL_DOMS,SYS_DOMS,ENV_DOMS,AUX_DOMS,DOMS_NOT_QUANTIFIED,INI_SYS_CONSTRAINTS,INI_ENV_CONSTRAINTS,TRANS_ENV_CONSTRAINTS,TRANS_SYS_CONSTRAINTS,JUSTICE_SYS_AMOUNT,JUSTICE_ENV_AMOUNT,Z_SAT_COUNT,Z_SAT_COUNT_START_S0,TRANS_ENV_SAT,TRANS_SYS_SAT,JUSTS_SYS_SAT,JUSTS_ENV_SAT,INI_ENV_SAT,INI_SYS_SAT,FACTORY_TYPE,BDDPACKAGE,IMPORT,UNIQUE_PATTERNS,PATTERN_INSTANCES,TRIGGER_INSTANCES,MONITORS_INSTANCES,COUNTERS_INSTANCES,REDUCED_PATTERN,REDUCED_TRIGGER,SWAPPED_TO_ORIGINAL,ADDITIONAL
1670682273,NOTHING,1670682273.spectra,1
1670682273,FINAL,1670682273.spectra,0,KIND_REALIZABILITY,SYS_REAL_KIND,"TEMP: false, SORT_AFTERWARDS: false, GROUP_OPTION: NO_GROUPING, INCREMENTAL_ADDITION: NO_INCREMENTAL, USE_RABIN: false, GROUP_AUX: GROUP_PAIR, STATIC_ORDER: REVERSE_CUTHILL, ROY_SIFT_MARKER: false, MAKE_LAST: false, MEMORYLESS: true, REORDER_METHOD: SIFT, NEW_PATTERN: true, INCREMENTAL_JUSTICES: INCREMENTAL_GRAPH, REDUCED_ALGORITHM: FALSE, PARALLEL: false, ORIGINAL: false, BUCHI_INTERSECTION: false, NEW_TRIGGER: true, PARTITIONED: SINGLE_FUNC, VERIFICATION: true, CREATE_GRAPH: false",2890,125,235,-1,371239,374489,"[0, 1, 2, 3, 4, 5, 6, 7, 8, 9, 10, 11, 12, 13, 14, 15, 16, 17, 18, 19, 20, 21, 22, 23, 24, 25, 26, 27, 28, 29, 30, 31, 32, 33, 34, 35, 36, 37, 38, 39, 40, 41, 42, 43, 44, 45, 46, 47, 48, 49, 50, 51, 52, 53, 54, 55, 56, 57, 58, 59, 60, 61]","[0, 1, 2, 3, 4, 5, 6, 7, 8, 9, 10, 11, 12, 13, 14, 15, 16, 17, 18, 19, 20, 21, 22, 23, 24, 25, 26, 27, 28, 29, 30, 31, 32, 33, 34, 35, 36, 37, 38, 39, 40, 41, 42, 43, 44, 45, 46, 47, 48, 49, 50, 51, 52, 53, 54, 55, 56, 57, 58, 59, 60, 61]","[59, 58, 60, 61, 35, 34, 5, 4, 3, 2, 1, 32, 31, 0, 44, 30, 43, 33, 42, 47, 46, 45, 12, 13, 14, 15, 16, 17, 36, 39, 6, 8, 7, 37, 38, 9, 10, 11, 24, 48, 51, 49, 25, 26, 27, 18, 19, 50, 21, 22, 20, 23, 29, 28, 41, 40, 53, 52, 57, 55, 54, 56]","[2, 5, 4, 1, 0, 32, 31, 3, 30, 35, 34, 33, 44, 43, 47, 46, 45, 14, 13, 12, 42, 15, 16, 17, 11, 8, 59, 61, 58, 60, 38, 7, 10, 9, 6, 36, 40, 52, 51, 29, 28, 27, 39, 26, 25, 24, 48, 49, 41, 50, 37, 18, 19, 21, 22, 23, 20, 53, 55, 54, 57, 56]",288,292,7856,391782,NOT_IMPLEMENTED,NOT_IMPLEMENTED,NOT_IMPLEMENTED,NOT_IMPLEMENTED,NOT_IMPLEMENTED,NOT_IMPLEMENTED,NOT_IMPLEMENTED,73105.0,15,4873.666666666668,-8737.799999999997,,,,,1,0,371224,0,,,,,,,,,,,,62,,,NOT_IMPLEMENTED,,false,22,"robotX0,robotX0',robotY1,robotY1',$COUNTER:0.count1,$COUNTER:0.count1',robotX1,robotX1',$COUNTER:1.count0,$COUNTER:1.count0',robotY0,robotY0'","lambY1,lambY1',elevatorY,elevatorY',lambX1,lambX1',lambY0,lambY0',lambX0,lambX0'",4,,,,,,2,2,4237371578402209792,4237371578402209792,72236400640000,147593694269184,56294995342131200,1152921504606846976,527765581332480000,2533274790395904,CUDD,"Using BDD Package: CUDDFactory, Version: CUDD 3.0","import ""DwyerPatternsNewReduced.spectra""",,0,0,false,true,[],[],,null
1670685549,NOTHING,1670685549.spectra,1
1670685549,FINAL,1670685549.spectra,1
1670598869,NOTHING,1670598869.spectra,0,KIND_REALIZABILITY,SYS_REAL_KIND,"TEMP: false, SORT_AFTERWARDS: false, GROUP_OPTION: NO_GROUPING, INCREMENTAL_ADDITION: NO_INCREMENTAL, USE_RABIN: false, GROUP_AUX: NO_GROUPING, STATIC_ORDER: NO_STATIC_ORDERING, ROY_SIFT_MARKER: false, MAKE_LAST: false, MEMORYLESS: false, REORDER_METHOD: SIFT, NEW_PATTERN: false, INCREMENTAL_JUSTICES: NO_INCREMENTAL, REDUCED_ALGORITHM: FALSE, PARALLEL: false, ORIGINAL: false, BUCHI_INTERSECTION: false, NEW_TRIGGER: false, PARTITIONED: SINGLE_FUNC, VERIFICATION: true, CREATE_GRAPH: false",2344,16,109,-1,134429,136898,"[0, 1, 2, 3, 4, 5, 6, 7, 8, 9, 10, 11, 12, 13, 14, 15, 16, 17, 18, 19, 20, 21, 22, 23, 24, 25, 26, 27, 28, 29, 30, 31, 32, 33, 34, 35, 36, 37, 38, 39, 40, 41, 42, 43, 44, 45, 46, 47, 48, 49, 50, 51, 52, 53, 54, 55, 56, 57, 58, 59, 60, 61, 62, 63, 64, 65, 66, 67, 68, 69]","[0, 1, 2, 3, 4, 5, 6, 7, 8, 9, 10, 11, 12, 13, 14, 15, 16, 17, 18, 19, 20, 21, 22, 23, 24, 25, 26, 27, 28, 29, 30, 31, 32, 33, 34, 35, 36, 37, 38, 39, 40, 41, 42, 43, 44, 45, 46, 47, 48, 49, 50, 51, 52, 53, 54, 55, 56, 57, 58, 59, 60, 61, 62, 63, 64, 65, 66, 67, 68, 69]","[49, 5, 3, 62, 42, 0, 48, 63, 50, 43, 2, 4, 52, 1, 51, 54, 55, 53, 44, 8, 11, 6, 9, 7, 10, 12, 15, 46, 14, 13, 16, 17, 45, 47, 60, 57, 22, 19, 23, 20, 21, 18, 56, 58, 30, 59, 33, 34, 31, 35, 32, 61, 27, 24, 40, 39, 41, 28, 29, 26, 25, 37, 36, 38, 66, 65, 64, 69, 68, 67]","[62, 48, 63, 52, 50, 51, 55, 54, 2, 49, 5, 1, 4, 0, 3, 8, 11, 7, 10, 6, 9, 14, 17, 13, 16, 12, 15, 20, 23, 19, 22, 18, 21, 53, 61, 60, 43, 57, 56, 59, 34, 47, 28, 45, 33, 27, 58, 25, 24, 29, 26, 31, 35, 39, 40, 41, 30, 32, 36, 46, 44, 42, 37, 38, 69, 66, 65, 64, 68, 67]",314,314,5683,492967,NOT_IMPLEMENTED,NOT_IMPLEMENTED,NOT_IMPLEMENTED,NOT_IMPLEMENTED,NOT_IMPLEMENTED,NOT_IMPLEMENTED,NOT_IMPLEMENTED,51325.0,11,4665.909090909091,-7831.454545454546,,,,,1,0,134413,0,,,,,,,,,,,,70,,,NOT_IMPLEMENTED,,true,30,"robotX,robotX',$COUNTER:0.chargingTime,$COUNTER:0.chargingTime',robotY,robotY',$PATTERN:0.SYS_CONSTRAINT.0.S_responds_to_P_globally.state,$PATTERN:0.SYS_CONSTRAINT.0.S_responds_to_P_globally.state'","redGoals[0],redGoals[0]',redGoals[2],redGoals[2]',goalsX[1],goalsX[1]',goalsY[2],goalsY[2]',goalsY[1],goalsY[1]',movingObstacleX,movingObstacleX',charged,charged',goalsX[2],goalsX[2]',goalsY[0],goalsY[0]',redGoals[1],redGoals[1]',goalsX[0],goalsX[0]'",2,,,,,,5,3,1141311567815113703424,570655783907556851712,100906775347200,1349627994246742016,630359832643793584128,1753593608507014250496,19252888407008870400,21818390226812272640,CUDD,"Using BDD Package: CUDDFactory, Version: CUDD 3.0","import ""DwyerPatternsNew.spectra""",S_responds_to_P_globally,1,0,false,true,[],[],,null
1670598869,FINAL,1670598869.spectra,0,KIND_REALIZABILITY,SYS_REAL_KIND,"TEMP: false, SORT_AFTERWARDS: false, GROUP_OPTION: NO_GROUPING, INCREMENTAL_ADDITION: NO_INCREMENTAL, USE_RABIN: false, GROUP_AUX: GROUP_PAIR, STATIC_ORDER: REVERSE_CUTHILL, ROY_SIFT_MARKER: false, MAKE_LAST: false, MEMORYLESS: true, REORDER_METHOD: SIFT, NEW_PATTERN: true, INCREMENTAL_JUSTICES: INCREMENTAL_GRAPH, REDUCED_ALGORITHM: FALSE, PARALLEL: false, ORIGINAL: false, BUCHI_INTERSECTION: false, NEW_TRIGGER: true, PARTITIONED: SINGLE_FUNC, VERIFICATION: true, CREATE_GRAPH: false",2578,516,297,-1,158678,162069,"[0, 1, 2, 3, 4, 5, 6, 7, 8, 9, 10, 11, 12, 13, 14, 15, 16, 17, 18, 19, 20, 21, 22, 23, 24, 25, 26, 27, 28, 29, 30, 31, 32, 33, 34, 35, 36, 37, 38, 39, 40, 41, 42, 43, 44, 45, 46, 47, 48, 49, 50, 51, 52, 53, 54, 55, 56, 57, 58, 59, 60, 61, 62, 63, 64, 65, 66, 67, 68, 69]","[0, 1, 2, 3, 4, 5, 6, 7, 8, 9, 10, 11, 12, 13, 14, 15, 16, 17, 18, 19, 20, 21, 22, 23, 24, 25, 26, 27, 28, 29, 30, 31, 32, 33, 34, 35, 36, 37, 38, 39, 40, 41, 42, 43, 44, 45, 46, 47, 48, 49, 50, 51, 52, 53, 54, 55, 56, 57, 58, 59, 60, 61, 62, 63, 64, 65, 66, 67, 68, 69]","[64, 65, 66, 69, 68, 67, 49, 48, 62, 63, 52, 55, 42, 2, 5, 0, 43, 3, 1, 4, 51, 50, 9, 53, 44, 6, 8, 11, 10, 45, 54, 7, 12, 15, 46, 14, 17, 13, 16, 61, 60, 47, 57, 22, 19, 23, 20, 21, 18, 56, 58, 59, 33, 30, 34, 31, 35, 32, 27, 24, 26, 29, 25, 28, 39, 40, 41, 37, 36, 38]","[52, 48, 62, 63, 50, 51, 55, 54, 53, 2, 49, 5, 0, 3, 1, 4, 8, 11, 7, 10, 6, 9, 14, 17, 13, 16, 12, 15, 61, 20, 23, 19, 22, 18, 21, 60, 59, 43, 57, 56, 27, 34, 47, 25, 45, 33, 39, 40, 41, 24, 28, 29, 26, 35, 31, 30, 32, 58, 44, 46, 42, 38, 37, 36, 69, 66, 68, 67, 65, 64]",314,318,5409,496520,NOT_IMPLEMENTED,NOT_IMPLEMENTED,NOT_IMPLEMENTED,NOT_IMPLEMENTED,NOT_IMPLEMENTED,NOT_IMPLEMENTED,NOT_IMPLEMENTED,70024.0,12,5835.333333333332,-7553.833333333332,,,,,1,0,158647,0,,,,,,,,,,,,70,,,NOT_IMPLEMENTED,,true,30,"$PATTERN:0.SYS_CONSTRAINT.0.S_responds_to_P_globally.state,$PATTERN:0.SYS_CONSTRAINT.0.S_responds_to_P_globally.state',$COUNTER:0.chargingTime,$COUNTER:0.chargingTime',robotY,robotY',robotX,robotX'","redGoals[0],redGoals[0]',goalsX[1],goalsX[1]',goalsY[0],goalsY[0]',charged,charged',movingObstacleX,movingObstacleX',redGoals[2],redGoals[2]',goalsX[0],goalsX[0]',redGoals[1],redGoals[1]',goalsY[1],goalsY[1]',goalsX[2],goalsX[2]',goalsY[2],goalsY[2]'",2,,,,,,5,3,1141311567815113703424,570655783907556851712,100906775347200,1349627994246742016,630359832643793584128,1753593608507014250496,19252888407008870400,21818390226812272640,CUDD,"Using BDD Package: CUDDFactory, Version: CUDD 3.0","import ""DwyerPatternsNewReduced.spectra""",S_responds_to_P_globally,1,0,false,true,[],[],,null
1671482714,NOTHING,1671482714.spectra,1
1671482714,FINAL,1671482714.spectra,1
1670683343,NOTHING,1670683343.spectra,0,KIND_REALIZABILITY,SYS_REAL_KIND,"TEMP: false, SORT_AFTERWARDS: false, GROUP_OPTION: NO_GROUPING, INCREMENTAL_ADDITION: NO_INCREMENTAL, USE_RABIN: false, GROUP_AUX: NO_GROUPING, STATIC_ORDER: NO_STATIC_ORDERING, ROY_SIFT_MARKER: false, MAKE_LAST: false, MEMORYLESS: false, REORDER_METHOD: SIFT, NEW_PATTERN: false, INCREMENTAL_JUSTICES: NO_INCREMENTAL, REDUCED_ALGORITHM: FALSE, PARALLEL: false, ORIGINAL: false, BUCHI_INTERSECTION: false, NEW_TRIGGER: false, PARTITIONED: SINGLE_FUNC, VERIFICATION: true, CREATE_GRAPH: false",2797,0,156,-1,150271,153224,"[0, 1, 2, 3, 4, 5, 6, 7, 8, 9, 10, 11, 12, 13, 14, 15, 16, 17, 18, 19, 20, 21, 22, 23, 24, 25, 26, 27, 28, 29, 30, 31, 32, 33, 34, 35, 36, 37, 38, 39, 40, 41, 42, 43, 44, 45, 46, 47, 48, 49, 50, 51, 52, 53, 54, 55, 56, 57, 58, 59, 60, 61, 62, 63, 64, 65]","[0, 1, 2, 3, 4, 5, 6, 7, 8, 9, 10, 11, 12, 13, 14, 15, 16, 17, 18, 19, 20, 21, 22, 23, 24, 25, 26, 27, 28, 29, 30, 31, 32, 33, 34, 35, 36, 37, 38, 39, 40, 41, 42, 43, 44, 45, 46, 47, 48, 49, 50, 51, 52, 53, 54, 55, 56, 57, 58, 59, 60, 61, 62, 63, 64, 65]","[34, 35, 47, 2, 5, 4, 1, 3, 0, 30, 31, 32, 46, 33, 42, 43, 45, 44, 14, 13, 39, 6, 9, 7, 10, 36, 11, 8, 12, 38, 15, 16, 17, 24, 48, 51, 37, 18, 21, 22, 19, 23, 20, 27, 50, 26, 25, 49, 41, 40, 29, 28, 52, 53, 54, 55, 56, 57, 58, 59, 60, 61, 62, 63, 64, 65]","[5, 4, 2, 1, 3, 38, 8, 11, 7, 10, 9, 6, 41, 40, 37, 0, 39, 50, 49, 36, 32, 31, 35, 34, 53, 33, 48, 30, 52, 51, 29, 28, 26, 25, 27, 24, 47, 44, 43, 46, 45, 42, 14, 12, 13, 17, 16, 15, 22, 21, 19, 23, 18, 20, 54, 55, 56, 57, 58, 59, 60, 61, 62, 63, 64, 65]",2620,2620,6590,189612,NOT_IMPLEMENTED,NOT_IMPLEMENTED,NOT_IMPLEMENTED,NOT_IMPLEMENTED,NOT_IMPLEMENTED,NOT_IMPLEMENTED,NOT_IMPLEMENTED,28740.0,12,2395.0,-24995.0,,,,,1,0,150255,0,,,,,,,,,,,,66,,,NOT_IMPLEMENTED,,false,22,"$TRIGGER:0.VAR',robotX0,robotX0',robotY1,robotY1',$TRIGGER:1.VAR,robotX1,robotX1',$TRIGGER:1.VAR',$TRIGGER:0.VAR,robotY0,robotY0'","lambX0,lambX0',lambY1,lambY1',elevatorY,elevatorY',lambX1,lambX1',lambY0,lambY0'",0,,,,,,6,2,65965343182371684352,1061567550220926976,1155782410240000,233246923161600,58546795155816448000,18446744073709551616,8444249301319680000,10133099161583616,CUDD,"Using BDD Package: CUDDFactory, Version: CUDD 3.0","import ""DwyerPatternsNew.spectra""",,0,2,false,false,[],[],,null
1670683343,FINAL,1670683343.spectra,0,KIND_REALIZABILITY,SYS_REAL_KIND,"TEMP: false, SORT_AFTERWARDS: false, GROUP_OPTION: NO_GROUPING, INCREMENTAL_ADDITION: NO_INCREMENTAL, USE_RABIN: false, GROUP_AUX: GROUP_PAIR, STATIC_ORDER: REVERSE_CUTHILL, ROY_SIFT_MARKER: false, MAKE_LAST: false, MEMORYLESS: true, REORDER_METHOD: SIFT, NEW_PATTERN: true, INCREMENTAL_JUSTICES: INCREMENTAL_GRAPH, REDUCED_ALGORITHM: FALSE, PARALLEL: false, ORIGINAL: false, BUCHI_INTERSECTION: false, NEW_TRIGGER: true, PARTITIONED: SINGLE_FUNC, VERIFICATION: true, CREATE_GRAPH: false",3469,156,266,-1,76504,80395,"[0, 1, 2, 3, 4, 5, 6, 7, 8, 9, 10, 11, 12, 13, 14, 15, 16, 17, 18, 19, 20, 21, 22, 23, 24, 25, 26, 27, 28, 29, 30, 31, 32, 33, 34, 35, 36, 37, 38, 39, 40, 41, 42, 43, 44, 45, 46, 47, 48, 49, 50, 51, 52, 53, 54, 55, 56, 57, 58, 59, 60, 61]","[58, 59, 60, 61, 16, 17, 15, 21, 22, 23, 18, 19, 20, 12, 13, 14, 51, 52, 53, 48, 49, 50, 42, 43, 44, 45, 46, 47, 27, 28, 29, 24, 25, 26, 39, 40, 41, 33, 34, 35, 3, 4, 5, 9, 10, 11, 36, 37, 38, 32, 30, 31, 6, 7, 8, 0, 1, 2, 54, 55, 56, 57]","[23, 21, 18, 22, 19, 20, 17, 15, 12, 16, 13, 14, 42, 43, 44, 48, 49, 58, 60, 61, 59, 36, 47, 46, 35, 45, 34, 30, 31, 33, 25, 50, 26, 24, 51, 27, 39, 53, 29, 28, 52, 41, 40, 32, 0, 1, 2, 4, 3, 5, 6, 9, 10, 7, 11, 8, 37, 38, 54, 55, 56, 57]","[20, 23, 21, 18, 22, 19, 50, 49, 48, 58, 60, 61, 59, 53, 52, 51, 14, 17, 16, 13, 15, 12, 38, 44, 43, 36, 37, 42, 47, 46, 39, 45, 26, 25, 28, 24, 27, 29, 34, 35, 33, 32, 31, 30, 6, 7, 0, 40, 1, 41, 9, 10, 8, 11, 3, 4, 5, 2, 54, 55, 56, 57]",2440,7075,8316,144679,NOT_IMPLEMENTED,NOT_IMPLEMENTED,NOT_IMPLEMENTED,NOT_IMPLEMENTED,NOT_IMPLEMENTED,NOT_IMPLEMENTED,NOT_IMPLEMENTED,10444.0,12,870.3333333333335,-9098.916666666668,,,,,1,0,76472,0,,,,,,,,,,,,62,,,NOT_IMPLEMENTED,,false,22,"robotY1,robotY1',$TRIGGER:0.VAR',robotX0,robotX0',$TRIGGER:0.VAR,robotY0,robotY0',$TRIGGER:1.VAR',$TRIGGER:1.VAR,robotX1,robotX1'","lambY0,lambY0',lambX0,lambX0',lambX1,lambX1',elevatorY,elevatorY',lambY1,lambY1'",0,,,,,,6,2,4239574484308197376,265391887555231744,72236400640000,148428681641984,7117939211059068928,1152921504606846976,527765581332480000,2533274790395904,CUDD,"Using BDD Package: CUDDFactory, Version: CUDD 3.0","import ""DwyerPatternsNewReduced.spectra""",,0,2,false,false,[],"[REMOVED_HOLE, REMOVED_HOLE]",,null
1670699576,NOTHING,1670699576.spectra,1
1670699576,FINAL,1670699576.spectra,1
1670625089,NOTHING,1670625089.spectra,0,KIND_REALIZABILITY,SYS_REAL_KIND,"TEMP: false, SORT_AFTERWARDS: false, GROUP_OPTION: NO_GROUPING, INCREMENTAL_ADDITION: NO_INCREMENTAL, USE_RABIN: false, GROUP_AUX: NO_GROUPING, STATIC_ORDER: NO_STATIC_ORDERING, ROY_SIFT_MARKER: false, MAKE_LAST: false, MEMORYLESS: false, REORDER_METHOD: SIFT, NEW_PATTERN: false, INCREMENTAL_JUSTICES: NO_INCREMENTAL, REDUCED_ALGORITHM: FALSE, PARALLEL: false, ORIGINAL: false, BUCHI_INTERSECTION: false, NEW_TRIGGER: false, PARTITIONED: SINGLE_FUNC, VERIFICATION: true, CREATE_GRAPH: false",3031,0,391,-1,406723,410145,"[0, 1, 2, 3, 4, 5, 6, 7, 8, 9, 10, 11, 12, 13, 14, 15, 16, 17, 18, 19, 20, 21, 22, 23, 24, 25, 26, 27, 28, 29, 30, 31, 32, 33, 34, 35, 36, 37, 38, 39, 40, 41, 42, 43, 44, 45, 46, 47, 48, 49, 50, 51, 52, 53, 54, 55, 56, 57, 58, 59, 60, 61]","[0, 1, 2, 3, 4, 5, 6, 7, 8, 9, 10, 11, 12, 13, 14, 15, 16, 17, 18, 19, 20, 21, 22, 23, 24, 25, 26, 27, 28, 29, 30, 31, 32, 33, 34, 35, 36, 37, 38, 39, 40, 41, 42, 43, 44, 45, 46, 47, 48, 49, 50, 51, 52, 53, 54, 55, 56, 57, 58, 59, 60, 61]","[31, 7, 32, 8, 35, 34, 33, 10, 11, 9, 6, 43, 30, 19, 44, 20, 46, 42, 18, 45, 47, 21, 23, 22, 15, 39, 12, 36, 55, 38, 14, 13, 37, 1, 41, 17, 2, 40, 16, 0, 54, 56, 57, 3, 49, 25, 48, 24, 5, 4, 50, 26, 27, 51, 29, 53, 28, 52, 59, 58, 60, 61]","[7, 8, 32, 31, 11, 10, 35, 34, 9, 6, 33, 44, 43, 30, 47, 46, 45, 20, 19, 18, 42, 23, 22, 21, 57, 55, 54, 56, 38, 14, 17, 16, 13, 37, 15, 12, 36, 52, 48, 0, 40, 41, 39, 5, 4, 2, 1, 49, 3, 50, 51, 24, 25, 27, 28, 29, 26, 53, 58, 59, 60, 61]",296,296,11409,467990,NOT_IMPLEMENTED,NOT_IMPLEMENTED,NOT_IMPLEMENTED,NOT_IMPLEMENTED,NOT_IMPLEMENTED,NOT_IMPLEMENTED,NOT_IMPLEMENTED,113062.0,18,6281.222222222224,-7447.333333333333,,,,,1,0,406691,0,,,,,,,,,,,,62,,,NOT_IMPLEMENTED,,false,22,"robotY1,robotY1',$COUNTER:1.robotBinReqB,$COUNTER:1.robotBinReqB',robotX0,robotX0',$COUNTER:0.robotAinReqA,$COUNTER:0.robotAinReqA',robotY0,robotY0',robotX1,robotX1'","lamp_B_X,lamp_B_X',lamp_B_Y,lamp_B_Y',lamp_A_Y,lamp_A_Y',elevatorY,elevatorY',lamp_A_X,lamp_A_X'",4,,,,,,2,2,4167526188874465280,4167526188874465280,56682086400000,67519816806716,81064793292668928,1152921504606846976,527765581332480000,1495335813775360,CUDD,"Using BDD Package: CUDDFactory, Version: CUDD 3.0","import ""DwyerPatternsNew.spectra""",,0,0,false,true,[],[],,null
1670625089,FINAL,1670625089.spectra,0,KIND_REALIZABILITY,SYS_REAL_KIND,"TEMP: false, SORT_AFTERWARDS: false, GROUP_OPTION: NO_GROUPING, INCREMENTAL_ADDITION: NO_INCREMENTAL, USE_RABIN: false, GROUP_AUX: GROUP_PAIR, STATIC_ORDER: REVERSE_CUTHILL, ROY_SIFT_MARKER: false, MAKE_LAST: false, MEMORYLESS: true, REORDER_METHOD: SIFT, NEW_PATTERN: true, INCREMENTAL_JUSTICES: INCREMENTAL_GRAPH, REDUCED_ALGORITHM: FALSE, PARALLEL: false, ORIGINAL: false, BUCHI_INTERSECTION: false, NEW_TRIGGER: true, PARTITIONED: SINGLE_FUNC, VERIFICATION: true, CREATE_GRAPH: false",2843,125,578,-1,351548,355094,"[0, 1, 2, 3, 4, 5, 6, 7, 8, 9, 10, 11, 12, 13, 14, 15, 16, 17, 18, 19, 20, 21, 22, 23, 24, 25, 26, 27, 28, 29, 30, 31, 32, 33, 34, 35, 36, 37, 38, 39, 40, 41, 42, 43, 44, 45, 46, 47, 48, 49, 50, 51, 52, 53, 54, 55, 56, 57, 58, 59, 60, 61]","[0, 1, 2, 3, 4, 5, 6, 7, 8, 9, 10, 11, 12, 13, 14, 15, 16, 17, 18, 19, 20, 21, 22, 23, 24, 25, 26, 27, 28, 29, 30, 31, 32, 33, 34, 35, 36, 37, 38, 39, 40, 41, 42, 43, 44, 45, 46, 47, 48, 49, 50, 51, 52, 53, 54, 55, 56, 57, 58, 59, 60, 61]","[31, 7, 32, 8, 35, 34, 10, 11, 33, 9, 6, 46, 30, 47, 44, 45, 43, 19, 20, 42, 18, 21, 23, 22, 48, 24, 51, 27, 0, 3, 36, 12, 39, 15, 55, 54, 56, 57, 38, 14, 17, 13, 16, 40, 41, 37, 2, 1, 50, 5, 4, 26, 49, 25, 29, 53, 28, 52, 58, 59, 60, 61]","[55, 54, 56, 57, 8, 11, 10, 7, 32, 31, 9, 6, 35, 34, 30, 33, 47, 46, 44, 43, 45, 20, 19, 42, 23, 22, 18, 21, 38, 14, 17, 16, 15, 12, 36, 13, 37, 39, 40, 41, 52, 3, 5, 4, 51, 53, 25, 24, 48, 28, 27, 0, 26, 1, 2, 29, 50, 49, 58, 59, 60, 61]",296,300,13869,475857,NOT_IMPLEMENTED,NOT_IMPLEMENTED,NOT_IMPLEMENTED,NOT_IMPLEMENTED,NOT_IMPLEMENTED,NOT_IMPLEMENTED,NOT_IMPLEMENTED,51242.0,17,3014.2352941176464,-7158.29411764706,,,,,1,0,351516,0,,,,,,,,,,,,62,,,NOT_IMPLEMENTED,,false,22,"robotY0,robotY0',$COUNTER:0.robotAinReqA,$COUNTER:0.robotAinReqA',robotX0,robotX0',robotY1,robotY1',$COUNTER:1.robotBinReqB,$COUNTER:1.robotBinReqB',robotX1,robotX1'","lamp_B_Y,lamp_B_Y',elevatorY,elevatorY',lamp_A_Y,lamp_A_Y',lamp_A_X,lamp_A_X',lamp_B_X,lamp_B_X'",4,,,,,,2,2,4167526188874465280,4167526188874465280,56682086400000,67519816806716,81064793292668928,1152921504606846976,527765581332480000,1495335813775360,CUDD,"Using BDD Package: CUDDFactory, Version: CUDD 3.0","import ""DwyerPatternsNewReduced.spectra""",,0,0,false,true,[],[],,null
1671314543,NOTHING,1671314543.spectra,0,KIND_REALIZABILITY,SYS_UNREAL_KIND,"TEMP: false, SORT_AFTERWARDS: false, GROUP_OPTION: NO_GROUPING, INCREMENTAL_ADDITION: NO_INCREMENTAL, USE_RABIN: false, GROUP_AUX: NO_GROUPING, STATIC_ORDER: NO_STATIC_ORDERING, ROY_SIFT_MARKER: false, MAKE_LAST: false, MEMORYLESS: false, REORDER_METHOD: SIFT, NEW_PATTERN: false, INCREMENTAL_JUSTICES: NO_INCREMENTAL, REDUCED_ALGORITHM: FALSE, PARALLEL: false, ORIGINAL: false, BUCHI_INTERSECTION: false, NEW_TRIGGER: false, PARTITIONED: SINGLE_FUNC, VERIFICATION: true, CREATE_GRAPH: false",3845,31,219,-1,314224,318319,"[0, 1, 2, 3, 4, 5, 6, 7, 8, 9, 10, 11, 12, 13, 14, 15, 16, 17, 18, 19, 20, 21, 22, 23, 24, 25, 26, 27, 28, 29, 30, 31, 32, 33, 34, 35, 36, 37, 38, 39, 40, 41, 42, 43, 44, 45, 46, 47, 48, 49, 50, 51, 52, 53, 54, 55, 56, 57, 58, 59, 60, 61]","[0, 1, 2, 3, 4, 5, 6, 7, 8, 9, 10, 11, 12, 13, 14, 15, 16, 17, 18, 19, 20, 21, 22, 23, 24, 25, 26, 27, 28, 29, 30, 31, 32, 33, 34, 35, 36, 37, 38, 39, 40, 41, 42, 43, 44, 45, 46, 47, 48, 49, 50, 51, 52, 53, 54, 55, 56, 57, 58, 59, 60, 61]","[57, 55, 54, 56, 61, 60, 58, 59, 30, 0, 3, 31, 1, 32, 2, 35, 34, 4, 5, 43, 33, 13, 47, 46, 45, 42, 12, 16, 15, 17, 14, 44, 36, 6, 9, 39, 37, 7, 10, 11, 8, 38, 40, 48, 18, 21, 23, 51, 22, 20, 19, 49, 41, 52, 50, 24, 53, 27, 26, 25, 28, 29]","[57, 56, 55, 54, 60, 61, 59, 58, 2, 1, 32, 31, 30, 35, 34, 33, 44, 43, 47, 46, 45, 14, 13, 42, 17, 16, 15, 12, 0, 4, 5, 3, 10, 7, 11, 8, 38, 53, 37, 9, 6, 36, 50, 48, 49, 40, 41, 39, 51, 52, 18, 21, 22, 23, 19, 20, 27, 29, 24, 26, 25, 28]",284,284,8664,418975,NOT_IMPLEMENTED,NOT_IMPLEMENTED,NOT_IMPLEMENTED,NOT_IMPLEMENTED,NOT_IMPLEMENTED,NOT_IMPLEMENTED,NOT_IMPLEMENTED,48165.0,14,3440.357142857143,-5329.857142857141,,,,,0,0,0,0,,,,,,,,,,,,62,,,NOT_IMPLEMENTED,,false,22,"robotY1,robotY1',robotX1,robotX1',$COUNTER:0.Robot0PackagesWithoutVisitingBottomRight,$COUNTER:0.Robot0PackagesWithoutVisitingBottomRight',robotY0,robotY0',$COUNTER:1.Robot1PackagesWithoutVisitingBottomRight,$COUNTER:1.Robot1PackagesWithoutVisitingBottomRight',robotX0,robotX0'","package0Y,package0Y',package0X,package0X',elevatorY,elevatorY',package1X,package1X',package1Y,package1Y'",4,,,,,,2,2,0,0,130595527065600,68508550168576,81064793292668928,1152921504606846976,759982437118771200,66551239806025728,CUDD,"Using BDD Package: CUDDFactory, Version: CUDD 3.0","import ""DwyerPatternsNew.spectra""",,0,0,false,true,[],[],,null
1671314543,FINAL,1671314543.spectra,0,KIND_REALIZABILITY,SYS_UNREAL_KIND,"TEMP: false, SORT_AFTERWARDS: false, GROUP_OPTION: NO_GROUPING, INCREMENTAL_ADDITION: NO_INCREMENTAL, USE_RABIN: false, GROUP_AUX: GROUP_PAIR, STATIC_ORDER: REVERSE_CUTHILL, ROY_SIFT_MARKER: false, MAKE_LAST: false, MEMORYLESS: true, REORDER_METHOD: SIFT, NEW_PATTERN: true, INCREMENTAL_JUSTICES: INCREMENTAL_GRAPH, REDUCED_ALGORITHM: FALSE, PARALLEL: false, ORIGINAL: false, BUCHI_INTERSECTION: false, NEW_TRIGGER: true, PARTITIONED: SINGLE_FUNC, VERIFICATION: true, CREATE_GRAPH: false",3172,204,312,-1,195222,198910,"[0, 1, 2, 3, 4, 5, 6, 7, 8, 9, 10, 11, 12, 13, 14, 15, 16, 17, 18, 19, 20, 21, 22, 23, 24, 25, 26, 27, 28, 29, 30, 31, 32, 33, 34, 35, 36, 37, 38, 39, 40, 41, 42, 43, 44, 45, 46, 47, 48, 49, 50, 51, 52, 53, 54, 55, 56, 57, 58, 59, 60, 61]","[0, 1, 2, 3, 4, 5, 6, 7, 8, 9, 10, 11, 12, 13, 14, 15, 16, 17, 18, 19, 20, 21, 22, 23, 24, 25, 26, 27, 28, 29, 30, 31, 32, 33, 34, 35, 36, 37, 38, 39, 40, 41, 42, 43, 44, 45, 46, 47, 48, 49, 50, 51, 52, 53, 54, 55, 56, 57, 58, 59, 60, 61]","[56, 57, 54, 55, 30, 0, 3, 5, 4, 1, 31, 32, 2, 35, 34, 44, 33, 14, 43, 13, 47, 46, 45, 42, 12, 15, 36, 39, 6, 9, 38, 8, 11, 10, 7, 37, 17, 16, 40, 48, 18, 21, 23, 51, 22, 28, 20, 19, 49, 41, 29, 52, 50, 24, 53, 27, 26, 25, 58, 60, 61, 59]","[57, 56, 55, 54, 5, 4, 2, 1, 32, 31, 3, 0, 30, 35, 34, 33, 44, 43, 47, 46, 45, 14, 13, 42, 17, 16, 12, 15, 38, 8, 11, 10, 7, 37, 9, 6, 36, 50, 51, 39, 49, 40, 41, 27, 29, 28, 48, 18, 52, 21, 20, 19, 53, 23, 22, 24, 25, 26, 60, 61, 59, 58]",284,288,6019,301181,NOT_IMPLEMENTED,NOT_IMPLEMENTED,NOT_IMPLEMENTED,NOT_IMPLEMENTED,NOT_IMPLEMENTED,NOT_IMPLEMENTED,NOT_IMPLEMENTED,21018.0,14,1501.2857142857147,-4338.5,,,,,0,0,0,0,,,,,,,,,,,,62,,,NOT_IMPLEMENTED,,false,22,"robotX0,robotX0',robotX1,robotX1',robotY1,robotY1',$COUNTER:0.Robot0PackagesWithoutVisitingBottomRight,$COUNTER:0.Robot0PackagesWithoutVisitingBottomRight',robotY0,robotY0',$COUNTER:1.Robot1PackagesWithoutVisitingBottomRight,$COUNTER:1.Robot1PackagesWithoutVisitingBottomRight'","package0X,package0X',package1Y,package1Y',elevatorY,elevatorY',package1X,package1X',package0Y,package0Y'",4,,,,,,2,2,0,0,130595527065600,68508550168576,81064793292668928,1152921504606846976,759982437118771200,66551239806025728,CUDD,"Using BDD Package: CUDDFactory, Version: CUDD 3.0","import ""DwyerPatternsNewReduced.spectra""",,0,0,false,true,[],[],,null
1670684411,NOTHING,1670684411.spectra,0,KIND_REALIZABILITY,SYS_REAL_KIND,"TEMP: false, SORT_AFTERWARDS: false, GROUP_OPTION: NO_GROUPING, INCREMENTAL_ADDITION: NO_INCREMENTAL, USE_RABIN: false, GROUP_AUX: NO_GROUPING, STATIC_ORDER: NO_STATIC_ORDERING, ROY_SIFT_MARKER: false, MAKE_LAST: false, MEMORYLESS: false, REORDER_METHOD: SIFT, NEW_PATTERN: false, INCREMENTAL_JUSTICES: NO_INCREMENTAL, REDUCED_ALGORITHM: FALSE, PARALLEL: false, ORIGINAL: false, BUCHI_INTERSECTION: false, NEW_TRIGGER: false, PARTITIONED: SINGLE_FUNC, VERIFICATION: true, CREATE_GRAPH: false",3109,16,205,-1,136522,139852,"[0, 1, 2, 3, 4, 5, 6, 7, 8, 9, 10, 11, 12, 13, 14, 15, 16, 17, 18, 19, 20, 21, 22, 23, 24, 25, 26, 27, 28, 29, 30, 31, 32, 33, 34, 35, 36, 37, 38, 39, 40, 41, 42, 43, 44, 45, 46, 47, 48, 49, 50, 51, 52, 53, 54, 55, 56, 57, 58, 59, 60, 61, 62, 63, 64, 65]","[0, 1, 2, 3, 4, 5, 6, 7, 8, 9, 10, 11, 12, 13, 14, 15, 16, 17, 18, 19, 20, 21, 22, 23, 24, 25, 26, 27, 28, 29, 30, 31, 32, 33, 34, 35, 36, 37, 38, 39, 40, 41, 42, 43, 44, 45, 46, 47, 48, 49, 50, 51, 52, 53, 54, 55, 56, 57, 58, 59, 60, 61, 62, 63, 64, 65]","[5, 34, 35, 47, 3, 30, 2, 0, 4, 1, 32, 31, 46, 33, 42, 43, 45, 6, 36, 39, 9, 10, 7, 11, 8, 44, 12, 13, 14, 15, 16, 17, 24, 48, 51, 27, 37, 38, 18, 21, 22, 41, 19, 49, 23, 25, 26, 50, 40, 28, 29, 52, 53, 20, 54, 55, 56, 57, 58, 59, 60, 61, 62, 63, 64, 65]","[8, 11, 10, 7, 9, 38, 6, 37, 2, 5, 4, 1, 3, 41, 40, 0, 39, 50, 49, 36, 32, 31, 35, 34, 30, 33, 53, 52, 48, 51, 26, 25, 24, 27, 28, 29, 44, 46, 43, 45, 42, 19, 18, 47, 22, 14, 13, 12, 21, 20, 23, 16, 15, 17, 54, 55, 56, 57, 58, 59, 60, 61, 62, 63, 65, 64]",2765,2765,7069,159375,NOT_IMPLEMENTED,NOT_IMPLEMENTED,NOT_IMPLEMENTED,NOT_IMPLEMENTED,NOT_IMPLEMENTED,NOT_IMPLEMENTED,NOT_IMPLEMENTED,13103.0,11,1191.1818181818182,-15843.181818181816,,,,,1,0,136507,0,,,,,,,,,,,,66,,,NOT_IMPLEMENTED,,false,22,"$TRIGGER:0.VAR,robotY0,robotY0',$TRIGGER:0.VAR',robotX0,robotX0',robotY1,robotY1',$TRIGGER:1.VAR,robotX1,robotX1',$TRIGGER:1.VAR'","lambX1,lambX1',lambY1,lambY1',elevatorY,elevatorY',lambX0,lambX0',lambY0,lambY0'",0,,,,,,4,2,65965343079292469248,1061567550220926976,722364006400000,233246923161600,56240952146602754048,18446744073709551616,8444249301319680000,10133099161583616,CUDD,"Using BDD Package: CUDDFactory, Version: CUDD 3.0","import ""DwyerPatternsNew.spectra""",,0,2,false,false,[],[],,null
1670684411,FINAL,1670684411.spectra,0,KIND_REALIZABILITY,SYS_REAL_KIND,"TEMP: false, SORT_AFTERWARDS: false, GROUP_OPTION: NO_GROUPING, INCREMENTAL_ADDITION: NO_INCREMENTAL, USE_RABIN: false, GROUP_AUX: GROUP_PAIR, STATIC_ORDER: REVERSE_CUTHILL, ROY_SIFT_MARKER: false, MAKE_LAST: false, MEMORYLESS: true, REORDER_METHOD: SIFT, NEW_PATTERN: true, INCREMENTAL_JUSTICES: INCREMENTAL_GRAPH, REDUCED_ALGORITHM: FALSE, PARALLEL: false, ORIGINAL: false, BUCHI_INTERSECTION: false, NEW_TRIGGER: true, PARTITIONED: SINGLE_FUNC, VERIFICATION: true, CREATE_GRAPH: false",2859,125,250,-1,89487,92721,"[0, 1, 2, 3, 4, 5, 6, 7, 8, 9, 10, 11, 12, 13, 14, 15, 16, 17, 18, 19, 20, 21, 22, 23, 24, 25, 26, 27, 28, 29, 30, 31, 32, 33, 34, 35, 36, 37, 38, 39, 40, 41, 42, 43, 44, 45, 46, 47, 48, 49, 50, 51, 52, 53, 54, 55, 56, 57, 58, 59, 60, 61]","[54, 55, 56, 57, 3, 4, 5, 9, 10, 11, 6, 7, 8, 0, 1, 2, 39, 40, 41, 27, 28, 29, 36, 37, 38, 32, 30, 31, 33, 34, 35, 24, 25, 26, 51, 52, 53, 45, 46, 47, 16, 17, 15, 21, 22, 23, 48, 49, 50, 42, 43, 44, 18, 19, 20, 12, 13, 14, 58, 59, 60, 61]","[11, 9, 6, 10, 7, 8, 37, 38, 36, 5, 3, 0, 4, 1, 2, 30, 31, 32, 54, 56, 55, 57, 39, 48, 35, 34, 51, 47, 46, 33, 24, 27, 45, 25, 26, 42, 43, 40, 41, 28, 29, 53, 44, 12, 13, 15, 16, 14, 17, 52, 18, 21, 22, 19, 23, 20, 49, 50, 58, 59, 61, 60]","[8, 11, 9, 6, 10, 7, 37, 38, 54, 56, 57, 55, 41, 40, 39, 26, 25, 2, 5, 3, 0, 4, 1, 36, 50, 49, 48, 32, 31, 30, 35, 34, 51, 33, 53, 52, 24, 28, 29, 27, 47, 46, 45, 43, 22, 21, 44, 42, 18, 13, 12, 16, 15, 14, 17, 23, 19, 20, 58, 59, 60, 61]",2718,7147,7906,124317,NOT_IMPLEMENTED,NOT_IMPLEMENTED,NOT_IMPLEMENTED,NOT_IMPLEMENTED,NOT_IMPLEMENTED,NOT_IMPLEMENTED,NOT_IMPLEMENTED,5398.0,10,539.7999999999998,-6771.5,,,,,1,0,89471,0,,,,,,,,,,,,62,,,NOT_IMPLEMENTED,,false,22,"robotY1,robotY1',robotY0,robotY0',robotX1,robotX1',$TRIGGER:1.VAR',$TRIGGER:1.VAR,$TRIGGER:0.VAR',$TRIGGER:0.VAR,robotX0,robotX0'","lambX0,lambX0',lambY1,lambY1',lambX1,lambX1',elevatorY,elevatorY',lambY0,lambY0'",0,,,,,,4,2,4239574458538393600,265391887555231744,45147750400000,148428681641984,6973824022983213056,1152921504606846976,527765581332480000,2533274790395904,CUDD,"Using BDD Package: CUDDFactory, Version: CUDD 3.0","import ""DwyerPatternsNewReduced.spectra""",,0,2,false,false,[],"[REMOVED_HOLE, REMOVED_HOLE]",,null
1671287924,NOTHING,1671287924.spectra,0,KIND_REALIZABILITY,SYS_UNREAL_KIND,"TEMP: false, SORT_AFTERWARDS: false, GROUP_OPTION: NO_GROUPING, INCREMENTAL_ADDITION: NO_INCREMENTAL, USE_RABIN: false, GROUP_AUX: NO_GROUPING, STATIC_ORDER: NO_STATIC_ORDERING, ROY_SIFT_MARKER: false, MAKE_LAST: false, MEMORYLESS: false, REORDER_METHOD: SIFT, NEW_PATTERN: false, INCREMENTAL_JUSTICES: NO_INCREMENTAL, REDUCED_ALGORITHM: FALSE, PARALLEL: false, ORIGINAL: false, BUCHI_INTERSECTION: false, NEW_TRIGGER: false, PARTITIONED: SINGLE_FUNC, VERIFICATION: true, CREATE_GRAPH: false",2922,16,468,-1,59814,63220,"[0, 1, 2, 3, 4, 5, 6, 7, 8, 9, 10, 11, 12, 13, 14, 15, 16, 17, 18, 19, 20, 21, 22, 23, 24, 25, 26, 27, 28, 29, 30, 31, 32, 33, 34, 35, 36, 37, 38, 39, 40, 41, 42, 43, 44, 45, 46, 47, 48, 49, 50, 51, 52, 53, 54, 55, 56, 57, 58, 59, 60, 61, 62, 63]","[0, 1, 2, 3, 4, 5, 6, 7, 8, 9, 10, 11, 12, 13, 14, 15, 16, 17, 18, 19, 20, 21, 22, 23, 24, 25, 26, 27, 28, 29, 30, 31, 32, 33, 34, 35, 36, 37, 38, 39, 40, 41, 42, 43, 44, 45, 46, 47, 48, 49, 50, 51, 52, 53, 54, 55, 56, 57, 58, 59, 60, 61, 62, 63]","[57, 59, 58, 56, 37, 5, 36, 4, 34, 2, 32, 0, 1, 33, 48, 35, 3, 49, 63, 62, 60, 61, 16, 17, 47, 15, 45, 13, 44, 12, 14, 46, 38, 6, 9, 41, 43, 11, 10, 42, 24, 8, 7, 40, 39, 31, 30, 27, 29, 28, 50, 18, 21, 53, 55, 26, 25, 23, 22, 54, 51, 20, 19, 52]","[57, 59, 58, 56, 5, 2, 34, 33, 1, 4, 37, 36, 3, 0, 32, 35, 49, 48, 46, 45, 47, 14, 13, 44, 17, 12, 16, 15, 63, 61, 60, 62, 6, 38, 9, 41, 11, 43, 10, 24, 8, 7, 39, 42, 27, 28, 29, 30, 31, 40, 26, 25, 50, 54, 55, 22, 23, 21, 53, 51, 52, 18, 19, 20]",286,286,27504,65422,NOT_IMPLEMENTED,NOT_IMPLEMENTED,NOT_IMPLEMENTED,NOT_IMPLEMENTED,NOT_IMPLEMENTED,NOT_IMPLEMENTED,NOT_IMPLEMENTED,6050.0,14,432.14285714285705,-3658.7857142857147,,,,,0,0,0,0,,,,,,,,,,,,64,,,NOT_IMPLEMENTED,,false,24,"robotY0,robotY0',$COUNTER:1.r1Count,$COUNTER:1.r1Count',robotX0,robotX0',$COUNTER:0.r0Count,$COUNTER:0.r0Count',robotY1,robotY1',robotX1,robotX1'","p0X,p0X',p0Y,p0Y',p1Y,p1Y',elvY,elvY',goUp,goUp',p1X,p1X'",4,,,,,,6,2,0,0,124700590080000,479951686467584,1333065489701666816,4611686018427387904,2111062325329920000,5981343255101440,CUDD,"Using BDD Package: CUDDFactory, Version: CUDD 3.0","import ""DwyerPatternsNew.spectra""",,0,0,false,true,[],[],,null
1671287924,FINAL,1671287924.spectra,0,KIND_REALIZABILITY,SYS_UNREAL_KIND,"TEMP: false, SORT_AFTERWARDS: false, GROUP_OPTION: NO_GROUPING, INCREMENTAL_ADDITION: NO_INCREMENTAL, USE_RABIN: false, GROUP_AUX: GROUP_PAIR, STATIC_ORDER: REVERSE_CUTHILL, ROY_SIFT_MARKER: false, MAKE_LAST: false, MEMORYLESS: true, REORDER_METHOD: SIFT, NEW_PATTERN: true, INCREMENTAL_JUSTICES: INCREMENTAL_GRAPH, REDUCED_ALGORITHM: FALSE, PARALLEL: false, ORIGINAL: false, BUCHI_INTERSECTION: false, NEW_TRIGGER: true, PARTITIONED: SINGLE_FUNC, VERIFICATION: true, CREATE_GRAPH: false",3125,109,1016,-1,20891,25141,"[0, 1, 2, 3, 4, 5, 6, 7, 8, 9, 10, 11, 12, 13, 14, 15, 16, 17, 18, 19, 20, 21, 22, 23, 24, 25, 26, 27, 28, 29, 30, 31, 32, 33, 34, 35, 36, 37, 38, 39, 40, 41, 42, 43, 44, 45, 46, 47, 48, 49, 50, 51, 52, 53, 54, 55, 56, 57, 58, 59, 60, 61, 62, 63]","[0, 1, 2, 3, 4, 5, 6, 7, 8, 9, 10, 11, 12, 13, 14, 15, 16, 17, 18, 19, 20, 21, 22, 23, 24, 25, 26, 27, 28, 29, 30, 31, 32, 33, 34, 35, 36, 37, 38, 39, 40, 41, 42, 43, 44, 45, 46, 47, 48, 49, 50, 51, 52, 53, 54, 55, 56, 57, 58, 59, 60, 61, 62, 63]","[59, 57, 58, 56, 36, 4, 37, 5, 34, 2, 1, 33, 32, 0, 48, 35, 3, 49, 47, 41, 30, 31, 27, 24, 38, 6, 9, 25, 39, 7, 8, 40, 10, 11, 42, 43, 44, 26, 28, 29, 45, 46, 12, 13, 14, 52, 50, 18, 15, 17, 16, 20, 51, 19, 21, 53, 55, 54, 22, 23, 62, 63, 60, 61]","[57, 59, 58, 56, 2, 5, 4, 1, 3, 0, 38, 6, 41, 9, 8, 40, 7, 11, 39, 10, 34, 33, 32, 43, 42, 37, 49, 36, 35, 48, 53, 27, 50, 46, 47, 52, 51, 24, 31, 30, 28, 29, 26, 25, 45, 14, 44, 13, 12, 16, 15, 17, 18, 23, 21, 22, 20, 19, 54, 55, 62, 63, 60, 61]",286,290,10456,51646,NOT_IMPLEMENTED,NOT_IMPLEMENTED,NOT_IMPLEMENTED,NOT_IMPLEMENTED,NOT_IMPLEMENTED,NOT_IMPLEMENTED,NOT_IMPLEMENTED,5650.0,17,332.3529411764705,-5655.764705882353,,,,,0,0,0,0,,,,,,,,,,,,64,,,NOT_IMPLEMENTED,,false,24,"$COUNTER:0.r0Count,$COUNTER:0.r0Count',$COUNTER:1.r1Count,$COUNTER:1.r1Count',robotX1,robotX1',robotX0,robotX0',robotY0,robotY0',robotY1,robotY1'","p0X,p0X',goUp,goUp',p1Y,p1Y',p0Y,p0Y',p1X,p1X',elvY,elvY'",4,,,,,,6,2,0,0,124700590080000,479951686467584,1333065489701666816,4611686018427387904,2111062325329920000,5981343255101440,CUDD,"Using BDD Package: CUDDFactory, Version: CUDD 3.0","import ""DwyerPatternsNewReduced.spectra""",,0,0,false,true,[],[],,null
1671315675,NOTHING,1671315675.spectra,0,KIND_REALIZABILITY,SYS_REAL_KIND,"TEMP: false, SORT_AFTERWARDS: false, GROUP_OPTION: NO_GROUPING, INCREMENTAL_ADDITION: NO_INCREMENTAL, USE_RABIN: false, GROUP_AUX: NO_GROUPING, STATIC_ORDER: NO_STATIC_ORDERING, ROY_SIFT_MARKER: false, MAKE_LAST: false, MEMORYLESS: false, REORDER_METHOD: SIFT, NEW_PATTERN: false, INCREMENTAL_JUSTICES: NO_INCREMENTAL, REDUCED_ALGORITHM: FALSE, PARALLEL: false, ORIGINAL: false, BUCHI_INTERSECTION: false, NEW_TRIGGER: false, PARTITIONED: SINGLE_FUNC, VERIFICATION: true, CREATE_GRAPH: false",3438,17,295,-1,460697,464447,"[0, 1, 2, 3, 4, 5, 6, 7, 8, 9, 10, 11, 12, 13, 14, 15, 16, 17, 18, 19, 20, 21, 22, 23, 24, 25, 26, 27, 28, 29, 30, 31, 32, 33, 34, 35, 36, 37, 38, 39, 40, 41, 42, 43, 44, 45, 46, 47, 48, 49, 50, 51, 52, 53, 54, 55, 56, 57, 58, 59, 60, 61, 62, 63]","[0, 1, 2, 3, 4, 5, 6, 7, 8, 9, 10, 11, 12, 13, 14, 15, 16, 17, 18, 19, 20, 21, 22, 23, 24, 25, 26, 27, 28, 29, 30, 31, 32, 33, 34, 35, 36, 37, 38, 39, 40, 41, 42, 43, 44, 45, 46, 47, 48, 49, 50, 51, 52, 53, 54, 55, 56, 57, 58, 59, 60, 61, 62, 63]","[57, 55, 56, 54, 30, 0, 3, 5, 4, 1, 31, 2, 32, 35, 34, 44, 33, 43, 13, 14, 47, 46, 45, 17, 16, 15, 42, 12, 36, 6, 39, 9, 11, 38, 8, 10, 7, 37, 40, 41, 27, 48, 18, 21, 23, 22, 51, 50, 52, 49, 19, 20, 24, 53, 29, 26, 25, 28, 63, 60, 59, 58, 62, 61]","[55, 57, 56, 54, 4, 1, 5, 2, 3, 32, 31, 0, 35, 34, 41, 38, 8, 50, 30, 11, 9, 6, 10, 7, 36, 37, 40, 39, 53, 49, 33, 52, 51, 48, 47, 46, 26, 44, 43, 45, 14, 13, 12, 42, 17, 16, 15, 18, 21, 22, 23, 27, 28, 24, 25, 29, 19, 20, 63, 60, 59, 58, 62, 61]",305,305,5504,241508,NOT_IMPLEMENTED,NOT_IMPLEMENTED,NOT_IMPLEMENTED,NOT_IMPLEMENTED,NOT_IMPLEMENTED,NOT_IMPLEMENTED,NOT_IMPLEMENTED,75702.0,15,5046.799999999999,-46328.39999999999,,,,,1,0,460681,0,,,,,,,,,,,,64,,,NOT_IMPLEMENTED,,false,22,"robotY0,robotY0',robotY1,robotY1',robotX0,robotX0',$COUNTER:1.Robot1PackagesWithoutVisitingBottomRight,$COUNTER:1.Robot1PackagesWithoutVisitingBottomRight',$COUNTER:0.Robot0PackagesWithoutVisitingBottomRight,$COUNTER:0.Robot0PackagesWithoutVisitingBottomRight',robotX1,robotX1'","package1X,package1X',elevatorY,elevatorY',package0Y,package0Y',package1Y,package1Y',package0X,package0X'",4,,,,,,2,2,16622270643865387008,16622270643865387008,362765352960000,120940656721920,324259173170675712,4611686018427387904,2111062325329920000,3711951255371776,CUDD,"Using BDD Package: CUDDFactory, Version: CUDD 3.0","import ""DwyerPatternsNew.spectra""",,0,0,false,true,[],[],,null
1671315675,FINAL,1671315675.spectra,0,KIND_REALIZABILITY,SYS_REAL_KIND,"TEMP: false, SORT_AFTERWARDS: false, GROUP_OPTION: NO_GROUPING, INCREMENTAL_ADDITION: NO_INCREMENTAL, USE_RABIN: false, GROUP_AUX: GROUP_PAIR, STATIC_ORDER: REVERSE_CUTHILL, ROY_SIFT_MARKER: false, MAKE_LAST: false, MEMORYLESS: true, REORDER_METHOD: SIFT, NEW_PATTERN: true, INCREMENTAL_JUSTICES: INCREMENTAL_GRAPH, REDUCED_ALGORITHM: FALSE, PARALLEL: false, ORIGINAL: false, BUCHI_INTERSECTION: false, NEW_TRIGGER: true, PARTITIONED: SINGLE_FUNC, VERIFICATION: true, CREATE_GRAPH: false",3029,141,172,-1,195408,198750,"[0, 1, 2, 3, 4, 5, 6, 7, 8, 9, 10, 11, 12, 13, 14, 15, 16, 17, 18, 19, 20, 21, 22, 23, 24, 25, 26, 27, 28, 29, 30, 31, 32, 33, 34, 35, 36, 37, 38, 39, 40, 41, 42, 43, 44, 45, 46, 47, 48, 49, 50, 51, 52, 53, 54, 55, 56, 57, 58, 59, 60, 61, 62, 63]","[0, 1, 2, 3, 4, 5, 6, 7, 8, 9, 10, 11, 12, 13, 14, 15, 16, 17, 18, 19, 20, 21, 22, 23, 24, 25, 26, 27, 28, 29, 30, 31, 32, 33, 34, 35, 36, 37, 38, 39, 40, 41, 42, 43, 44, 45, 46, 47, 48, 49, 50, 51, 52, 53, 54, 55, 56, 57, 58, 59, 60, 61, 62, 63]","[63, 60, 62, 59, 61, 58, 57, 55, 56, 54, 35, 0, 3, 30, 5, 4, 1, 31, 2, 32, 34, 13, 43, 33, 47, 46, 45, 42, 12, 44, 39, 6, 36, 9, 11, 10, 7, 37, 8, 38, 15, 14, 16, 17, 40, 41, 48, 18, 21, 23, 22, 51, 49, 19, 20, 52, 50, 53, 29, 26, 25, 24, 28, 27]","[55, 57, 56, 54, 2, 5, 4, 1, 36, 6, 9, 11, 8, 38, 41, 10, 7, 37, 40, 39, 3, 0, 50, 32, 31, 49, 30, 34, 33, 48, 35, 51, 52, 53, 47, 27, 46, 29, 28, 26, 20, 44, 45, 43, 14, 13, 17, 16, 12, 42, 15, 18, 19, 21, 22, 23, 24, 25, 63, 60, 61, 62, 58, 59]",305,310,9824,205320,NOT_IMPLEMENTED,NOT_IMPLEMENTED,NOT_IMPLEMENTED,NOT_IMPLEMENTED,NOT_IMPLEMENTED,NOT_IMPLEMENTED,NOT_IMPLEMENTED,31633.0,15,2108.866666666666,-24253.466666666664,,,,,1,0,195392,0,,,,,,,,,,,,64,,,NOT_IMPLEMENTED,,false,22,"$COUNTER:0.Robot0PackagesWithoutVisitingBottomRight,$COUNTER:0.Robot0PackagesWithoutVisitingBottomRight',$COUNTER:1.Robot1PackagesWithoutVisitingBottomRight,$COUNTER:1.Robot1PackagesWithoutVisitingBottomRight',robotY0,robotY0',robotX0,robotX0',robotY1,robotY1',robotX1,robotX1'","package1X,package1X',elevatorY,elevatorY',package0Y,package0Y',package0X,package0X',package1Y,package1Y'",4,,,,,,2,2,16622270643865387008,16622270643865387008,362765352960000,120940656721920,324259173170675712,4611686018427387904,2111062325329920000,3711951255371776,CUDD,"Using BDD Package: CUDDFactory, Version: CUDD 3.0","import ""DwyerPatternsNewReduced.spectra""",,0,0,false,true,[],[],,null
1670876023,NOTHING,1670876023.spectra,1
