Spec,RunConfig,UniqueIdentifier,TIMEOUT,ActionType,Result,CONFIG_TXT,INITIAL_BDD_TIME,HEURISTICS_TIME,SECOND_STEP_TIME,PARALLEL_OVERHEAD_TIME,WORK_TIME,TOTAL_TIME,PRE_ROYBDD_ORDER,POST_HEURISTICS_ORDER,POST_SECOND_STEP_ORDER,POST_WORK_ORDER,PRE_ROYBDD_NODE_SIZE,POST_HEURISTICS_NODE_SIZE,POST_SECOND_STEP_NODE_SIZE,POST_WORK_NODE_SIZE,AVERAGE_AUX_SIZE,AVERAGE_SYS_DOM_IN_CONSTRAINT,AVERAGE_ENV_DOM_IN_CONSTRAINT,AVERAGE_SYS_DOM_SIZE,AVERAGE_ENV_DOM_SIZE,AVERAGE_CONSTRAINT_COMPLEXITY,INTERCONNECTNESS_INDEX,TOTAL_REORDER_TIME,REORDER_CALL_AMOUNT,AVERAGE_REORDER_TIME,AVERAGE_REORDER_GAIN,Z_FIXPOINTS,Y_FIXPOINTS,X_FIXPOINTS,W_FIXPOINTS,REAL_CASES,UNREAL_CASES,REAL_TIME,UNREAL_TIME,GRAPH_DATA,CLUSTER_INC_DATA,CLUSTER_VAR_DATA,DOMAIN_GRAPH_DATA,CONSTRAINT_GRAPH_DATA,JUST_STRING_COUNT,JUST_STRING_ENV_COUNT,TRANS_STRING_SYS_COUNT,TRANS_STRING_ENV_COUNT,INI_STRING_ENV_COUNT,INI_STRING_SYS_COUNT,TOTAL_VARS,SYS_VARS,ENV_VARS,AUX_VARS,UNUSED_CONS_VARS,ARRAYS_INSTANCES,TOTAL_DOMS,SYS_DOMS,ENV_DOMS,AUX_DOMS,DOMS_NOT_QUANTIFIED,INI_SYS_CONSTRAINTS,INI_ENV_CONSTRAINTS,TRANS_ENV_CONSTRAINTS,TRANS_SYS_CONSTRAINTS,JUSTICE_SYS_AMOUNT,JUSTICE_ENV_AMOUNT,Z_SAT_COUNT,Z_SAT_COUNT_START_S0,TRANS_ENV_SAT,TRANS_SYS_SAT,JUSTS_SYS_SAT,JUSTS_ENV_SAT,INI_ENV_SAT,INI_SYS_SAT,FACTORY_TYPE,BDDPACKAGE,IMPORT,UNIQUE_PATTERNS,PATTERN_INSTANCES,TRIGGER_INSTANCES,MONITORS_INSTANCES,COUNTERS_INSTANCES,REDUCED_PATTERN,REDUCED_TRIGGER,SWAPPED_TO_ORIGINAL,ADDITIONAL
1670358781,NOTHING,1670358781.spectra,0,KIND_REALIZABILITY,SYS_REAL_KIND,"TEMP: false, SORT_AFTERWARDS: false, GROUP_OPTION: NO_GROUPING, INCREMENTAL_ADDITION: NO_INCREMENTAL, USE_RABIN: false, GROUP_AUX: NO_GROUPING, STATIC_ORDER: NO_STATIC_ORDERING, ROY_SIFT_MARKER: false, MAKE_LAST: false, MEMORYLESS: false, REORDER_METHOD: SIFT, NEW_PATTERN: false, INCREMENTAL_JUSTICES: NO_INCREMENTAL, REDUCED_ALGORITHM: FALSE, PARALLEL: false, ORIGINAL: false, BUCHI_INTERSECTION: false, NEW_TRIGGER: false, PARTITIONED: SINGLE_FUNC, VERIFICATION: true, CREATE_GRAPH: false",2026,13,518,-1,473905,476462,"[0, 1, 2, 3, 4, 5, 6, 7, 8, 9, 10, 11, 12, 13, 14, 15, 16, 17, 18, 19, 20, 21, 22, 23, 24, 25, 26, 27, 28, 29, 30, 31, 32, 33, 34, 35, 36, 37, 38, 39, 40, 41, 42, 43, 44, 45, 46, 47, 48, 49, 50, 51, 52, 53, 54, 55, 56, 57, 58, 59, 60, 61, 62, 63, 64, 65, 66, 67, 68, 69, 70, 71, 72, 73, 74, 75, 76, 77, 78, 79, 80, 81]","[0, 1, 2, 3, 4, 5, 6, 7, 8, 9, 10, 11, 12, 13, 14, 15, 16, 17, 18, 19, 20, 21, 22, 23, 24, 25, 26, 27, 28, 29, 30, 31, 32, 33, 34, 35, 36, 37, 38, 39, 40, 41, 42, 43, 44, 45, 46, 47, 48, 49, 50, 51, 52, 53, 54, 55, 56, 57, 58, 59, 60, 61, 62, 63, 64, 65, 66, 67, 68, 69, 70, 71, 72, 73, 74, 75, 76, 77, 78, 79, 80, 81]","[55, 53, 52, 49, 48, 0, 3, 56, 2, 5, 1, 4, 58, 61, 17, 51, 50, 14, 12, 15, 26, 29, 24, 27, 57, 8, 11, 6, 9, 13, 16, 25, 28, 10, 64, 7, 63, 62, 34, 19, 30, 18, 20, 22, 21, 23, 31, 32, 33, 35, 60, 59, 66, 65, 45, 46, 69, 68, 70, 71, 43, 42, 37, 38, 36, 39, 40, 41, 44, 47, 67, 73, 72, 54, 74, 75, 81, 78, 77, 76, 79, 80]","[2, 5, 0, 3, 17, 14, 16, 13, 1, 4, 8, 11, 7, 10, 6, 9, 28, 29, 58, 26, 25, 57, 56, 24, 27, 12, 15, 61, 60, 59, 64, 23, 35, 63, 66, 62, 48, 49, 33, 21, 34, 53, 22, 51, 52, 50, 31, 19, 30, 32, 18, 20, 65, 67, 43, 46, 45, 42, 47, 44, 39, 40, 41, 37, 36, 38, 55, 69, 68, 70, 71, 73, 72, 54, 75, 74, 81, 78, 77, 76, 80, 79]",375,375,16201,731845,NOT_IMPLEMENTED,NOT_IMPLEMENTED,NOT_IMPLEMENTED,NOT_IMPLEMENTED,NOT_IMPLEMENTED,NOT_IMPLEMENTED,NOT_IMPLEMENTED,264093.0,21,12575.857142857145,-134849.19047619044,,,,,1,0,473890,0,,,,,,,,,,,,82,,,NOT_IMPLEMENTED,,false,34,"$COUNTER:0.chargeCounter,$COUNTER:0.chargeCounter',$PATTERN:0.SYS_CONSTRAINT.0.P_becomes_true_After_Q.state,$PATTERN:0.SYS_CONSTRAINT.0.P_becomes_true_After_Q.state',robotY,robotY',robotX,robotX',$PATTERN:1.SYS_CONSTRAINT.1.P_becomes_true_After_Q.state,$PATTERN:1.SYS_CONSTRAINT.1.P_becomes_true_After_Q.state'","BlockedB,BlockedB',C_Y,C_Y',A_Y,A_Y',B_Y,B_Y',BlockedA,BlockedA',robotLostPower,robotLostPower',movingObstcle_Y,movingObstcle_Y',C_X,C_X',movingObstcle_X,movingObstcle_X',BlockedC,BlockedC',A_X,A_X',B_X,B_X'",2,,,,,,5,5,4799796265546468456136704,300249761116451497836544,6264194366177280,404736246711972790272,4924247650012322546581504,7404670645139603695075328,1411175921638780698624,581072438321850875904,CUDD,"Using BDD Package: CUDDFactory, Version: CUDD 3.0","import ""DwyerPatternsNew.spectra""",P_becomes_true_After_Q,2,0,false,true,[],[],,null
1670358781,FINAL,1670358781.spectra,0,KIND_REALIZABILITY,SYS_REAL_KIND,"TEMP: false, SORT_AFTERWARDS: false, GROUP_OPTION: NO_GROUPING, INCREMENTAL_ADDITION: NO_INCREMENTAL, USE_RABIN: false, GROUP_AUX: GROUP_PAIR, STATIC_ORDER: REVERSE_CUTHILL, ROY_SIFT_MARKER: false, MAKE_LAST: false, MEMORYLESS: true, REORDER_METHOD: SIFT, NEW_PATTERN: true, INCREMENTAL_JUSTICES: INCREMENTAL_GRAPH, REDUCED_ALGORITHM: FALSE, PARALLEL: false, ORIGINAL: false, BUCHI_INTERSECTION: false, NEW_TRIGGER: true, PARTITIONED: SINGLE_FUNC, VERIFICATION: true, CREATE_GRAPH: false",2047,94,375,-1,470715,473231,"[0, 1, 2, 3, 4, 5, 6, 7, 8, 9, 10, 11, 12, 13, 14, 15, 16, 17, 18, 19, 20, 21, 22, 23, 24, 25, 26, 27, 28, 29, 30, 31, 32, 33, 34, 35, 36, 37, 38, 39, 40, 41, 42, 43, 44, 45, 46, 47, 48, 49, 50, 51, 52, 53, 54, 55, 56, 57, 58, 59, 60, 61, 62, 63, 64, 65, 66, 67, 68, 69, 70, 71, 72, 73, 74, 75, 76, 77, 78, 79, 80, 81]","[0, 1, 2, 3, 4, 5, 6, 7, 8, 9, 10, 11, 12, 13, 14, 15, 16, 17, 18, 19, 20, 21, 22, 23, 24, 25, 26, 27, 28, 29, 30, 31, 32, 33, 34, 35, 36, 37, 38, 39, 40, 41, 42, 43, 44, 45, 46, 47, 48, 49, 50, 51, 52, 53, 54, 55, 56, 57, 58, 59, 60, 61, 62, 63, 64, 65, 66, 67, 68, 69, 70, 71, 72, 73, 74, 75, 76, 77, 78, 79, 80, 81]","[54, 68, 69, 71, 70, 55, 76, 77, 78, 81, 80, 79, 72, 73, 75, 74, 60, 59, 53, 52, 49, 48, 2, 5, 0, 3, 1, 4, 51, 50, 61, 58, 14, 17, 16, 13, 57, 26, 29, 8, 11, 9, 6, 15, 12, 56, 27, 24, 28, 25, 7, 10, 64, 62, 63, 67, 66, 65, 21, 31, 30, 22, 32, 23, 18, 19, 20, 33, 34, 35, 38, 37, 36, 39, 40, 41, 44, 42, 43, 47, 45, 46]","[54, 72, 73, 74, 75, 55, 79, 76, 80, 81, 77, 78, 69, 68, 71, 70, 2, 5, 1, 58, 57, 4, 26, 25, 29, 28, 56, 0, 3, 24, 14, 13, 12, 16, 61, 60, 64, 8, 48, 7, 63, 6, 62, 11, 10, 59, 49, 9, 15, 27, 34, 53, 33, 35, 22, 52, 21, 17, 51, 50, 23, 18, 30, 31, 32, 19, 20, 66, 67, 65, 41, 40, 39, 37, 36, 38, 43, 42, 44, 46, 45, 47]",375,382,19335,427040,NOT_IMPLEMENTED,NOT_IMPLEMENTED,NOT_IMPLEMENTED,NOT_IMPLEMENTED,NOT_IMPLEMENTED,NOT_IMPLEMENTED,NOT_IMPLEMENTED,264078.0,20,13203.900000000003,-61072.79999999999,,,,,1,0,470700,0,,,,,,,,,,,,82,,,NOT_IMPLEMENTED,,false,34,"$COUNTER:0.chargeCounter,$COUNTER:0.chargeCounter',$PATTERN:1.SYS_CONSTRAINT.1.P_becomes_true_After_Q.state,$PATTERN:1.SYS_CONSTRAINT.1.P_becomes_true_After_Q.state',robotX,robotX',$PATTERN:0.SYS_CONSTRAINT.0.P_becomes_true_After_Q.state,$PATTERN:0.SYS_CONSTRAINT.0.P_becomes_true_After_Q.state',robotY,robotY'","B_X,B_X',C_X,C_X',BlockedC,BlockedC',movingObstcle_X,movingObstcle_X',A_X,A_X',BlockedB,BlockedB',movingObstcle_Y,movingObstcle_Y',C_Y,C_Y',B_Y,B_Y',A_Y,A_Y',BlockedA,BlockedA',robotLostPower,robotLostPower'",2,,,,,,5,5,4799796265546468456136704,300249761116451497836544,6264194366177280,404736246711972790272,4924247650012322546581504,7404670645139603695075328,1411175921638780698624,581072438321850875904,CUDD,"Using BDD Package: CUDDFactory, Version: CUDD 3.0","import ""DwyerPatternsNewReduced.spectra""",P_becomes_true_After_Q,2,0,false,true,[],[],,null
1670525188,NOTHING,1670525188.spectra,0,KIND_REALIZABILITY,SYS_REAL_KIND,"TEMP: false, SORT_AFTERWARDS: false, GROUP_OPTION: NO_GROUPING, INCREMENTAL_ADDITION: NO_INCREMENTAL, USE_RABIN: false, GROUP_AUX: NO_GROUPING, STATIC_ORDER: NO_STATIC_ORDERING, ROY_SIFT_MARKER: false, MAKE_LAST: false, MEMORYLESS: false, REORDER_METHOD: SIFT, NEW_PATTERN: false, INCREMENTAL_JUSTICES: NO_INCREMENTAL, REDUCED_ALGORITHM: FALSE, PARALLEL: false, ORIGINAL: false, BUCHI_INTERSECTION: false, NEW_TRIGGER: false, PARTITIONED: SINGLE_FUNC, VERIFICATION: true, CREATE_GRAPH: false",3094,16,94,-1,163377,166581,"[0, 1, 2, 3, 4, 5, 6, 7, 8, 9, 10, 11, 12, 13, 14, 15, 16, 17, 18, 19, 20, 21, 22, 23, 24, 25, 26, 27, 28, 29, 30, 31, 32, 33, 34, 35, 36, 37, 38, 39, 40, 41, 42, 43, 44, 45, 46, 47, 48, 49, 50, 51, 52, 53, 54, 55, 56, 57, 58, 59, 60, 61]","[0, 1, 2, 3, 4, 5, 6, 7, 8, 9, 10, 11, 12, 13, 14, 15, 16, 17, 18, 19, 20, 21, 22, 23, 24, 25, 26, 27, 28, 29, 30, 31, 32, 33, 34, 35, 36, 37, 38, 39, 40, 41, 42, 43, 44, 45, 46, 47, 48, 49, 50, 51, 52, 53, 54, 55, 56, 57, 58, 59, 60, 61]","[61, 60, 42, 2, 5, 53, 3, 50, 0, 1, 4, 49, 52, 48, 43, 44, 6, 51, 9, 8, 11, 7, 10, 45, 12, 15, 46, 14, 17, 13, 16, 47, 59, 56, 58, 55, 22, 19, 23, 20, 21, 57, 18, 54, 24, 35, 33, 30, 32, 34, 31, 29, 27, 28, 40, 39, 41, 26, 25, 37, 36, 38]","[5, 2, 4, 1, 3, 50, 49, 0, 53, 52, 8, 11, 7, 46, 60, 44, 42, 10, 14, 17, 13, 16, 12, 15, 20, 23, 22, 19, 21, 18, 6, 9, 51, 48, 59, 58, 43, 29, 28, 45, 27, 31, 47, 30, 25, 24, 26, 32, 55, 57, 33, 34, 35, 39, 40, 41, 54, 61, 56, 37, 36, 38]",281,281,6982,428989,NOT_IMPLEMENTED,NOT_IMPLEMENTED,NOT_IMPLEMENTED,NOT_IMPLEMENTED,NOT_IMPLEMENTED,NOT_IMPLEMENTED,NOT_IMPLEMENTED,70309.0,11,6391.727272727273,-10495.727272727274,,,,,1,0,163361,0,,,,,,,,,,,,62,,,NOT_IMPLEMENTED,,true,26,"robotX,robotX',$PRIMED_JUSTICE_0,$PRIMED_JUSTICE_0',robotY,robotY'","goalsX[2],goalsX[2]',redGoals[2],redGoals[2]',goalsY[1],goalsY[1]',goalsX[0],goalsX[0]',redGoals[0],redGoals[0]',movingObstacleX,movingObstacleX',redGoals[1],redGoals[1]',goalsY[0],goalsY[0]',goalsX[1],goalsX[1]',goalsY[2],goalsY[2]'",2,,,,,,3,4,4469268338865864704,4469268338865864704,394167091200,68732328083456000,84442493013196800,9155818042444218368,75206595339878400,681824694587883520,CUDD,"Using BDD Package: CUDDFactory, Version: CUDD 3.0","import ""DwyerPatternsNew.spectra""",,0,0,false,false,[],[],,null
1670525188,FINAL,1670525188.spectra,0,KIND_REALIZABILITY,SYS_REAL_KIND,"TEMP: false, SORT_AFTERWARDS: false, GROUP_OPTION: NO_GROUPING, INCREMENTAL_ADDITION: NO_INCREMENTAL, USE_RABIN: false, GROUP_AUX: GROUP_PAIR, STATIC_ORDER: REVERSE_CUTHILL, ROY_SIFT_MARKER: false, MAKE_LAST: false, MEMORYLESS: true, REORDER_METHOD: SIFT, NEW_PATTERN: true, INCREMENTAL_JUSTICES: INCREMENTAL_GRAPH, REDUCED_ALGORITHM: FALSE, PARALLEL: false, ORIGINAL: false, BUCHI_INTERSECTION: false, NEW_TRIGGER: true, PARTITIONED: SINGLE_FUNC, VERIFICATION: true, CREATE_GRAPH: false",3673,140,281,-1,135815,139909,"[0, 1, 2, 3, 4, 5, 6, 7, 8, 9, 10, 11, 12, 13, 14, 15, 16, 17, 18, 19, 20, 21, 22, 23, 24, 25, 26, 27, 28, 29, 30, 31, 32, 33, 34, 35, 36, 37, 38, 39, 40, 41, 42, 43, 44, 45, 46, 47, 48, 49, 50, 51, 52, 53, 54, 55, 56, 57, 58, 59, 60, 61]","[60, 46, 44, 42, 24, 25, 26, 6, 7, 8, 18, 19, 20, 0, 1, 2, 32, 30, 31, 12, 13, 14, 61, 47, 45, 43, 33, 34, 35, 27, 28, 29, 21, 22, 23, 16, 17, 15, 9, 10, 11, 3, 4, 5, 36, 37, 38, 54, 55, 56, 48, 49, 50, 39, 40, 41, 57, 58, 59, 51, 52, 53]","[59, 57, 29, 60, 44, 26, 24, 27, 45, 56, 58, 28, 54, 25, 55, 21, 42, 18, 20, 23, 19, 22, 43, 30, 33, 32, 35, 31, 46, 34, 47, 50, 52, 11, 8, 9, 6, 10, 51, 7, 49, 48, 14, 17, 12, 15, 13, 16, 5, 4, 1, 2, 0, 3, 53, 61, 41, 38, 40, 37, 36, 39]","[60, 44, 26, 29, 28, 25, 56, 55, 42, 46, 20, 23, 19, 22, 32, 35, 30, 33, 31, 24, 27, 34, 59, 58, 54, 18, 21, 8, 11, 9, 6, 10, 7, 57, 53, 5, 2, 1, 4, 43, 17, 3, 52, 45, 16, 15, 47, 0, 51, 13, 39, 40, 41, 12, 14, 48, 49, 61, 50, 37, 38, 36]",281,282,5162,319013,NOT_IMPLEMENTED,NOT_IMPLEMENTED,NOT_IMPLEMENTED,NOT_IMPLEMENTED,NOT_IMPLEMENTED,NOT_IMPLEMENTED,NOT_IMPLEMENTED,56953.0,14,4068.071428571429,-8903.57142857143,,,,,1,0,135783,0,,,,,,,,,,,,62,,,NOT_IMPLEMENTED,,true,26,"$PRIMED_JUSTICE_0,$PRIMED_JUSTICE_0',robotY,robotY',robotX,robotX'","goalsY[2],goalsY[2]',goalsX[0],goalsX[0]',redGoals[1],redGoals[1]',redGoals[0],redGoals[0]',goalsX[1],goalsX[1]',goalsY[1],goalsY[1]',movingObstacleX,movingObstacleX',goalsX[2],goalsX[2]',goalsY[0],goalsY[0]',redGoals[2],redGoals[2]'",2,,,,,,3,4,4469268338865864704,4469268338865864704,394167091200,68732328083456000,84442493013196800,9155818042444218368,75206595339878400,681824694587883520,CUDD,"Using BDD Package: CUDDFactory, Version: CUDD 3.0","import ""DwyerPatternsNewReduced.spectra""",,0,0,false,false,[],[],,null
1670431111,NOTHING,1670431111.spectra,0,KIND_REALIZABILITY,SYS_UNREAL_KIND,"TEMP: false, SORT_AFTERWARDS: false, GROUP_OPTION: NO_GROUPING, INCREMENTAL_ADDITION: NO_INCREMENTAL, USE_RABIN: false, GROUP_AUX: NO_GROUPING, STATIC_ORDER: NO_STATIC_ORDERING, ROY_SIFT_MARKER: false, MAKE_LAST: false, MEMORYLESS: false, REORDER_METHOD: SIFT, NEW_PATTERN: false, INCREMENTAL_JUSTICES: NO_INCREMENTAL, REDUCED_ALGORITHM: FALSE, PARALLEL: false, ORIGINAL: false, BUCHI_INTERSECTION: false, NEW_TRIGGER: false, PARTITIONED: SINGLE_FUNC, VERIFICATION: true, CREATE_GRAPH: false",2219,16,2406,-1,188412,193053,"[0, 1, 2, 3, 4, 5, 6, 7, 8, 9, 10, 11, 12, 13, 14, 15, 16, 17, 18, 19, 20, 21, 22, 23, 24, 25, 26, 27, 28, 29, 30, 31, 32, 33, 34, 35, 36, 37, 38, 39, 40, 41, 42, 43, 44, 45, 46, 47, 48, 49, 50, 51, 52, 53, 54, 55, 56, 57, 58, 59, 60, 61, 62, 63, 64, 65, 66, 67, 68, 69, 70, 71, 72, 73, 74, 75, 76, 77, 78, 79, 80, 81, 82, 83, 84, 85, 86, 87, 88, 89, 90, 91, 92, 93, 94, 95, 96, 97, 98, 99, 100, 101, 102, 103, 104, 105, 106, 107, 108, 109, 110, 111, 112, 113, 114, 115, 116, 117, 118, 119, 120, 121, 122, 123, 124, 125, 126, 127, 128, 129, 130, 131, 132, 133, 134, 135, 136, 137]","[0, 1, 2, 3, 4, 5, 6, 7, 8, 9, 10, 11, 12, 13, 14, 15, 16, 17, 18, 19, 20, 21, 22, 23, 24, 25, 26, 27, 28, 29, 30, 31, 32, 33, 34, 35, 36, 37, 38, 39, 40, 41, 42, 43, 44, 45, 46, 47, 48, 49, 50, 51, 52, 53, 54, 55, 56, 57, 58, 59, 60, 61, 62, 63, 64, 65, 66, 67, 68, 69, 70, 71, 72, 73, 74, 75, 76, 77, 78, 79, 80, 81, 82, 83, 84, 85, 86, 87, 88, 89, 90, 91, 92, 93, 94, 95, 96, 97, 98, 99, 100, 101, 102, 103, 104, 105, 106, 107, 108, 109, 110, 111, 112, 113, 114, 115, 116, 117, 118, 119, 120, 121, 122, 123, 124, 125, 126, 127, 128, 129, 130, 131, 132, 133, 134, 135, 136, 137]","[13, 5, 119, 117, 3, 118, 4, 71, 70, 69, 12, 2, 1, 0, 114, 115, 116, 26, 14, 15, 16, 17, 19, 18, 27, 40, 28, 29, 30, 32, 31, 33, 41, 125, 39, 25, 11, 37, 123, 23, 38, 24, 124, 10, 9, 121, 7, 35, 21, 120, 20, 6, 34, 36, 22, 8, 122, 42, 43, 44, 45, 46, 47, 76, 75, 77, 51, 52, 53, 50, 49, 48, 80, 78, 79, 74, 73, 72, 56, 55, 54, 62, 61, 60, 83, 82, 81, 103, 102, 67, 66, 68, 104, 59, 57, 58, 89, 88, 87, 106, 107, 64, 65, 105, 63, 84, 85, 86, 90, 91, 92, 93, 94, 95, 96, 97, 98, 99, 100, 101, 108, 109, 110, 111, 112, 113, 127, 126, 128, 129, 130, 131, 133, 132, 134, 135, 137, 136]","[5, 119, 4, 40, 26, 118, 3, 117, 12, 2, 1, 0, 114, 115, 116, 19, 18, 17, 27, 16, 15, 14, 30, 29, 28, 33, 32, 31, 25, 125, 24, 23, 39, 41, 38, 37, 124, 123, 8, 7, 6, 122, 11, 10, 121, 9, 13, 120, 34, 20, 21, 22, 35, 36, 42, 43, 44, 47, 46, 45, 77, 76, 75, 49, 48, 50, 79, 78, 80, 74, 73, 72, 56, 55, 54, 62, 61, 60, 112, 106, 105, 111, 107, 103, 113, 83, 82, 81, 52, 51, 53, 59, 58, 57, 87, 88, 89, 102, 67, 66, 104, 68, 69, 70, 63, 64, 71, 65, 84, 85, 86, 90, 91, 92, 93, 94, 95, 98, 96, 97, 108, 109, 110, 99, 100, 101, 126, 127, 128, 129, 130, 131, 133, 132, 134, 135, 137, 136]",4271,4271,50449,200806,NOT_IMPLEMENTED,NOT_IMPLEMENTED,NOT_IMPLEMENTED,NOT_IMPLEMENTED,NOT_IMPLEMENTED,NOT_IMPLEMENTED,NOT_IMPLEMENTED,63895.0,15,4259.666666666667,-42244.66666666666,,,,,0,0,0,0,,,,,,,,,,,,138,,,NOT_IMPLEMENTED,,true,52,"$TRIGGER:2.VAR,$TRIGGER:2.VAR',$TRIGGER:1.VAR,robotX,robotX',$TRIGGER:1.VAR',robotY,robotY',$TRIGGER:0.VAR',$TRIGGER:0.VAR","obstaclesY[0],obstaclesY[0]',MY,MY',targetAX,targetAX',obstaclesX[2],obstaclesX[2]',Agreen,Agreen',MX,MX',obstaclesY[4],obstaclesY[4]',obstaclesY[3],obstaclesY[3]',targetAY,targetAY',targetCX,targetCX',targetBY,targetBY',obstaclesY[2],obstaclesY[2]',obstaclesX[1],obstaclesX[1]',Cgreen,Cgreen',obstaclesX[4],obstaclesX[4]',obstaclesX[3],obstaclesX[3]',targetCY,targetCY',targetBX,targetBX',obstaclesY[1],obstaclesY[1]',obstaclesX[0],obstaclesX[0]',Bgreen,Bgreen'",0,,,,,,6,5,0,0,932393779200000000000,84219892202665572177046112764126298112,267717152175048336129809972396943640363008,609786001522321726526367296517728634929152,661524208493125084399219507200,1890010291815242948216469510546813616128,CUDD,"Using BDD Package: CUDDFactory, Version: CUDD 3.0","import ""DwyerPatternsNew.spectra""",,0,3,false,false,[],[],,null
1670431111,FINAL,1670431111.spectra,1
1670435826,NOTHING,1670435826.spectra,0,KIND_REALIZABILITY,SYS_REAL_KIND,"TEMP: false, SORT_AFTERWARDS: false, GROUP_OPTION: NO_GROUPING, INCREMENTAL_ADDITION: NO_INCREMENTAL, USE_RABIN: false, GROUP_AUX: NO_GROUPING, STATIC_ORDER: NO_STATIC_ORDERING, ROY_SIFT_MARKER: false, MAKE_LAST: false, MEMORYLESS: false, REORDER_METHOD: SIFT, NEW_PATTERN: false, INCREMENTAL_JUSTICES: NO_INCREMENTAL, REDUCED_ALGORITHM: FALSE, PARALLEL: false, ORIGINAL: false, BUCHI_INTERSECTION: false, NEW_TRIGGER: false, PARTITIONED: SINGLE_FUNC, VERIFICATION: true, CREATE_GRAPH: false",2719,17,561,-1,470442,473739,"[0, 1, 2, 3, 4, 5, 6, 7, 8, 9, 10, 11, 12, 13, 14, 15, 16, 17, 18, 19, 20, 21, 22, 23, 24, 25, 26, 27, 28, 29, 30, 31, 32, 33, 34, 35, 36, 37, 38, 39, 40, 41, 42, 43, 44, 45, 46, 47, 48, 49, 50, 51, 52, 53, 54, 55, 56, 57, 58, 59, 60, 61, 62, 63, 64, 65, 66, 67, 68, 69, 70, 71, 72, 73, 74, 75, 76, 77]","[0, 1, 2, 3, 4, 5, 6, 7, 8, 9, 10, 11, 12, 13, 14, 15, 16, 17, 18, 19, 20, 21, 22, 23, 24, 25, 26, 27, 28, 29, 30, 31, 32, 33, 34, 35, 36, 37, 38, 39, 40, 41, 42, 43, 44, 45, 46, 47, 48, 49, 50, 51, 52, 53, 54, 55, 56, 57, 58, 59, 60, 61, 62, 63, 64, 65, 66, 67, 68, 69, 70, 71, 72, 73, 74, 75, 76, 77]","[41, 32, 58, 33, 59, 5, 4, 13, 3, 57, 31, 12, 2, 1, 0, 54, 55, 56, 26, 15, 14, 16, 19, 18, 17, 27, 40, 28, 29, 30, 65, 11, 25, 64, 10, 9, 24, 23, 63, 37, 38, 39, 35, 61, 21, 7, 60, 20, 6, 34, 36, 43, 42, 44, 45, 46, 47, 51, 52, 53, 22, 8, 62, 49, 48, 50, 67, 66, 68, 69, 70, 71, 72, 73, 74, 75, 76, 77]","[40, 12, 26, 2, 5, 59, 4, 58, 16, 30, 1, 57, 33, 15, 29, 32, 3, 0, 28, 31, 14, 56, 55, 54, 17, 18, 19, 39, 65, 11, 25, 10, 64, 38, 41, 37, 63, 23, 27, 24, 13, 8, 9, 6, 62, 61, 60, 20, 34, 22, 36, 7, 21, 35, 45, 46, 47, 66, 43, 42, 44, 51, 52, 53, 68, 49, 48, 50, 69, 67, 70, 71, 72, 73, 74, 75, 76, 77]",3795,3795,17456,644922,NOT_IMPLEMENTED,NOT_IMPLEMENTED,NOT_IMPLEMENTED,NOT_IMPLEMENTED,NOT_IMPLEMENTED,NOT_IMPLEMENTED,NOT_IMPLEMENTED,118077.0,12,9839.75,-11390.916666666668,,,,,1,0,470410,0,,,,,,,,,,,,78,,,NOT_IMPLEMENTED,,false,32,"$TRIGGER:0.VAR,robotY,robotY',$TRIGGER:2.VAR',$TRIGGER:2.VAR,$TRIGGER:0.VAR',robotX,robotX',$TRIGGER:1.VAR',$TRIGGER:1.VAR","targetCY,targetCY',targetBX,targetBX',Cgreen,Cgreen',Agreen,Agreen',MY,MY',targetBY,targetBY',targetAX,targetAX',MX,MX',targetCX,targetCX',Bgreen,Bgreen',targetAY,targetAY'",0,,,,,,6,5,302179849193466231783424,4721851911427846045696,8375186227200,60795118836378501120,232207614399855835742208,528905046081400263933952,54043195528445952000,1418899183782372311040,CUDD,"Using BDD Package: CUDDFactory, Version: CUDD 3.0","import ""DwyerPatternsNew.spectra""",,0,3,false,false,[],[],,null
1670435826,FINAL,1670435826.spectra,0,KIND_REALIZABILITY,SYS_REAL_KIND,"TEMP: false, SORT_AFTERWARDS: false, GROUP_OPTION: NO_GROUPING, INCREMENTAL_ADDITION: NO_INCREMENTAL, USE_RABIN: false, GROUP_AUX: GROUP_PAIR, STATIC_ORDER: REVERSE_CUTHILL, ROY_SIFT_MARKER: false, MAKE_LAST: false, MEMORYLESS: true, REORDER_METHOD: SIFT, NEW_PATTERN: true, INCREMENTAL_JUSTICES: INCREMENTAL_GRAPH, REDUCED_ALGORITHM: FALSE, PARALLEL: false, ORIGINAL: false, BUCHI_INTERSECTION: false, NEW_TRIGGER: true, PARTITIONED: SINGLE_FUNC, VERIFICATION: true, CREATE_GRAPH: false",2906,156,563,-1,557883,561508,"[0, 1, 2, 3, 4, 5, 6, 7, 8, 9, 10, 11, 12, 13, 14, 15, 16, 17, 18, 19, 20, 21, 22, 23, 24, 25, 26, 27, 28, 29, 30, 31, 32, 33, 34, 35, 36, 37, 38, 39, 40, 41, 42, 43, 44, 45, 46, 47, 48, 49, 50, 51, 52, 53, 54, 55, 56, 57, 58, 59, 60, 61, 62, 63, 64, 65, 66, 67, 68, 69, 70, 71]","[27, 9, 10, 11, 3, 4, 5, 13, 41, 23, 24, 25, 17, 18, 19, 37, 38, 39, 32, 33, 31, 66, 67, 68, 69, 70, 71, 12, 40, 26, 6, 7, 8, 0, 1, 2, 64, 65, 63, 57, 58, 59, 20, 21, 22, 16, 14, 15, 34, 35, 36, 28, 29, 30, 51, 52, 53, 45, 46, 47, 60, 61, 62, 54, 55, 56, 48, 49, 50, 42, 43, 44]","[41, 39, 65, 11, 13, 38, 64, 10, 37, 63, 9, 12, 8, 6, 7, 60, 61, 62, 26, 20, 21, 22, 40, 34, 35, 36, 24, 23, 25, 59, 5, 58, 4, 3, 57, 33, 32, 31, 51, 52, 53, 27, 17, 18, 19, 54, 28, 55, 29, 30, 70, 71, 56, 0, 1, 14, 2, 15, 16, 66, 67, 68, 69, 49, 48, 50, 47, 44, 43, 42, 46, 45]","[26, 12, 40, 8, 11, 65, 10, 64, 7, 6, 9, 38, 39, 37, 63, 36, 35, 34, 22, 21, 20, 62, 61, 60, 52, 51, 53, 24, 23, 25, 13, 66, 67, 59, 5, 2, 58, 4, 3, 56, 55, 54, 57, 33, 31, 41, 17, 27, 68, 69, 70, 71, 1, 0, 32, 18, 19, 15, 29, 14, 28, 30, 16, 49, 47, 48, 50, 44, 43, 42, 45, 46]",3651,7419,17977,521642,NOT_IMPLEMENTED,NOT_IMPLEMENTED,NOT_IMPLEMENTED,NOT_IMPLEMENTED,NOT_IMPLEMENTED,NOT_IMPLEMENTED,NOT_IMPLEMENTED,78730.0,15,5248.666666666668,-9301.0,,,,,1,0,557852,0,,,,,,,,,,,,72,,,NOT_IMPLEMENTED,,false,32,"$TRIGGER:1.VAR',$TRIGGER:2.VAR',$TRIGGER:0.VAR,$TRIGGER:1.VAR,robotY,robotY',robotX,robotX',$TRIGGER:2.VAR,$TRIGGER:0.VAR'","MX,MX',targetBY,targetBY',Bgreen,Bgreen',targetCY,targetCY',targetBX,targetBX',targetCX,targetCX',Agreen,Agreen',targetAY,targetAY',targetAX,targetAX',MY,MY',Cgreen,Cgreen'",0,,,,,,6,5,4721826743606686253056,590231488928480755712,130862284800,17604136865747206144,7170018837149981343744,8264141345021879123968,844424930131968000,177362397972796538880,CUDD,"Using BDD Package: CUDDFactory, Version: CUDD 3.0","import ""DwyerPatternsNewReduced.spectra""",,0,3,false,false,[],"[REMOVED_HOLE, REMOVED_HOLE, REMOVED_HOLE]",,null
1670435006,NOTHING,1670435006.spectra,1
1670435006,FINAL,1670435006.spectra,1
1670430268,NOTHING,1670430268.spectra,1
1670430268,FINAL,1670430268.spectra,1
1670547281,NOTHING,1670547281.spectra,1
1670547281,FINAL,1670547281.spectra,1
1670434147,NOTHING,1670434147.spectra,1
1670434147,FINAL,1670434147.spectra,1
1670430222,NOTHING,1670430222.spectra,1
1670430222,FINAL,1670430222.spectra,1
1670592091,NOTHING,1670592091.spectra,1
1670592091,FINAL,1670592091.spectra,1
1670358342,NOTHING,1670358342.spectra,0,KIND_REALIZABILITY,SYS_REAL_KIND,"TEMP: false, SORT_AFTERWARDS: false, GROUP_OPTION: NO_GROUPING, INCREMENTAL_ADDITION: NO_INCREMENTAL, USE_RABIN: false, GROUP_AUX: NO_GROUPING, STATIC_ORDER: NO_STATIC_ORDERING, ROY_SIFT_MARKER: false, MAKE_LAST: false, MEMORYLESS: false, REORDER_METHOD: SIFT, NEW_PATTERN: false, INCREMENTAL_JUSTICES: NO_INCREMENTAL, REDUCED_ALGORITHM: FALSE, PARALLEL: false, ORIGINAL: false, BUCHI_INTERSECTION: false, NEW_TRIGGER: false, PARTITIONED: SINGLE_FUNC, VERIFICATION: true, CREATE_GRAPH: false",1977,0,451,-1,170227,172655,"[0, 1, 2, 3, 4, 5, 6, 7, 8, 9, 10, 11, 12, 13, 14, 15, 16, 17, 18, 19, 20, 21, 22, 23, 24, 25, 26, 27, 28, 29, 30, 31, 32, 33, 34, 35, 36, 37, 38, 39, 40, 41, 42, 43, 44, 45, 46, 47, 48, 49, 50, 51, 52, 53, 54, 55, 56, 57, 58, 59, 60, 61, 62, 63, 64, 65, 66, 67, 68, 69, 70, 71, 72, 73, 74, 75, 76, 77, 78, 79, 80, 81]","[0, 1, 2, 3, 4, 5, 6, 7, 8, 9, 10, 11, 12, 13, 14, 15, 16, 17, 18, 19, 20, 21, 22, 23, 24, 25, 26, 27, 28, 29, 30, 31, 32, 33, 34, 35, 36, 37, 38, 39, 40, 41, 42, 43, 44, 45, 46, 47, 48, 49, 50, 51, 52, 53, 54, 55, 56, 57, 58, 59, 60, 61, 62, 63, 64, 65, 66, 67, 68, 69, 70, 71, 72, 73, 74, 75, 76, 77, 78, 79, 80, 81]","[55, 53, 52, 49, 48, 5, 2, 0, 3, 1, 4, 51, 50, 57, 58, 61, 17, 56, 60, 59, 14, 12, 15, 24, 27, 26, 29, 13, 16, 25, 28, 23, 8, 35, 11, 6, 9, 10, 64, 63, 62, 7, 33, 21, 31, 22, 30, 32, 19, 18, 20, 34, 69, 68, 70, 71, 37, 38, 36, 39, 40, 41, 44, 43, 42, 54, 65, 45, 47, 46, 66, 67, 73, 72, 74, 75, 78, 76, 77, 81, 79, 80]","[2, 5, 0, 3, 24, 27, 26, 29, 25, 28, 35, 32, 31, 34, 30, 33, 58, 57, 4, 1, 64, 63, 62, 52, 8, 11, 56, 10, 9, 48, 7, 6, 60, 59, 53, 13, 66, 49, 19, 65, 18, 12, 15, 16, 17, 14, 22, 20, 50, 51, 21, 23, 67, 39, 61, 40, 69, 68, 70, 71, 41, 37, 36, 55, 38, 43, 42, 44, 46, 45, 47, 73, 72, 54, 75, 74, 81, 78, 77, 76, 79, 80]",375,375,13544,384407,NOT_IMPLEMENTED,NOT_IMPLEMENTED,NOT_IMPLEMENTED,NOT_IMPLEMENTED,NOT_IMPLEMENTED,NOT_IMPLEMENTED,NOT_IMPLEMENTED,57312.0,16,3582.0,-45287.5,,,,,1,0,170214,0,,,,,,,,,,,,82,,,NOT_IMPLEMENTED,,false,34,"$PATTERN:0.SYS_CONSTRAINT.0.P_becomes_true_After_Q.state,$PATTERN:0.SYS_CONSTRAINT.0.P_becomes_true_After_Q.state',robotY,robotY',robotX,robotX',$PATTERN:1.SYS_CONSTRAINT.1.P_becomes_true_After_Q.state,$PATTERN:1.SYS_CONSTRAINT.1.P_becomes_true_After_Q.state',$COUNTER:0.chargeCounter,$COUNTER:0.chargeCounter'","movingObstcle_X,movingObstcle_X',BlockedA,BlockedA',robotLostPower,robotLostPower',movingObstcle_Y,movingObstcle_Y',B_Y,B_Y',C_Y,C_Y',A_Y,A_Y',BlockedB,BlockedB',C_X,C_X',BlockedC,BlockedC',B_X,B_X',A_X,A_X'",2,,,,,,5,5,4797677733359041751547904,300132965273888666681344,6636033005322240,404736246711972790272,4924247650012322546581504,7404670645139603695075328,1499374416741204492288,581072438321850875904,CUDD,"Using BDD Package: CUDDFactory, Version: CUDD 3.0","import ""DwyerPatternsNew.spectra""",P_becomes_true_After_Q,2,0,false,true,[],[],,null
1670358342,FINAL,1670358342.spectra,0,KIND_REALIZABILITY,SYS_REAL_KIND,"TEMP: false, SORT_AFTERWARDS: false, GROUP_OPTION: NO_GROUPING, INCREMENTAL_ADDITION: NO_INCREMENTAL, USE_RABIN: false, GROUP_AUX: GROUP_PAIR, STATIC_ORDER: REVERSE_CUTHILL, ROY_SIFT_MARKER: false, MAKE_LAST: false, MEMORYLESS: true, REORDER_METHOD: SIFT, NEW_PATTERN: true, INCREMENTAL_JUSTICES: INCREMENTAL_GRAPH, REDUCED_ALGORITHM: FALSE, PARALLEL: false, ORIGINAL: false, BUCHI_INTERSECTION: false, NEW_TRIGGER: true, PARTITIONED: SINGLE_FUNC, VERIFICATION: true, CREATE_GRAPH: false",2007,127,345,-1,245892,248371,"[0, 1, 2, 3, 4, 5, 6, 7, 8, 9, 10, 11, 12, 13, 14, 15, 16, 17, 18, 19, 20, 21, 22, 23, 24, 25, 26, 27, 28, 29, 30, 31, 32, 33, 34, 35, 36, 37, 38, 39, 40, 41, 42, 43, 44, 45, 46, 47, 48, 49, 50, 51, 52, 53, 54, 55, 56, 57, 58, 59, 60, 61, 62, 63, 64, 65, 66, 67, 68, 69, 70, 71, 72, 73, 74, 75, 76, 77, 78, 79, 80, 81]","[0, 1, 2, 3, 4, 5, 6, 7, 8, 9, 10, 11, 12, 13, 14, 15, 16, 17, 18, 19, 20, 21, 22, 23, 24, 25, 26, 27, 28, 29, 30, 31, 32, 33, 34, 35, 36, 37, 38, 39, 40, 41, 42, 43, 44, 45, 46, 47, 48, 49, 50, 51, 52, 53, 54, 55, 56, 57, 58, 59, 60, 61, 62, 63, 64, 65, 66, 67, 68, 69, 70, 71, 72, 73, 74, 75, 76, 77, 78, 79, 80, 81]","[54, 68, 69, 71, 70, 55, 76, 77, 78, 81, 80, 79, 72, 73, 75, 74, 60, 59, 53, 52, 49, 48, 2, 5, 0, 3, 1, 4, 51, 50, 61, 58, 17, 14, 16, 13, 57, 26, 29, 15, 12, 56, 24, 27, 25, 28, 8, 11, 9, 6, 7, 10, 64, 63, 62, 67, 66, 65, 21, 31, 22, 23, 19, 18, 20, 30, 32, 33, 34, 35, 38, 37, 36, 39, 40, 41, 44, 42, 43, 47, 45, 46]","[76, 79, 80, 81, 77, 78, 54, 73, 72, 74, 75, 55, 71, 70, 69, 68, 58, 57, 5, 2, 0, 3, 13, 16, 14, 17, 12, 15, 23, 20, 22, 19, 18, 21, 1, 4, 64, 56, 50, 63, 62, 66, 51, 52, 60, 7, 59, 9, 65, 49, 48, 28, 6, 10, 8, 24, 11, 34, 27, 53, 33, 25, 26, 29, 31, 32, 30, 35, 43, 61, 40, 67, 39, 41, 36, 37, 38, 42, 44, 47, 46, 45]",375,382,16109,196787,NOT_IMPLEMENTED,NOT_IMPLEMENTED,NOT_IMPLEMENTED,NOT_IMPLEMENTED,NOT_IMPLEMENTED,NOT_IMPLEMENTED,NOT_IMPLEMENTED,84432.0,25,3377.280000000001,-61850.39999999999,,,,,1,0,245870,0,,,,,,,,,,,,82,,,NOT_IMPLEMENTED,,false,34,"robotX,robotX',$PATTERN:0.SYS_CONSTRAINT.0.P_becomes_true_After_Q.state,$PATTERN:0.SYS_CONSTRAINT.0.P_becomes_true_After_Q.state',$PATTERN:1.SYS_CONSTRAINT.1.P_becomes_true_After_Q.state,$PATTERN:1.SYS_CONSTRAINT.1.P_becomes_true_After_Q.state',$COUNTER:0.chargeCounter,$COUNTER:0.chargeCounter',robotY,robotY'","BlockedC,BlockedC',A_X,A_X',B_X,B_X',C_X,C_X',movingObstcle_X,movingObstcle_X',movingObstcle_Y,movingObstcle_Y',BlockedB,BlockedB',A_Y,A_Y',B_Y,B_Y',C_Y,C_Y',robotLostPower,robotLostPower',BlockedA,BlockedA'",2,,,,,,5,5,4797677733359041751547904,300132965273888666681344,6636033005322240,404736246711972790272,4924247650012322546581504,7404670645139603695075328,1499374416741204492288,581072438321850875904,CUDD,"Using BDD Package: CUDDFactory, Version: CUDD 3.0","import ""DwyerPatternsNewReduced.spectra""",P_becomes_true_After_Q,2,0,false,true,[],[],,null
1670435709,NOTHING,1670435709.spectra,0,KIND_REALIZABILITY,SYS_REAL_KIND,"TEMP: false, SORT_AFTERWARDS: false, GROUP_OPTION: NO_GROUPING, INCREMENTAL_ADDITION: NO_INCREMENTAL, USE_RABIN: false, GROUP_AUX: NO_GROUPING, STATIC_ORDER: NO_STATIC_ORDERING, ROY_SIFT_MARKER: false, MAKE_LAST: false, MEMORYLESS: false, REORDER_METHOD: SIFT, NEW_PATTERN: false, INCREMENTAL_JUSTICES: NO_INCREMENTAL, REDUCED_ALGORITHM: FALSE, PARALLEL: false, ORIGINAL: false, BUCHI_INTERSECTION: false, NEW_TRIGGER: false, PARTITIONED: SINGLE_FUNC, VERIFICATION: true, CREATE_GRAPH: false",2750,16,328,-1,436072,439166,"[0, 1, 2, 3, 4, 5, 6, 7, 8, 9, 10, 11, 12, 13, 14, 15, 16, 17, 18, 19, 20, 21, 22, 23, 24, 25, 26, 27, 28, 29, 30, 31, 32, 33, 34, 35, 36, 37, 38, 39, 40, 41, 42, 43, 44, 45, 46, 47, 48, 49, 50, 51, 52, 53, 54, 55, 56, 57, 58, 59, 60, 61, 62, 63, 64, 65, 66, 67, 68, 69, 70, 71, 72, 73, 74, 75, 76, 77]","[0, 1, 2, 3, 4, 5, 6, 7, 8, 9, 10, 11, 12, 13, 14, 15, 16, 17, 18, 19, 20, 21, 22, 23, 24, 25, 26, 27, 28, 29, 30, 31, 32, 33, 34, 35, 36, 37, 38, 39, 40, 41, 42, 43, 44, 45, 46, 47, 48, 49, 50, 51, 52, 53, 54, 55, 56, 57, 58, 59, 60, 61, 62, 63, 64, 65, 66, 67, 68, 69, 70, 71, 72, 73, 74, 75, 76, 77]","[27, 19, 59, 5, 13, 18, 58, 4, 57, 17, 3, 26, 16, 15, 14, 54, 55, 56, 12, 0, 1, 2, 40, 28, 29, 30, 31, 32, 33, 41, 65, 39, 11, 64, 10, 9, 63, 38, 37, 25, 24, 34, 23, 60, 6, 35, 36, 20, 22, 21, 61, 7, 8, 43, 44, 42, 62, 51, 45, 46, 47, 48, 49, 50, 52, 53, 66, 67, 69, 68, 70, 71, 73, 72, 74, 75, 77, 76]","[40, 12, 26, 56, 59, 58, 57, 16, 19, 30, 18, 2, 15, 5, 4, 1, 17, 14, 3, 0, 33, 29, 32, 31, 28, 55, 54, 39, 11, 65, 25, 38, 10, 64, 13, 9, 63, 37, 41, 27, 24, 36, 23, 22, 34, 20, 6, 62, 61, 60, 8, 7, 35, 21, 45, 46, 47, 66, 43, 42, 44, 51, 52, 53, 68, 48, 49, 50, 67, 69, 70, 71, 72, 73, 74, 75, 77, 76]",3897,3897,17688,596100,NOT_IMPLEMENTED,NOT_IMPLEMENTED,NOT_IMPLEMENTED,NOT_IMPLEMENTED,NOT_IMPLEMENTED,NOT_IMPLEMENTED,NOT_IMPLEMENTED,85602.0,11,7782.0,-4202.363636363636,,,,,1,0,436025,0,,,,,,,,,,,,78,,,NOT_IMPLEMENTED,,false,32,"$TRIGGER:2.VAR,robotX,robotX',$TRIGGER:2.VAR',robotY,robotY',$TRIGGER:0.VAR',$TRIGGER:0.VAR,$TRIGGER:1.VAR,$TRIGGER:1.VAR'","targetAY,targetAY',targetCX,targetCX',targetCY,targetCY',Cgreen,Cgreen',targetBX,targetBX',Agreen,Agreen',MX,MX',targetBY,targetBY',Bgreen,Bgreen',MY,MY',targetAX,targetAX'",0,,,,,,6,5,302188107933165713096704,4721934242858533912576,7035156430848,60795118836378501120,232207614399855835742208,528905046081400263933952,45396284243894599680,1418899183782372311040,CUDD,"Using BDD Package: CUDDFactory, Version: CUDD 3.0","import ""DwyerPatternsNew.spectra""",,0,3,false,false,[],[],,null
1670435709,FINAL,1670435709.spectra,0,KIND_REALIZABILITY,SYS_REAL_KIND,"TEMP: false, SORT_AFTERWARDS: false, GROUP_OPTION: NO_GROUPING, INCREMENTAL_ADDITION: NO_INCREMENTAL, USE_RABIN: false, GROUP_AUX: GROUP_PAIR, STATIC_ORDER: REVERSE_CUTHILL, ROY_SIFT_MARKER: false, MAKE_LAST: false, MEMORYLESS: true, REORDER_METHOD: SIFT, NEW_PATTERN: true, INCREMENTAL_JUSTICES: INCREMENTAL_GRAPH, REDUCED_ALGORITHM: FALSE, PARALLEL: false, ORIGINAL: false, BUCHI_INTERSECTION: false, NEW_TRIGGER: true, PARTITIONED: SINGLE_FUNC, VERIFICATION: true, CREATE_GRAPH: false",3500,266,734,-1,516414,520914,"[0, 1, 2, 3, 4, 5, 6, 7, 8, 9, 10, 11, 12, 13, 14, 15, 16, 17, 18, 19, 20, 21, 22, 23, 24, 25, 26, 27, 28, 29, 30, 31, 32, 33, 34, 35, 36, 37, 38, 39, 40, 41, 42, 43, 44, 45, 46, 47, 48, 49, 50, 51, 52, 53, 54, 55, 56, 57, 58, 59, 60, 61, 62, 63, 64, 65, 66, 67, 68, 69, 70, 71]","[70, 71, 68, 69, 66, 67, 12, 40, 26, 6, 7, 8, 0, 1, 2, 20, 21, 22, 16, 14, 15, 34, 35, 36, 28, 29, 30, 9, 10, 11, 3, 4, 5, 13, 23, 24, 25, 17, 18, 19, 27, 37, 38, 39, 32, 33, 31, 41, 60, 61, 62, 54, 55, 56, 42, 43, 44, 48, 49, 50, 64, 65, 63, 57, 58, 59, 45, 46, 47, 51, 52, 53]","[13, 10, 64, 11, 65, 9, 63, 12, 8, 7, 24, 25, 23, 27, 6, 60, 61, 26, 20, 21, 22, 62, 37, 39, 38, 56, 16, 54, 14, 55, 15, 68, 69, 5, 58, 4, 3, 18, 19, 17, 0, 1, 2, 66, 67, 40, 28, 29, 30, 34, 35, 36, 70, 71, 57, 31, 32, 41, 33, 43, 44, 59, 46, 42, 45, 47, 50, 48, 49, 53, 52, 51]","[40, 26, 12, 8, 11, 65, 10, 64, 6, 7, 22, 25, 24, 20, 21, 62, 61, 9, 60, 23, 63, 38, 37, 39, 69, 68, 66, 67, 16, 56, 15, 14, 55, 54, 27, 5, 58, 4, 13, 3, 18, 17, 19, 31, 70, 71, 1, 0, 2, 32, 41, 33, 29, 28, 57, 59, 34, 30, 36, 35, 46, 43, 44, 42, 45, 47, 50, 48, 49, 53, 52, 51]",3560,7535,28088,506229,NOT_IMPLEMENTED,NOT_IMPLEMENTED,NOT_IMPLEMENTED,NOT_IMPLEMENTED,NOT_IMPLEMENTED,NOT_IMPLEMENTED,NOT_IMPLEMENTED,78539.0,13,6041.461538461538,-5637.615384615385,,,,,1,0,516414,0,,,,,,,,,,,,72,,,NOT_IMPLEMENTED,,false,32,"$TRIGGER:0.VAR',robotX,robotX',$TRIGGER:2.VAR,robotY,robotY',$TRIGGER:1.VAR,$TRIGGER:0.VAR,$TRIGGER:2.VAR',$TRIGGER:1.VAR'","targetBY,targetBY',Cgreen,Cgreen',MY,MY',targetAX,targetAX',targetBX,targetBX',MX,MX',Agreen,Agreen',targetCY,targetCY',Bgreen,Bgreen',targetAY,targetAY',targetCX,targetCX'",0,,,,,,6,5,4721913330147373613056,590241780357316739072,109924319232,17604136865747206144,7170018837149981343744,8264141345021879123968,709316941310853120,177362397972796538880,CUDD,"Using BDD Package: CUDDFactory, Version: CUDD 3.0","import ""DwyerPatternsNewReduced.spectra""",,0,3,false,false,[],"[REMOVED_HOLE, REMOVED_HOLE, REMOVED_HOLE]",,null
1670537545,NOTHING,1670537545.spectra,1
1670537545,FINAL,1670537545.spectra,1
1670544768,NOTHING,1670544768.spectra,1
1670544768,FINAL,1670544768.spectra,1
1670446093,NOTHING,1670446093.spectra,1
1670446093,FINAL,1670446093.spectra,1
1670590187,NOTHING,1670590187.spectra,1
1670590187,FINAL,1670590187.spectra,1
1670540662,NOTHING,1670540662.spectra,1
1670540662,FINAL,1670540662.spectra,1
1670541413,NOTHING,1670541413.spectra,1
1670541413,FINAL,1670541413.spectra,1
1670363326,NOTHING,1670363326.spectra,0,KIND_REALIZABILITY,SYS_REAL_KIND,"TEMP: false, SORT_AFTERWARDS: false, GROUP_OPTION: NO_GROUPING, INCREMENTAL_ADDITION: NO_INCREMENTAL, USE_RABIN: false, GROUP_AUX: NO_GROUPING, STATIC_ORDER: NO_STATIC_ORDERING, ROY_SIFT_MARKER: false, MAKE_LAST: false, MEMORYLESS: false, REORDER_METHOD: SIFT, NEW_PATTERN: false, INCREMENTAL_JUSTICES: NO_INCREMENTAL, REDUCED_ALGORITHM: FALSE, PARALLEL: false, ORIGINAL: false, BUCHI_INTERSECTION: false, NEW_TRIGGER: false, PARTITIONED: SINGLE_FUNC, VERIFICATION: true, CREATE_GRAPH: false",2078,0,156,-1,91845,94095,"[0, 1, 2, 3, 4, 5, 6, 7, 8, 9, 10, 11, 12, 13, 14, 15, 16, 17, 18, 19, 20, 21, 22, 23, 24, 25, 26, 27, 28, 29, 30, 31, 32, 33, 34, 35, 36, 37, 38, 39, 40, 41, 42, 43, 44, 45, 46, 47, 48, 49, 50, 51, 52, 53, 54, 55, 56, 57, 58, 59, 60, 61, 62, 63]","[0, 1, 2, 3, 4, 5, 6, 7, 8, 9, 10, 11, 12, 13, 14, 15, 16, 17, 18, 19, 20, 21, 22, 23, 24, 25, 26, 27, 28, 29, 30, 31, 32, 33, 34, 35, 36, 37, 38, 39, 40, 41, 42, 43, 44, 45, 46, 47, 48, 49, 50, 51, 52, 53, 54, 55, 56, 57, 58, 59, 60, 61, 62, 63]","[63, 62, 43, 61, 60, 49, 48, 36, 37, 5, 2, 1, 4, 47, 3, 0, 46, 45, 44, 14, 17, 15, 12, 9, 13, 16, 6, 28, 27, 24, 29, 38, 53, 26, 11, 10, 25, 7, 8, 39, 19, 54, 22, 20, 23, 18, 21, 52, 51, 41, 50, 34, 40, 35, 33, 55, 42, 56, 30, 31, 32, 57, 58, 59]","[46, 45, 2, 5, 1, 4, 0, 3, 63, 62, 8, 11, 7, 10, 6, 9, 49, 48, 47, 55, 52, 54, 53, 51, 36, 37, 50, 61, 60, 43, 44, 41, 29, 28, 40, 38, 25, 13, 12, 39, 27, 24, 34, 19, 15, 16, 18, 17, 14, 22, 20, 26, 21, 23, 33, 35, 30, 31, 32, 56, 42, 57, 59, 58]",276,276,5258,506112,NOT_IMPLEMENTED,NOT_IMPLEMENTED,NOT_IMPLEMENTED,NOT_IMPLEMENTED,NOT_IMPLEMENTED,NOT_IMPLEMENTED,NOT_IMPLEMENTED,39286.0,13,3022.0,-26827.692307692305,,,,,1,0,91830,0,,,,,,,,,,,,64,,,NOT_IMPLEMENTED,,false,28,"robotX,robotX',$PATTERN:0.SYS_CONSTRAINT.0.P_becomes_true_after_Q_until_R.state,$PATTERN:0.SYS_CONSTRAINT.0.P_becomes_true_after_Q_until_R.state',robotY,robotY',$COUNTER:0.charging,$COUNTER:0.charging'","AY,AY',Bblocked,Bblocked',Ablocked,Ablocked',CX,CX',Cblocked,Cblocked',AX,AX',BY,BY',BX,BX',isCharged,isCharged',CY,CY'",2,,,,,,5,3,17443152225433026560,4391636624602038272,3354577895424,16598857232154624,5237686366631886848,27670116110564327424,344525371493842944,360287970189639680,CUDD,"Using BDD Package: CUDDFactory, Version: CUDD 3.0","import ""DwyerPatternsNew.spectra""",P_becomes_true_after_Q_until_R,1,0,false,true,[],[],,null
1670363326,FINAL,1670363326.spectra,0,KIND_REALIZABILITY,SYS_REAL_KIND,"TEMP: false, SORT_AFTERWARDS: false, GROUP_OPTION: NO_GROUPING, INCREMENTAL_ADDITION: NO_INCREMENTAL, USE_RABIN: false, GROUP_AUX: GROUP_PAIR, STATIC_ORDER: REVERSE_CUTHILL, ROY_SIFT_MARKER: false, MAKE_LAST: false, MEMORYLESS: true, REORDER_METHOD: SIFT, NEW_PATTERN: true, INCREMENTAL_JUSTICES: INCREMENTAL_GRAPH, REDUCED_ALGORITHM: FALSE, PARALLEL: false, ORIGINAL: false, BUCHI_INTERSECTION: false, NEW_TRIGGER: true, PARTITIONED: SINGLE_FUNC, VERIFICATION: true, CREATE_GRAPH: false",1999,93,188,-1,39750,42030,"[0, 1, 2, 3, 4, 5, 6, 7, 8, 9, 10, 11, 12, 13, 14, 15, 16, 17, 18, 19, 20, 21, 22, 23, 24, 25, 26, 27, 28, 29, 30, 31, 32, 33, 34, 35, 36, 37, 38, 39, 40, 41, 42, 43, 44, 45, 46, 47, 48, 49, 50, 51, 52, 53, 54, 55, 56, 57, 58, 59, 60, 61]","[0, 1, 2, 3, 4, 5, 6, 7, 8, 9, 10, 11, 12, 13, 14, 15, 16, 17, 18, 19, 20, 21, 22, 23, 24, 25, 26, 27, 28, 29, 30, 31, 32, 33, 34, 35, 36, 37, 38, 39, 40, 41, 42, 43, 44, 45, 46, 47, 48, 49, 50, 51, 52, 53, 54, 55, 56, 57, 58, 59, 60, 61]","[56, 57, 43, 42, 58, 59, 60, 61, 40, 48, 41, 2, 5, 1, 4, 36, 49, 37, 0, 3, 46, 47, 45, 44, 8, 11, 55, 9, 6, 10, 7, 15, 12, 14, 17, 13, 16, 39, 38, 54, 53, 21, 18, 23, 22, 19, 20, 52, 51, 25, 24, 50, 27, 28, 29, 26, 35, 34, 33, 30, 32, 31]","[60, 61, 59, 58, 43, 42, 56, 57, 46, 45, 52, 2, 5, 1, 4, 0, 3, 8, 11, 7, 10, 6, 9, 49, 48, 55, 54, 51, 50, 36, 37, 53, 44, 47, 17, 14, 16, 40, 13, 15, 12, 28, 22, 38, 39, 34, 41, 24, 30, 31, 32, 20, 19, 18, 21, 23, 25, 26, 33, 35, 27, 29]",262,265,6360,337187,NOT_IMPLEMENTED,NOT_IMPLEMENTED,NOT_IMPLEMENTED,NOT_IMPLEMENTED,NOT_IMPLEMENTED,NOT_IMPLEMENTED,NOT_IMPLEMENTED,15523.0,12,1293.5833333333333,-9669.583333333332,,,,,1,0,39750,0,,,,,,,,,,,,62,,,NOT_IMPLEMENTED,,false,28,"robotX,robotX',$PATTERN:0.SYS_CONSTRAINT.0.P_becomes_true_after_Q_until_R.state,$PATTERN:0.SYS_CONSTRAINT.0.P_becomes_true_after_Q_until_R.state',robotY,robotY',$COUNTER:0.charging,$COUNTER:0.charging'","AY,AY',CY,CY',BX,BX',BY,BY',AX,AX',CX,CX',Cblocked,Cblocked',Bblocked,Bblocked',Ablocked,Ablocked',isCharged,isCharged'",2,,,,,,5,3,4384768001233125376,2195818312301019136,838644473856,9656892095725568,2462343096264818688,6917529027641081856,86131342873460736,180143985094819840,CUDD,"Using BDD Package: CUDDFactory, Version: CUDD 3.0","import ""DwyerPatternsNewReduced.spectra""",P_becomes_true_after_Q_until_R,1,0,false,true,"[REMOVED_HOLE, REMOVED_VAR]",[],,null
