Spec,RunConfig,UniqueIdentifier,TIMEOUT,ActionType,Result,CONFIG_TXT,INITIAL_BDD_TIME,HEURISTICS_TIME,SECOND_STEP_TIME,PARALLEL_OVERHEAD_TIME,WORK_TIME,TOTAL_TIME,PRE_ROYBDD_ORDER,POST_HEURISTICS_ORDER,POST_SECOND_STEP_ORDER,POST_WORK_ORDER,PRE_ROYBDD_NODE_SIZE,POST_HEURISTICS_NODE_SIZE,POST_SECOND_STEP_NODE_SIZE,POST_WORK_NODE_SIZE,AVERAGE_AUX_SIZE,AVERAGE_SYS_DOM_IN_CONSTRAINT,AVERAGE_ENV_DOM_IN_CONSTRAINT,AVERAGE_SYS_DOM_SIZE,AVERAGE_ENV_DOM_SIZE,AVERAGE_CONSTRAINT_COMPLEXITY,INTERCONNECTNESS_INDEX,TOTAL_REORDER_TIME,REORDER_CALL_AMOUNT,AVERAGE_REORDER_TIME,AVERAGE_REORDER_GAIN,Z_FIXPOINTS,Y_FIXPOINTS,X_FIXPOINTS,W_FIXPOINTS,REAL_CASES,UNREAL_CASES,REAL_TIME,UNREAL_TIME,GRAPH_DATA,CLUSTER_INC_DATA,CLUSTER_VAR_DATA,DOMAIN_GRAPH_DATA,CONSTRAINT_GRAPH_DATA,JUST_STRING_COUNT,JUST_STRING_ENV_COUNT,TRANS_STRING_SYS_COUNT,TRANS_STRING_ENV_COUNT,INI_STRING_ENV_COUNT,INI_STRING_SYS_COUNT,TOTAL_VARS,SYS_VARS,ENV_VARS,AUX_VARS,UNUSED_CONS_VARS,ARRAYS_INSTANCES,TOTAL_DOMS,SYS_DOMS,ENV_DOMS,AUX_DOMS,DOMS_NOT_QUANTIFIED,INI_SYS_CONSTRAINTS,INI_ENV_CONSTRAINTS,TRANS_ENV_CONSTRAINTS,TRANS_SYS_CONSTRAINTS,JUSTICE_SYS_AMOUNT,JUSTICE_ENV_AMOUNT,Z_SAT_COUNT,Z_SAT_COUNT_START_S0,TRANS_ENV_SAT,TRANS_SYS_SAT,JUSTS_SYS_SAT,JUSTS_ENV_SAT,INI_ENV_SAT,INI_SYS_SAT,FACTORY_TYPE,BDDPACKAGE,IMPORT,UNIQUE_PATTERNS,PATTERN_INSTANCES,TRIGGER_INSTANCES,MONITORS_INSTANCES,COUNTERS_INSTANCES,REDUCED_PATTERN,REDUCED_TRIGGER,SWAPPED_TO_ORIGINAL,ADDITIONAL
RobotsMPUnlabelled3,NOTHING,RobotsMPUnlabelled3.spectra,0,KIND_REALIZABILITY,SYS_REAL_KIND,"TEMP: false, SORT_AFTERWARDS: false, GROUP_OPTION: NO_GROUPING, INCREMENTAL_ADDITION: NO_INCREMENTAL, USE_RABIN: false, GROUP_AUX: NO_GROUPING, STATIC_ORDER: NO_STATIC_ORDERING, ROY_SIFT_MARKER: false, MAKE_LAST: false, MEMORYLESS: false, REORDER_METHOD: SIFT, NEW_PATTERN: false, INCREMENTAL_JUSTICES: NO_INCREMENTAL, REDUCED_ALGORITHM: FALSE, PARALLEL: false, ORIGINAL: false, BUCHI_INTERSECTION: false, NEW_TRIGGER: false, PARTITIONED: SINGLE_FUNC, VERIFICATION: true, CREATE_GRAPH: false",4157,18,1591,-1,239871,245637,"[0, 1, 2, 3, 4, 5, 6, 7, 8, 9, 10, 11, 12, 13, 14, 15, 16, 17, 18, 19, 20, 21, 22, 23, 24, 25, 26, 27, 28, 29, 30, 31, 32, 33, 34, 35, 36, 37, 38, 39, 40, 41, 42, 43, 44, 45, 46, 47]","[0, 1, 2, 3, 4, 5, 6, 7, 8, 9, 10, 11, 12, 13, 14, 15, 16, 17, 18, 19, 20, 21, 22, 23, 24, 25, 26, 27, 28, 29, 30, 31, 32, 33, 34, 35, 36, 37, 38, 39, 40, 41, 42, 43, 44, 45, 46, 47]","[32, 28, 8, 2, 0, 10, 4, 26, 24, 6, 34, 30, 25, 31, 33, 35, 29, 27, 5, 9, 1, 11, 3, 7, 19, 23, 15, 17, 18, 14, 21, 13, 37, 47, 45, 41, 16, 12, 22, 20, 39, 43, 42, 46, 36, 38, 44, 40]","[10, 8, 2, 0, 4, 28, 32, 24, 6, 25, 1, 5, 33, 29, 9, 11, 7, 3, 15, 23, 22, 14, 19, 18, 21, 17, 13, 16, 12, 20, 30, 31, 42, 43, 26, 34, 27, 35, 41, 40, 47, 46, 36, 37, 38, 44, 39, 45]",122,122,56007,282183,NOT_IMPLEMENTED,NOT_IMPLEMENTED,NOT_IMPLEMENTED,NOT_IMPLEMENTED,NOT_IMPLEMENTED,NOT_IMPLEMENTED,NOT_IMPLEMENTED,182216.0,17,10718.588235294117,-24259.0,,,,,1,0,239824,0,,,,,,,,,,,,48,,,NOT_IMPLEMENTED,,true,24,"robotsX[0],robotsX[0]',robotsX[1],robotsX[1]',robotsY[2],robotsY[2]',robotsX[2],robotsX[2]',robotsY[0],robotsY[0]',robotsY[1],robotsY[1]'","goalsX[0],goalsX[0]',goalsX[1],goalsX[1]',goalsY[2],goalsY[2]',goalsX[2],goalsX[2]',goalsY[0],goalsY[0]',goalsY[1],goalsY[1]'",0,,,,,,1,1,218976894320640,218976894320640,543726796800,996767956992,1618934235136,281474976710656,90709709291520,68719476736,CUDD,"Using BDD Package: CUDDFactory, Version: CUDD 3.0","import ""DwyerPatternsNew.spectra""",,0,0,false,false,[],[],,null
RobotsMPUnlabelled3,FINAL,RobotsMPUnlabelled3.spectra,0,KIND_REALIZABILITY,SYS_REAL_KIND,"TEMP: false, SORT_AFTERWARDS: false, GROUP_OPTION: NO_GROUPING, INCREMENTAL_ADDITION: NO_INCREMENTAL, USE_RABIN: false, GROUP_AUX: GROUP_PAIR, STATIC_ORDER: REVERSE_CUTHILL, ROY_SIFT_MARKER: false, MAKE_LAST: false, MEMORYLESS: true, REORDER_METHOD: SIFT, NEW_PATTERN: true, INCREMENTAL_JUSTICES: INCREMENTAL_GRAPH, REDUCED_ALGORITHM: FALSE, PARALLEL: false, ORIGINAL: false, BUCHI_INTERSECTION: false, NEW_TRIGGER: true, PARTITIONED: SINGLE_FUNC, VERIFICATION: true, CREATE_GRAPH: false",3500,125,1078,-1,238923,243626,"[0, 1, 2, 3, 4, 5, 6, 7, 8, 9, 10, 11, 12, 13, 14, 15, 16, 17, 18, 19, 20, 21, 22, 23, 24, 25, 26, 27, 28, 29, 30, 31, 32, 33, 34, 35, 36, 37, 38, 39, 40, 41, 42, 43, 44, 45, 46, 47]","[22, 23, 18, 19, 14, 15, 10, 11, 6, 7, 2, 3, 20, 21, 16, 17, 12, 13, 8, 9, 4, 5, 0, 1, 44, 45, 40, 41, 36, 37, 46, 47, 42, 43, 38, 39, 32, 33, 28, 29, 24, 25, 34, 35, 30, 31, 26, 27]","[40, 38, 46, 36, 42, 12, 14, 22, 20, 16, 44, 18, 17, 39, 45, 43, 37, 47, 41, 13, 21, 23, 15, 19, 10, 6, 7, 11, 5, 3, 1, 9, 33, 25, 31, 35, 27, 29, 8, 4, 2, 0, 28, 26, 30, 32, 34, 24]","[12, 14, 20, 22, 16, 40, 44, 36, 18, 45, 41, 37, 13, 21, 17, 23, 19, 15, 7, 11, 6, 10, 3, 2, 5, 1, 4, 0, 9, 8, 30, 31, 42, 28, 43, 29, 38, 46, 47, 34, 35, 25, 24, 32, 33, 39, 27, 26]",122,122,53782,179724,NOT_IMPLEMENTED,NOT_IMPLEMENTED,NOT_IMPLEMENTED,NOT_IMPLEMENTED,NOT_IMPLEMENTED,NOT_IMPLEMENTED,NOT_IMPLEMENTED,199591.0,18,11088.38888888889,-48984.333333333336,,,,,1,0,238845,0,,,,,,,,,,,,48,,,NOT_IMPLEMENTED,,true,24,"robotsY[2],robotsY[2]',robotsX[2],robotsX[2]',robotsX[1],robotsX[1]',robotsY[0],robotsY[0]',robotsX[0],robotsX[0]',robotsY[1],robotsY[1]'","goalsY[0],goalsY[0]',goalsX[1],goalsX[1]',goalsY[1],goalsY[1]',goalsX[2],goalsX[2]',goalsY[2],goalsY[2]',goalsX[0],goalsX[0]'",0,,,,,,1,1,218976894320640,218976894320640,543726796800,996767956992,1618934235136,281474976710656,90709709291520,68719476736,CUDD,"Using BDD Package: CUDDFactory, Version: CUDD 3.0","import ""DwyerPatternsNewReduced.spectra""",,0,0,false,false,[],[],,null
1673819181,NOTHING,1673819181.spectra,1
1673819181,FINAL,1673819181.spectra,1
1673821936,NOTHING,1673821936.spectra,0,KIND_REALIZABILITY,SYS_REAL_KIND,"TEMP: false, SORT_AFTERWARDS: false, GROUP_OPTION: NO_GROUPING, INCREMENTAL_ADDITION: NO_INCREMENTAL, USE_RABIN: false, GROUP_AUX: NO_GROUPING, STATIC_ORDER: NO_STATIC_ORDERING, ROY_SIFT_MARKER: false, MAKE_LAST: false, MEMORYLESS: false, REORDER_METHOD: SIFT, NEW_PATTERN: false, INCREMENTAL_JUSTICES: NO_INCREMENTAL, REDUCED_ALGORITHM: FALSE, PARALLEL: false, ORIGINAL: false, BUCHI_INTERSECTION: false, NEW_TRIGGER: false, PARTITIONED: SINGLE_FUNC, VERIFICATION: true, CREATE_GRAPH: false",3843,47,1421,-1,404295,409606,"[0, 1, 2, 3, 4, 5, 6, 7, 8, 9, 10, 11, 12, 13, 14, 15, 16, 17, 18, 19, 20, 21, 22, 23, 24, 25, 26, 27, 28, 29, 30, 31, 32, 33, 34, 35, 36, 37, 38, 39, 40, 41, 42, 43, 44, 45, 46, 47, 48, 49, 50, 51, 52, 53, 54, 55, 56, 57, 58, 59, 60, 61, 62, 63, 64, 65, 66, 67, 68, 69]","[0, 1, 2, 3, 4, 5, 6, 7, 8, 9, 10, 11, 12, 13, 14, 15, 16, 17, 18, 19, 20, 21, 22, 23, 24, 25, 26, 27, 28, 29, 30, 31, 32, 33, 34, 35, 36, 37, 38, 39, 40, 41, 42, 43, 44, 45, 46, 47, 48, 49, 50, 51, 52, 53, 54, 55, 56, 57, 58, 59, 60, 61, 62, 63, 64, 65, 66, 67, 68, 69]","[57, 56, 54, 55, 32, 31, 7, 8, 35, 34, 10, 11, 33, 9, 30, 6, 46, 47, 39, 15, 12, 36, 3, 0, 41, 17, 16, 38, 14, 40, 51, 27, 13, 37, 5, 45, 4, 64, 62, 63, 65, 58, 59, 48, 1, 2, 43, 42, 24, 18, 19, 21, 44, 20, 50, 22, 23, 29, 28, 26, 49, 25, 52, 53, 60, 61, 68, 69, 66, 67]","[59, 58, 63, 65, 62, 64, 40, 41, 38, 37, 14, 13, 16, 17, 12, 36, 15, 39, 8, 11, 7, 10, 9, 50, 6, 32, 31, 30, 35, 34, 53, 33, 52, 48, 51, 5, 4, 2, 1, 0, 3, 46, 47, 45, 49, 54, 55, 56, 57, 28, 29, 25, 24, 27, 26, 42, 43, 44, 18, 21, 19, 20, 22, 23, 61, 60, 68, 69, 66, 67]",292,292,23517,498682,NOT_IMPLEMENTED,NOT_IMPLEMENTED,NOT_IMPLEMENTED,NOT_IMPLEMENTED,NOT_IMPLEMENTED,NOT_IMPLEMENTED,NOT_IMPLEMENTED,111039.0,21,5287.571428571427,-18084.14285714285,,,,,1,0,404248,0,,,,,,,,,,,,70,,,NOT_IMPLEMENTED,,false,30,"$PATTERN:0.SYS_CONSTRAINT.0.S_responds_to_P_globally.state,$PATTERN:0.SYS_CONSTRAINT.0.S_responds_to_P_globally.state',robotX1,robotX1',robotY1,robotY1',robotX0,robotX0',robot1BackAtFloor,robot1BackAtFloor',robotY0,robotY0',$PATTERN:1.SYS_CONSTRAINT.1.S_responds_to_P_globally.state,$PATTERN:1.SYS_CONSTRAINT.1.S_responds_to_P_globally.state',robot0BackAtFloor,robot0BackAtFloor',$COUNTER:0.packagesCounter0,$COUNTER:0.packagesCounter0',$COUNTER:1.packagesCounter1,$COUNTER:1.packagesCounter1'","lamp0X,lamp0X',lamp1Y,lamp1Y',lamp1X,lamp1X',lamp0Y,lamp0Y',elevatorY,elevatorY'",4,,,,,,6,2,1082812080796349759488,270703020199087439872,19738226851840000,1840260008137320,1496492112979687374848,295147905179352825856,135107988821114880000,23183546269040640,CUDD,"Using BDD Package: CUDDFactory, Version: CUDD 3.0","import ""DwyerPatternsNew.spectra""",S_responds_to_P_globally,2,0,false,true,[],[],,null
1673821936,FINAL,1673821936.spectra,1
1670596941,NOTHING,1670596941.spectra,0,KIND_REALIZABILITY,SYS_REAL_KIND,"TEMP: false, SORT_AFTERWARDS: false, GROUP_OPTION: NO_GROUPING, INCREMENTAL_ADDITION: NO_INCREMENTAL, USE_RABIN: false, GROUP_AUX: NO_GROUPING, STATIC_ORDER: NO_STATIC_ORDERING, ROY_SIFT_MARKER: false, MAKE_LAST: false, MEMORYLESS: false, REORDER_METHOD: SIFT, NEW_PATTERN: false, INCREMENTAL_JUSTICES: NO_INCREMENTAL, REDUCED_ALGORITHM: FALSE, PARALLEL: false, ORIGINAL: false, BUCHI_INTERSECTION: false, NEW_TRIGGER: false, PARTITIONED: SINGLE_FUNC, VERIFICATION: true, CREATE_GRAPH: false",2920,16,101,-1,158031,161068,"[0, 1, 2, 3, 4, 5, 6, 7, 8, 9, 10, 11, 12, 13, 14, 15, 16, 17, 18, 19, 20, 21, 22, 23, 24, 25, 26, 27, 28, 29, 30, 31, 32, 33, 34, 35, 36, 37, 38, 39, 40, 41, 42, 43, 44, 45, 46, 47, 48, 49, 50, 51, 52, 53, 54, 55, 56, 57, 58, 59, 60, 61, 62, 63, 64, 65]","[0, 1, 2, 3, 4, 5, 6, 7, 8, 9, 10, 11, 12, 13, 14, 15, 16, 17, 18, 19, 20, 21, 22, 23, 24, 25, 26, 27, 28, 29, 30, 31, 32, 33, 34, 35, 36, 37, 38, 39, 40, 41, 42, 43, 44, 45, 46, 47, 48, 49, 50, 51, 52, 53, 54, 55, 56, 57, 58, 59, 60, 61, 62, 63, 64, 65]","[65, 64, 49, 48, 62, 42, 2, 5, 63, 55, 3, 52, 0, 54, 53, 4, 50, 43, 1, 51, 44, 6, 9, 8, 11, 7, 10, 45, 12, 15, 46, 14, 17, 13, 16, 47, 61, 58, 23, 60, 20, 57, 22, 19, 21, 59, 18, 56, 24, 35, 33, 30, 32, 34, 31, 37, 36, 38, 40, 39, 41, 25, 26, 29, 28, 27]","[48, 64, 65, 62, 46, 42, 44, 63, 52, 51, 55, 54, 2, 49, 5, 4, 1, 50, 8, 11, 7, 10, 6, 9, 14, 17, 13, 16, 12, 15, 0, 3, 53, 61, 23, 20, 22, 19, 21, 18, 60, 43, 25, 45, 24, 31, 56, 57, 47, 59, 39, 40, 41, 58, 27, 26, 28, 29, 34, 33, 35, 30, 32, 36, 38, 37]",285,285,5375,362175,NOT_IMPLEMENTED,NOT_IMPLEMENTED,NOT_IMPLEMENTED,NOT_IMPLEMENTED,NOT_IMPLEMENTED,NOT_IMPLEMENTED,NOT_IMPLEMENTED,55110.0,11,5010.0,-9896.272727272728,,,,,1,0,157992,0,,,,,,,,,,,,66,,,NOT_IMPLEMENTED,,true,30,"$PATTERN:0.SYS_CONSTRAINT.0.S_responds_to_P_globally.state,$PATTERN:0.SYS_CONSTRAINT.0.S_responds_to_P_globally.state',$PAST_PREV_aux_1,$PAST_PREV_aux_1',robotX,robotX',robotY,robotY'","redGoals[1],redGoals[1]',goalsX[1],goalsX[1]',goalsY[0],goalsY[0]',goalsY[2],goalsY[2]',redGoals[2],redGoals[2]',goalsX[2],goalsX[2]',redGoals[0],redGoals[0]',goalsY[1],goalsY[1]',movingObstacleX,movingObstacleX',charged,charged',goalsX[0],goalsX[0]'",2,,,,,,5,4,71508238446272446464,35754119223136223232,6306673459200,550408483292315648,39397489540237099008,146493088679107493888,601652762719027200,5454597556703068160,CUDD,"Using BDD Package: CUDDFactory, Version: CUDD 3.0","import ""DwyerPatternsNew.spectra""",S_responds_to_P_globally,1,0,false,false,[],[],,null
1670596941,FINAL,1670596941.spectra,0,KIND_REALIZABILITY,SYS_REAL_KIND,"TEMP: false, SORT_AFTERWARDS: false, GROUP_OPTION: NO_GROUPING, INCREMENTAL_ADDITION: NO_INCREMENTAL, USE_RABIN: false, GROUP_AUX: GROUP_PAIR, STATIC_ORDER: REVERSE_CUTHILL, ROY_SIFT_MARKER: false, MAKE_LAST: false, MEMORYLESS: true, REORDER_METHOD: SIFT, NEW_PATTERN: true, INCREMENTAL_JUSTICES: INCREMENTAL_GRAPH, REDUCED_ALGORITHM: FALSE, PARALLEL: false, ORIGINAL: false, BUCHI_INTERSECTION: false, NEW_TRIGGER: true, PARTITIONED: SINGLE_FUNC, VERIFICATION: true, CREATE_GRAPH: false",3185,141,147,-1,139986,143459,"[0, 1, 2, 3, 4, 5, 6, 7, 8, 9, 10, 11, 12, 13, 14, 15, 16, 17, 18, 19, 20, 21, 22, 23, 24, 25, 26, 27, 28, 29, 30, 31, 32, 33, 34, 35, 36, 37, 38, 39, 40, 41, 42, 43, 44, 45, 46, 47, 48, 49, 50, 51, 52, 53, 54, 55, 56, 57, 58, 59, 60, 61, 62, 63, 64, 65]","[49, 64, 65, 48, 62, 63, 39, 40, 41, 46, 44, 36, 37, 38, 42, 56, 57, 58, 50, 51, 52, 32, 30, 31, 24, 25, 26, 18, 19, 20, 59, 60, 61, 53, 54, 55, 47, 45, 43, 33, 34, 35, 27, 28, 29, 21, 22, 23, 12, 13, 14, 6, 7, 8, 0, 1, 2, 16, 17, 15, 9, 10, 11, 3, 4, 5]","[65, 49, 63, 62, 48, 64, 46, 58, 61, 60, 41, 44, 42, 38, 36, 37, 40, 39, 32, 35, 56, 30, 33, 47, 31, 34, 57, 59, 26, 29, 24, 27, 28, 45, 25, 21, 18, 23, 43, 20, 22, 19, 52, 55, 53, 50, 51, 15, 54, 12, 16, 13, 17, 14, 9, 6, 10, 7, 11, 8, 1, 0, 2, 5, 3, 4]","[48, 64, 65, 62, 63, 46, 44, 42, 38, 37, 36, 61, 32, 49, 35, 31, 34, 60, 26, 29, 25, 28, 20, 23, 22, 19, 58, 57, 18, 21, 59, 56, 45, 52, 41, 40, 39, 54, 51, 50, 53, 55, 27, 30, 24, 7, 6, 0, 43, 15, 47, 33, 16, 4, 8, 13, 1, 17, 14, 12, 2, 3, 9, 10, 11, 5]",285,287,5403,355163,NOT_IMPLEMENTED,NOT_IMPLEMENTED,NOT_IMPLEMENTED,NOT_IMPLEMENTED,NOT_IMPLEMENTED,NOT_IMPLEMENTED,NOT_IMPLEMENTED,33129.0,11,3011.727272727273,-14612.636363636362,,,,,1,0,139970,0,,,,,,,,,,,,66,,,NOT_IMPLEMENTED,,true,30,"robotX,robotX',$PATTERN:0.SYS_CONSTRAINT.0.S_responds_to_P_globally.state,$PATTERN:0.SYS_CONSTRAINT.0.S_responds_to_P_globally.state',$PAST_PREV_aux_1,$PAST_PREV_aux_1',robotY,robotY'","redGoals[0],redGoals[0]',movingObstacleX,movingObstacleX',charged,charged',goalsY[0],goalsY[0]',goalsX[1],goalsX[1]',goalsY[2],goalsY[2]',redGoals[2],redGoals[2]',goalsX[2],goalsX[2]',redGoals[1],redGoals[1]',goalsX[0],goalsX[0]',goalsY[1],goalsY[1]'",2,,,,,,5,4,71508238446272446464,35754119223136223232,6306673459200,550408483292315648,39397489540237099008,146493088679107493888,601652762719027200,5454597556703068160,CUDD,"Using BDD Package: CUDDFactory, Version: CUDD 3.0","import ""DwyerPatternsNewReduced.spectra""",S_responds_to_P_globally,1,0,false,false,[],[],,null
1672854531,NOTHING,1672854531.spectra,1
1672854531,FINAL,1672854531.spectra,1
1670075718,NOTHING,1670075718.spectra,1
1670075718,FINAL,1670075718.spectra,0,KIND_REALIZABILITY,SYS_REAL_KIND,"TEMP: false, SORT_AFTERWARDS: false, GROUP_OPTION: NO_GROUPING, INCREMENTAL_ADDITION: NO_INCREMENTAL, USE_RABIN: false, GROUP_AUX: GROUP_PAIR, STATIC_ORDER: REVERSE_CUTHILL, ROY_SIFT_MARKER: false, MAKE_LAST: false, MEMORYLESS: true, REORDER_METHOD: SIFT, NEW_PATTERN: true, INCREMENTAL_JUSTICES: INCREMENTAL_GRAPH, REDUCED_ALGORITHM: FALSE, PARALLEL: false, ORIGINAL: false, BUCHI_INTERSECTION: false, NEW_TRIGGER: true, PARTITIONED: SINGLE_FUNC, VERIFICATION: true, CREATE_GRAPH: false",2719,188,328,-1,267017,270252,"[0, 1, 2, 3, 4, 5, 6, 7, 8, 9, 10, 11, 12, 13, 14, 15, 16, 17, 18, 19, 20, 21, 22, 23, 24, 25, 26, 27, 28, 29, 30, 31, 32, 33, 34, 35, 36, 37, 38, 39, 40, 41, 42, 43, 44, 45, 46, 47, 48, 49, 50, 51, 52, 53, 54, 55, 56, 57, 58, 59, 60, 61, 62, 63, 64, 65, 66, 67]","[41, 39, 37, 33, 34, 35, 27, 28, 29, 21, 22, 23, 16, 17, 15, 64, 65, 66, 67, 9, 10, 11, 3, 4, 5, 61, 62, 63, 55, 56, 57, 18, 19, 20, 32, 30, 31, 6, 7, 8, 24, 25, 26, 40, 50, 51, 12, 13, 14, 38, 58, 59, 60, 52, 53, 54, 0, 1, 2, 36, 45, 46, 47, 42, 43, 44, 49, 48]","[41, 37, 39, 62, 61, 31, 32, 34, 35, 30, 33, 44, 48, 49, 51, 50, 40, 43, 42, 29, 26, 24, 27, 25, 28, 47, 45, 46, 4, 1, 15, 17, 2, 13, 12, 16, 0, 3, 14, 5, 10, 11, 9, 20, 18, 38, 21, 22, 23, 19, 36, 7, 6, 8, 63, 57, 56, 55, 52, 53, 54, 60, 58, 59, 64, 66, 67, 65]","[44, 51, 50, 48, 49, 47, 43, 42, 36, 32, 35, 31, 34, 26, 40, 29, 24, 27, 46, 45, 25, 30, 38, 28, 33, 2, 5, 4, 14, 1, 62, 13, 16, 3, 0, 63, 61, 11, 56, 41, 37, 15, 10, 9, 22, 12, 7, 6, 8, 21, 39, 17, 23, 19, 18, 20, 57, 54, 55, 52, 53, 59, 58, 60, 66, 67, 65, 64]",487,557,11969,468615,NOT_IMPLEMENTED,NOT_IMPLEMENTED,NOT_IMPLEMENTED,NOT_IMPLEMENTED,NOT_IMPLEMENTED,NOT_IMPLEMENTED,NOT_IMPLEMENTED,46099.0,15,3073.2666666666664,-6247.0666666666675,,,,,1,0,266987,0,,,,,,,,,,,,68,,,NOT_IMPLEMENTED,,false,30,"$TRIGGER:0.VAR,$TRIGGER:0.VAR',robotY,robotY',robotX,robotX'","targetAX,targetAX',isBBlocked,isBBlocked',isCBlocked,isCBlocked',targetBY,targetBY',isABlocked,isABlocked',$PATTERN:0.ENV_CONSTRAINT.0.S_responds_to_P_globally.state,$PATTERN:0.ENV_CONSTRAINT.0.S_responds_to_P_globally.state',targetCX,targetCX',MObstacleX,MObstacleX',targetAY,targetAY',targetBX,targetBX',$PATTERN:1.ENV_CONSTRAINT.1.S_responds_to_P_globally.state,$PATTERN:1.ENV_CONSTRAINT.1.S_responds_to_P_globally.state',targetCY,targetCY'",0,,,,,,6,5,292662327203369844736,18340452910262910976,821311832064,603194911260409856,88414667884537577472,703282117810176655360,127719270682460160,1126110463319343104,CUDD,"Using BDD Package: CUDDFactory, Version: CUDD 3.0","import ""DwyerPatternsNewReduced.spectra""",S_responds_to_P_globally,2,1,false,false,[],[REMOVED_HOLE],,null
1670169894,NOTHING,1670169894.spectra,0,KIND_REALIZABILITY,SYS_REAL_KIND,"TEMP: false, SORT_AFTERWARDS: false, GROUP_OPTION: NO_GROUPING, INCREMENTAL_ADDITION: NO_INCREMENTAL, USE_RABIN: false, GROUP_AUX: NO_GROUPING, STATIC_ORDER: NO_STATIC_ORDERING, ROY_SIFT_MARKER: false, MAKE_LAST: false, MEMORYLESS: false, REORDER_METHOD: SIFT, NEW_PATTERN: false, INCREMENTAL_JUSTICES: NO_INCREMENTAL, REDUCED_ALGORITHM: FALSE, PARALLEL: false, ORIGINAL: false, BUCHI_INTERSECTION: false, NEW_TRIGGER: false, PARTITIONED: SINGLE_FUNC, VERIFICATION: true, CREATE_GRAPH: false",3187,0,228236,-1,5750,237173,"[0, 1, 2, 3, 4, 5, 6, 7, 8, 9, 10, 11, 12, 13, 14, 15, 16, 17, 18, 19, 20, 21, 22, 23, 24, 25, 26, 27, 28, 29, 30, 31, 32, 33, 34, 35, 36, 37, 38, 39, 40, 41, 42, 43, 44, 45, 46, 47, 48, 49, 50, 51, 52, 53, 54, 55, 56, 57, 58, 59, 60, 61, 62, 63, 64, 65, 66, 67, 68, 69, 70, 71, 72, 73, 74, 75, 76, 77, 78, 79, 80, 81, 82, 83, 84, 85, 86, 87, 88, 89, 90, 91, 92, 93, 94, 95, 96, 97, 98, 99, 100, 101, 102, 103, 104, 105, 106, 107]","[0, 1, 2, 3, 4, 5, 6, 7, 8, 9, 10, 11, 12, 13, 14, 15, 16, 17, 18, 19, 20, 21, 22, 23, 24, 25, 26, 27, 28, 29, 30, 31, 32, 33, 34, 35, 36, 37, 38, 39, 40, 41, 42, 43, 44, 45, 46, 47, 48, 49, 50, 51, 52, 53, 54, 55, 56, 57, 58, 59, 60, 61, 62, 63, 64, 65, 66, 67, 68, 69, 70, 71, 72, 73, 74, 75, 76, 77, 78, 79, 80, 81, 82, 83, 84, 85, 86, 87, 88, 89, 90, 91, 92, 93, 94, 95, 96, 97, 98, 99, 100, 101, 102, 103, 104, 105, 106, 107]","[98, 2, 97, 101, 100, 99, 5, 0, 3, 1, 4, 38, 37, 36, 96, 39, 41, 14, 17, 12, 15, 13, 16, 6, 9, 40, 107, 11, 8, 7, 10, 44, 43, 42, 68, 67, 66, 74, 73, 72, 71, 70, 47, 45, 46, 106, 69, 105, 77, 75, 76, 29, 23, 26, 20, 25, 28, 19, 18, 21, 24, 27, 22, 34, 33, 35, 30, 31, 32, 53, 51, 52, 81, 83, 82, 104, 103, 102, 50, 48, 49, 78, 79, 80, 65, 59, 64, 57, 58, 55, 61, 54, 60, 62, 56, 85, 86, 84, 89, 88, 87, 63, 95, 92, 91, 90, 94, 93]","[98, 2, 97, 101, 100, 99, 5, 0, 3, 1, 4, 38, 37, 36, 96, 39, 41, 14, 17, 12, 15, 13, 16, 6, 9, 40, 107, 11, 8, 7, 10, 44, 43, 42, 68, 67, 66, 74, 73, 72, 71, 70, 47, 45, 46, 106, 69, 105, 77, 75, 76, 29, 23, 26, 20, 25, 28, 19, 18, 21, 24, 27, 22, 34, 33, 35, 30, 31, 32, 53, 51, 52, 81, 83, 82, 104, 103, 102, 50, 48, 49, 78, 79, 80, 65, 59, 64, 57, 58, 55, 61, 54, 60, 62, 56, 85, 86, 84, 89, 88, 87, 63, 95, 92, 91, 90, 94, 93]",552,552,604713,632337,NOT_IMPLEMENTED,NOT_IMPLEMENTED,NOT_IMPLEMENTED,NOT_IMPLEMENTED,NOT_IMPLEMENTED,NOT_IMPLEMENTED,NOT_IMPLEMENTED,225197.0,16,14074.8125,-83750.9375,,,,,1,0,5750,0,,,,,,,,,,,,108,,,NOT_IMPLEMENTED,,true,36,"robotY,robotY',robotX,robotX'","goalsX[2],goalsX[2]',goalsY[0],goalsY[0]',staticObstaclesY[1],staticObstaclesY[1]',staticObstaclesX[2],staticObstaclesX[2]',goalsY[1],goalsY[1]',goalsX[0],goalsX[0]',staticObstaclesX[0],staticObstaclesX[0]',staticObstaclesY[3],staticObstaclesY[3]',staticObstaclesY[2],staticObstaclesY[2]',staticObstaclesX[3],staticObstaclesX[3]',staticObstaclesY[4],staticObstaclesY[4]',staticObstaclesY[0],staticObstaclesY[0]',goalsX[1],goalsX[1]',staticObstaclesX[1],staticObstaclesX[1]',goalsY[2],goalsY[2]',staticObstaclesX[4],staticObstaclesX[4]'",0,,,,,,3,1,324463666037968148863156020576256,324463666037968148863156020576256,320000000000000,12375682692647798144099457957888,5942112188569825319515796275200,324518553658426726783156020576256,9223372036854775808000,117166226675955485387923862323200,CUDD,"Using BDD Package: CUDDFactory, Version: CUDD 3.0","import ""DwyerPatternsNew.spectra""",,0,0,false,false,[],[],,null
1670169894,FINAL,1670169894.spectra,0,KIND_REALIZABILITY,SYS_REAL_KIND,"TEMP: false, SORT_AFTERWARDS: false, GROUP_OPTION: NO_GROUPING, INCREMENTAL_ADDITION: NO_INCREMENTAL, USE_RABIN: false, GROUP_AUX: GROUP_PAIR, STATIC_ORDER: REVERSE_CUTHILL, ROY_SIFT_MARKER: false, MAKE_LAST: false, MEMORYLESS: true, REORDER_METHOD: SIFT, NEW_PATTERN: true, INCREMENTAL_JUSTICES: INCREMENTAL_GRAPH, REDUCED_ALGORITHM: FALSE, PARALLEL: false, ORIGINAL: false, BUCHI_INTERSECTION: false, NEW_TRIGGER: true, PARTITIONED: SINGLE_FUNC, VERIFICATION: true, CREATE_GRAPH: false",3453,234,96094,-1,3391,103172,"[0, 1, 2, 3, 4, 5, 6, 7, 8, 9, 10, 11, 12, 13, 14, 15, 16, 17, 18, 19, 20, 21, 22, 23, 24, 25, 26, 27, 28, 29, 30, 31, 32, 33, 34, 35, 36, 37, 38, 39, 40, 41, 42, 43, 44, 45, 46, 47, 48, 49, 50, 51, 52, 53, 54, 55, 56, 57, 58, 59, 60, 61, 62, 63, 64, 65, 66, 67, 68, 69, 70, 71, 72, 73, 74, 75, 76, 77, 78, 79, 80, 81, 82, 83, 84, 85, 86, 87, 88, 89, 90, 91, 92, 93, 94, 95, 96, 97, 98, 99, 100, 101, 102, 103, 104, 105, 106, 107]","[105, 106, 107, 99, 100, 101, 90, 91, 92, 84, 85, 86, 80, 78, 79, 72, 73, 74, 66, 67, 68, 60, 61, 62, 54, 55, 56, 48, 49, 50, 42, 43, 44, 36, 37, 38, 102, 103, 104, 96, 97, 98, 24, 25, 26, 18, 19, 20, 93, 94, 95, 87, 88, 89, 81, 82, 83, 75, 76, 77, 69, 70, 71, 64, 65, 63, 57, 58, 59, 51, 52, 53, 45, 46, 47, 39, 40, 41, 27, 28, 29, 21, 22, 23, 6, 7, 8, 0, 1, 2, 9, 10, 11, 3, 4, 5, 32, 30, 31, 12, 13, 14, 33, 34, 35, 16, 17, 15]","[92, 90, 91, 23, 22, 19, 20, 18, 21, 29, 27, 24, 105, 106, 107, 99, 100, 101, 102, 103, 104, 98, 96, 97, 28, 32, 26, 25, 30, 31, 86, 85, 84, 66, 72, 78, 79, 67, 73, 80, 74, 68, 2, 5, 1, 4, 0, 3, 8, 11, 6, 9, 7, 10, 61, 62, 60, 56, 55, 54, 65, 12, 14, 13, 48, 49, 50, 43, 42, 44, 37, 36, 38, 64, 63, 95, 94, 93, 33, 35, 34, 89, 87, 88, 59, 58, 57, 17, 15, 16, 69, 70, 82, 76, 75, 81, 71, 83, 77, 52, 53, 51, 45, 46, 47, 40, 39, 41]","[92, 90, 91, 23, 22, 19, 20, 18, 21, 29, 27, 24, 105, 106, 107, 99, 100, 101, 102, 103, 104, 98, 96, 97, 28, 32, 26, 25, 30, 31, 86, 85, 84, 66, 72, 78, 79, 67, 73, 80, 74, 68, 2, 5, 1, 4, 0, 3, 8, 11, 6, 9, 7, 10, 61, 62, 60, 56, 55, 54, 65, 12, 14, 13, 48, 49, 50, 43, 42, 44, 37, 36, 38, 64, 63, 95, 94, 93, 33, 35, 34, 89, 87, 88, 59, 58, 57, 17, 15, 16, 69, 70, 82, 76, 75, 81, 71, 83, 77, 52, 53, 51, 45, 46, 47, 40, 39, 41]",552,550,520053,558774,NOT_IMPLEMENTED,NOT_IMPLEMENTED,NOT_IMPLEMENTED,NOT_IMPLEMENTED,NOT_IMPLEMENTED,NOT_IMPLEMENTED,NOT_IMPLEMENTED,94750.0,15,6316.666666666668,-53044.33333333334,,,,,1,0,3359,0,,,,,,,,,,,,108,,,NOT_IMPLEMENTED,,true,36,"robotX,robotX',robotY,robotY'","staticObstaclesY[1],staticObstaclesY[1]',goalsX[1],goalsX[1]',staticObstaclesX[2],staticObstaclesX[2]',staticObstaclesY[3],staticObstaclesY[3]',staticObstaclesX[0],staticObstaclesX[0]',goalsY[1],goalsY[1]',staticObstaclesY[0],staticObstaclesY[0]',staticObstaclesX[3],staticObstaclesX[3]',staticObstaclesX[1],staticObstaclesX[1]',goalsX[0],goalsX[0]',goalsY[0],goalsY[0]',staticObstaclesY[4],staticObstaclesY[4]',goalsX[2],goalsX[2]',goalsY[2],goalsY[2]',staticObstaclesY[2],staticObstaclesY[2]',staticObstaclesX[4],staticObstaclesX[4]'",0,,,,,,3,1,324463666037968148863156020576256,324463666037968148863156020576256,320000000000000,12375682692647798144099457957888,5942112188569825319515796275200,324518553658426726783156020576256,9223372036854775808000,117166226675955485387923862323200,CUDD,"Using BDD Package: CUDDFactory, Version: CUDD 3.0","import ""DwyerPatternsNewReduced.spectra""",,0,0,false,false,[],[],,null
1670075301,NOTHING,1670075301.spectra,0,KIND_REALIZABILITY,SYS_REAL_KIND,"TEMP: false, SORT_AFTERWARDS: false, GROUP_OPTION: NO_GROUPING, INCREMENTAL_ADDITION: NO_INCREMENTAL, USE_RABIN: false, GROUP_AUX: NO_GROUPING, STATIC_ORDER: NO_STATIC_ORDERING, ROY_SIFT_MARKER: false, MAKE_LAST: false, MEMORYLESS: false, REORDER_METHOD: SIFT, NEW_PATTERN: false, INCREMENTAL_JUSTICES: NO_INCREMENTAL, REDUCED_ALGORITHM: FALSE, PARALLEL: false, ORIGINAL: false, BUCHI_INTERSECTION: false, NEW_TRIGGER: false, PARTITIONED: SINGLE_FUNC, VERIFICATION: true, CREATE_GRAPH: false",3812,15,110,-1,526782,530719,"[0, 1, 2, 3, 4, 5, 6, 7, 8, 9, 10, 11, 12, 13, 14, 15, 16, 17, 18, 19, 20, 21, 22, 23, 24, 25, 26, 27, 28, 29, 30, 31, 32, 33, 34, 35, 36, 37, 38, 39, 40, 41, 42, 43, 44, 45, 46, 47, 48, 49, 50, 51, 52, 53, 54, 55, 56, 57, 58, 59, 60, 61, 62, 63, 64, 65, 66, 67, 68, 69]","[0, 1, 2, 3, 4, 5, 6, 7, 8, 9, 10, 11, 12, 13, 14, 15, 16, 17, 18, 19, 20, 21, 22, 23, 24, 25, 26, 27, 28, 29, 30, 31, 32, 33, 34, 35, 36, 37, 38, 39, 40, 41, 42, 43, 44, 45, 46, 47, 48, 49, 50, 51, 52, 53, 54, 55, 56, 57, 58, 59, 60, 61, 62, 63, 64, 65, 66, 67, 68, 69]","[37, 39, 41, 36, 52, 53, 54, 56, 55, 57, 58, 59, 60, 61, 62, 2, 5, 0, 3, 1, 4, 7, 10, 11, 8, 6, 9, 12, 15, 14, 17, 16, 13, 23, 24, 20, 19, 22, 18, 38, 21, 27, 28, 25, 26, 40, 42, 29, 31, 30, 33, 32, 34, 35, 45, 43, 46, 47, 44, 48, 49, 50, 51, 63, 64, 65, 66, 67, 68, 69]","[57, 56, 54, 53, 52, 55, 63, 62, 60, 59, 58, 61, 2, 5, 1, 4, 0, 3, 8, 11, 7, 10, 6, 37, 36, 9, 14, 38, 17, 28, 25, 12, 15, 24, 40, 27, 16, 13, 21, 18, 22, 19, 23, 20, 29, 46, 41, 39, 45, 31, 30, 26, 34, 32, 33, 35, 43, 42, 47, 51, 50, 48, 49, 44, 64, 65, 66, 67, 69, 68]",573,573,7768,910088,NOT_IMPLEMENTED,NOT_IMPLEMENTED,NOT_IMPLEMENTED,NOT_IMPLEMENTED,NOT_IMPLEMENTED,NOT_IMPLEMENTED,NOT_IMPLEMENTED,402408.0,11,36582.54545454545,-11366.545454545454,,,,,1,0,526751,0,,,,,,,,,,,,70,,,NOT_IMPLEMENTED,,false,30,"robotY,robotY',$TRIGGER:0.VAR,robotX,robotX',$TRIGGER:0.VAR'","targetBX,targetBX',targetCY,targetCY',$PATTERN:1.ENV_CONSTRAINT.1.S_responds_to_P_globally.state,$PATTERN:1.ENV_CONSTRAINT.1.S_responds_to_P_globally.state',targetAY,targetAY',isCBlocked,isCBlocked',targetAX,targetAX',isABlocked,isABlocked',$PATTERN:0.ENV_CONSTRAINT.0.S_responds_to_P_globally.state,$PATTERN:0.ENV_CONSTRAINT.0.S_responds_to_P_globally.state',targetCX,targetCX',MObstacleX,MObstacleX',isBBlocked,isBBlocked',targetBY,targetBY'",0,,,,,,4,5,1170038815977273032704,36680905820525821952,3285247328256,2752042416461578240,191673200140888309760,2813128471240706621440,510877082729840640,2252220926638686208,CUDD,"Using BDD Package: CUDDFactory, Version: CUDD 3.0","import ""DwyerPatternsNew.spectra""",S_responds_to_P_globally,2,1,false,false,[],[],,null
1670075301,FINAL,1670075301.spectra,0,KIND_REALIZABILITY,SYS_REAL_KIND,"TEMP: false, SORT_AFTERWARDS: false, GROUP_OPTION: NO_GROUPING, INCREMENTAL_ADDITION: NO_INCREMENTAL, USE_RABIN: false, GROUP_AUX: GROUP_PAIR, STATIC_ORDER: REVERSE_CUTHILL, ROY_SIFT_MARKER: false, MAKE_LAST: false, MEMORYLESS: true, REORDER_METHOD: SIFT, NEW_PATTERN: true, INCREMENTAL_JUSTICES: INCREMENTAL_GRAPH, REDUCED_ALGORITHM: FALSE, PARALLEL: false, ORIGINAL: false, BUCHI_INTERSECTION: false, NEW_TRIGGER: true, PARTITIONED: SINGLE_FUNC, VERIFICATION: true, CREATE_GRAPH: false",4000,140,360,-1,119015,123515,"[0, 1, 2, 3, 4, 5, 6, 7, 8, 9, 10, 11, 12, 13, 14, 15, 16, 17, 18, 19, 20, 21, 22, 23, 24, 25, 26, 27, 28, 29, 30, 31, 32, 33, 34, 35, 36, 37, 38, 39, 40, 41, 42, 43, 44, 45, 46, 47, 48, 49, 50, 51, 52, 53, 54, 55, 56, 57, 58, 59, 60, 61, 62, 63, 64, 65, 66, 67]","[50, 51, 48, 49, 40, 38, 64, 65, 66, 67, 24, 25, 26, 32, 30, 31, 12, 13, 14, 18, 19, 20, 42, 43, 44, 36, 41, 39, 58, 59, 60, 52, 53, 54, 45, 46, 47, 33, 34, 35, 27, 28, 29, 21, 22, 23, 16, 17, 15, 0, 1, 2, 6, 7, 8, 61, 62, 63, 55, 56, 57, 9, 10, 11, 3, 4, 5, 37]","[66, 67, 65, 64, 41, 63, 57, 55, 49, 48, 51, 50, 40, 44, 43, 42, 26, 29, 27, 24, 25, 28, 35, 37, 61, 32, 33, 62, 30, 34, 31, 47, 45, 46, 59, 7, 58, 60, 10, 19, 39, 22, 56, 53, 54, 52, 11, 8, 21, 18, 9, 15, 3, 20, 6, 1, 36, 23, 16, 0, 2, 38, 4, 5, 17, 13, 12, 14]","[66, 67, 65, 64, 63, 62, 36, 44, 50, 51, 49, 48, 43, 42, 60, 59, 38, 58, 26, 29, 40, 24, 27, 25, 28, 61, 54, 33, 30, 47, 46, 45, 53, 56, 52, 55, 57, 5, 34, 41, 4, 15, 10, 37, 22, 3, 16, 39, 9, 21, 35, 1, 0, 2, 8, 6, 11, 13, 12, 31, 7, 32, 17, 23, 14, 19, 20, 18]",486,560,8363,266992,NOT_IMPLEMENTED,NOT_IMPLEMENTED,NOT_IMPLEMENTED,NOT_IMPLEMENTED,NOT_IMPLEMENTED,NOT_IMPLEMENTED,NOT_IMPLEMENTED,26613.0,15,1774.1999999999996,-9642.666666666668,,,,,1,0,119000,0,,,,,,,,,,,,68,,,NOT_IMPLEMENTED,,false,30,"$TRIGGER:0.VAR',robotY,robotY',$TRIGGER:0.VAR,robotX,robotX'","isABlocked,isABlocked',targetCY,targetCY',isBBlocked,isBBlocked',isCBlocked,isCBlocked',$PATTERN:0.ENV_CONSTRAINT.0.S_responds_to_P_globally.state,$PATTERN:0.ENV_CONSTRAINT.0.S_responds_to_P_globally.state',targetCX,targetCX',targetAY,targetAY',MObstacleX,MObstacleX',targetBX,targetBX',targetAX,targetAX',targetBY,targetBY',$PATTERN:1.ENV_CONSTRAINT.1.S_responds_to_P_globally.state,$PATTERN:1.ENV_CONSTRAINT.1.S_responds_to_P_globally.state'",0,,,,,,4,5,292662327203369844736,18340452910262910976,821311832064,603194911260409856,84811788182641180672,703282117810176655360,127719270682460160,1126110463319343104,CUDD,"Using BDD Package: CUDDFactory, Version: CUDD 3.0","import ""DwyerPatternsNewReduced.spectra""",S_responds_to_P_globally,2,1,false,false,[],[REMOVED_HOLE],,null
1673547192,NOTHING,1673547192.spectra,0,KIND_REALIZABILITY,SYS_REAL_KIND,"TEMP: false, SORT_AFTERWARDS: false, GROUP_OPTION: NO_GROUPING, INCREMENTAL_ADDITION: NO_INCREMENTAL, USE_RABIN: false, GROUP_AUX: NO_GROUPING, STATIC_ORDER: NO_STATIC_ORDERING, ROY_SIFT_MARKER: false, MAKE_LAST: false, MEMORYLESS: false, REORDER_METHOD: SIFT, NEW_PATTERN: false, INCREMENTAL_JUSTICES: NO_INCREMENTAL, REDUCED_ALGORITHM: FALSE, PARALLEL: false, ORIGINAL: false, BUCHI_INTERSECTION: false, NEW_TRIGGER: false, PARTITIONED: SINGLE_FUNC, VERIFICATION: true, CREATE_GRAPH: false",3109,16,3000,-1,148032,154157,"[0, 1, 2, 3, 4, 5, 6, 7, 8, 9, 10, 11, 12, 13, 14, 15, 16, 17, 18, 19, 20, 21, 22, 23, 24, 25, 26, 27, 28, 29, 30, 31, 32, 33, 34, 35, 36, 37, 38, 39, 40, 41, 42, 43, 44, 45, 46, 47, 48, 49, 50, 51, 52, 53, 54, 55, 56, 57]","[0, 1, 2, 3, 4, 5, 6, 7, 8, 9, 10, 11, 12, 13, 14, 15, 16, 17, 18, 19, 20, 21, 22, 23, 24, 25, 26, 27, 28, 29, 30, 31, 32, 33, 34, 35, 36, 37, 38, 39, 40, 41, 42, 43, 44, 45, 46, 47, 48, 49, 50, 51, 52, 53, 54, 55, 56, 57]","[43, 41, 42, 40, 21, 33, 30, 18, 17, 29, 32, 20, 2, 5, 4, 1, 31, 28, 0, 3, 16, 19, 37, 34, 22, 25, 26, 23, 27, 38, 35, 10, 7, 9, 6, 11, 8, 24, 36, 39, 47, 45, 46, 44, 54, 13, 52, 53, 55, 12, 15, 14, 56, 57, 49, 48, 51, 50]","[41, 43, 40, 42, 21, 33, 30, 18, 17, 29, 32, 28, 31, 20, 2, 5, 4, 1, 3, 0, 16, 19, 37, 34, 9, 6, 22, 25, 26, 23, 27, 10, 38, 7, 35, 8, 11, 39, 36, 24, 54, 45, 47, 44, 46, 52, 53, 55, 57, 13, 12, 15, 14, 56, 49, 48, 50, 51]",238,238,71244,96137,NOT_IMPLEMENTED,NOT_IMPLEMENTED,NOT_IMPLEMENTED,NOT_IMPLEMENTED,NOT_IMPLEMENTED,NOT_IMPLEMENTED,NOT_IMPLEMENTED,12231.0,12,1019.25,-4614.5,,,,,1,0,148032,0,,,,,,,,,,,,58,,,NOT_IMPLEMENTED,,false,22,"robotX1,robotX1',$PATTERN:2.SYS_CONSTRAINT.2.P_becomes_true_between_Q_and_R.state,$PATTERN:2.SYS_CONSTRAINT.2.P_becomes_true_between_Q_and_R.state',$PATTERN:0.SYS_CONSTRAINT.0.P_is_false_before_R.state,$PATTERN:0.SYS_CONSTRAINT.0.P_is_false_before_R.state',$PATTERN:1.SYS_CONSTRAINT.1.P_becomes_true_between_Q_and_R.state,$PATTERN:1.SYS_CONSTRAINT.1.P_becomes_true_between_Q_and_R.state',robotY0,robotY0',robotX0,robotX0',robotY1,robotY1',$COUNTER:0.intruderStays,$COUNTER:0.intruderStays'","intruderY,intruderY',intruderX,intruderX',$PATTERN:3.ENV_CONSTRAINT.3.P_becomes_true_between_Q_and_R.state,$PATTERN:3.ENV_CONSTRAINT.3.P_becomes_true_between_Q_and_R.state'",2,,,,,,4,4,93721805826555904,662976520519680,4749806480130048,803661737472,756661912002887680,216172782113783808,9007199254740992,133143986176,CUDD,"Using BDD Package: CUDDFactory, Version: CUDD 3.0","import ""DwyerPatternsNew.spectra""","P_becomes_true_between_Q_and_R,P_is_false_before_R",4,0,false,true,[],[],,null
1673547192,FINAL,1673547192.spectra,0,KIND_REALIZABILITY,SYS_REAL_KIND,"TEMP: false, SORT_AFTERWARDS: false, GROUP_OPTION: NO_GROUPING, INCREMENTAL_ADDITION: NO_INCREMENTAL, USE_RABIN: false, GROUP_AUX: GROUP_PAIR, STATIC_ORDER: REVERSE_CUTHILL, ROY_SIFT_MARKER: false, MAKE_LAST: false, MEMORYLESS: true, REORDER_METHOD: SIFT, NEW_PATTERN: true, INCREMENTAL_JUSTICES: INCREMENTAL_GRAPH, REDUCED_ALGORITHM: FALSE, PARALLEL: false, ORIGINAL: false, BUCHI_INTERSECTION: false, NEW_TRIGGER: true, PARTITIONED: SINGLE_FUNC, VERIFICATION: true, CREATE_GRAPH: false",3267,202,1265,-1,56157,60891,"[0, 1, 2, 3, 4, 5, 6, 7, 8, 9, 10, 11, 12, 13, 14, 15, 16, 17, 18, 19, 20, 21, 22, 23, 24, 25, 26, 27, 28, 29, 30, 31, 32, 33, 34, 35, 36, 37, 38, 39, 40, 41, 42, 43, 44, 45, 46, 47, 48, 49, 50, 51]","[0, 1, 2, 3, 4, 5, 6, 7, 8, 9, 10, 11, 12, 13, 14, 15, 16, 17, 18, 19, 20, 21, 22, 23, 24, 25, 26, 27, 28, 29, 30, 31, 32, 33, 34, 35, 36, 37, 38, 39, 40, 41, 42, 43, 44, 45, 46, 47, 48, 49, 50, 51]","[51, 50, 47, 49, 46, 48, 42, 43, 44, 45, 40, 41, 39, 38, 12, 13, 16, 19, 15, 18, 28, 31, 27, 30, 14, 17, 2, 5, 4, 1, 0, 3, 29, 26, 23, 20, 35, 32, 24, 21, 25, 9, 36, 33, 10, 7, 6, 11, 8, 37, 22, 34]","[47, 48, 51, 50, 49, 46, 12, 13, 44, 45, 41, 39, 40, 38, 42, 43, 16, 19, 15, 18, 14, 17, 28, 31, 30, 27, 2, 5, 4, 1, 3, 0, 29, 26, 23, 20, 35, 32, 24, 21, 25, 10, 36, 33, 7, 9, 6, 11, 8, 37, 22, 34]",206,214,73774,90514,NOT_IMPLEMENTED,NOT_IMPLEMENTED,NOT_IMPLEMENTED,NOT_IMPLEMENTED,NOT_IMPLEMENTED,NOT_IMPLEMENTED,NOT_IMPLEMENTED,7480.0,11,680.0,-2246.090909090909,,,,,1,0,56157,0,,,,,,,,,,,,52,,,NOT_IMPLEMENTED,,false,22,"$PATTERN:0.SYS_CONSTRAINT.0.P_is_false_before_R.state,$PATTERN:0.SYS_CONSTRAINT.0.P_is_false_before_R.state',robotX1,robotX1',robotY0,robotY0',$PATTERN:2.SYS_CONSTRAINT.2.P_becomes_true_between_Q_and_R.state,$PATTERN:2.SYS_CONSTRAINT.2.P_becomes_true_between_Q_and_R.state',$COUNTER:0.intruderStays,$COUNTER:0.intruderStays',robotX0,robotX0',$PATTERN:1.SYS_CONSTRAINT.1.P_becomes_true_between_Q_and_R.state,$PATTERN:1.SYS_CONSTRAINT.1.P_becomes_true_between_Q_and_R.state',robotY1,robotY1'","intruderY,intruderY',intruderX,intruderX',$PATTERN:3.ENV_CONSTRAINT.3.P_becomes_true_between_Q_and_R.state,$PATTERN:3.ENV_CONSTRAINT.3.P_becomes_true_between_Q_and_R.state'",2,,,,,,1,3,2057607632125952,82872065064960,180316417294336,58368007656,3941543027146752,1125899906842624,281474976710656,8321499136,CUDD,"Using BDD Package: CUDDFactory, Version: CUDD 3.0","import ""DwyerPatternsNewReduced.spectra""","P_becomes_true_between_Q_and_R,P_is_false_before_R",4,0,false,true,"[REMOVED_HOLE, REMOVED_HOLE, REMOVED_HOLE, REMOVED_HOLE, REMOVED_JUSTICE, REMOVED_JUSTICE, REMOVED_JUSTICE, REMOVED_JUSTICE, REMOVED_VAR, REMOVED_VAR, REMOVED_VAR]",[],,null
1670168548,NOTHING,1670168548.spectra,0,KIND_REALIZABILITY,SYS_REAL_KIND,"TEMP: false, SORT_AFTERWARDS: false, GROUP_OPTION: NO_GROUPING, INCREMENTAL_ADDITION: NO_INCREMENTAL, USE_RABIN: false, GROUP_AUX: NO_GROUPING, STATIC_ORDER: NO_STATIC_ORDERING, ROY_SIFT_MARKER: false, MAKE_LAST: false, MEMORYLESS: false, REORDER_METHOD: SIFT, NEW_PATTERN: false, INCREMENTAL_JUSTICES: NO_INCREMENTAL, REDUCED_ALGORITHM: FALSE, PARALLEL: false, ORIGINAL: false, BUCHI_INTERSECTION: false, NEW_TRIGGER: false, PARTITIONED: SINGLE_FUNC, VERIFICATION: true, CREATE_GRAPH: false",2906,0,227201,-1,5859,235966,"[0, 1, 2, 3, 4, 5, 6, 7, 8, 9, 10, 11, 12, 13, 14, 15, 16, 17, 18, 19, 20, 21, 22, 23, 24, 25, 26, 27, 28, 29, 30, 31, 32, 33, 34, 35, 36, 37, 38, 39, 40, 41, 42, 43, 44, 45, 46, 47, 48, 49, 50, 51, 52, 53, 54, 55, 56, 57, 58, 59, 60, 61, 62, 63, 64, 65, 66, 67, 68, 69, 70, 71, 72, 73, 74, 75, 76, 77, 78, 79, 80, 81, 82, 83, 84, 85, 86, 87, 88, 89, 90, 91, 92, 93, 94, 95, 96, 97, 98, 99, 100, 101, 102, 103, 104, 105, 106, 107]","[0, 1, 2, 3, 4, 5, 6, 7, 8, 9, 10, 11, 12, 13, 14, 15, 16, 17, 18, 19, 20, 21, 22, 23, 24, 25, 26, 27, 28, 29, 30, 31, 32, 33, 34, 35, 36, 37, 38, 39, 40, 41, 42, 43, 44, 45, 46, 47, 48, 49, 50, 51, 52, 53, 54, 55, 56, 57, 58, 59, 60, 61, 62, 63, 64, 65, 66, 67, 68, 69, 70, 71, 72, 73, 74, 75, 76, 77, 78, 79, 80, 81, 82, 83, 84, 85, 86, 87, 88, 89, 90, 91, 92, 93, 94, 95, 96, 97, 98, 99, 100, 101, 102, 103, 104, 105, 106, 107]","[98, 2, 97, 101, 100, 99, 5, 0, 3, 1, 4, 38, 37, 36, 96, 39, 41, 14, 17, 12, 15, 13, 16, 6, 9, 40, 107, 11, 8, 7, 10, 44, 43, 42, 68, 67, 66, 74, 73, 72, 71, 70, 47, 45, 46, 106, 69, 105, 77, 75, 76, 29, 23, 26, 20, 25, 28, 19, 18, 21, 24, 27, 22, 34, 33, 35, 30, 31, 32, 53, 51, 52, 81, 83, 82, 104, 103, 102, 50, 48, 49, 78, 79, 80, 65, 59, 64, 57, 58, 55, 61, 54, 60, 62, 56, 85, 86, 84, 89, 88, 87, 63, 95, 92, 91, 90, 94, 93]","[98, 2, 97, 101, 100, 99, 5, 0, 3, 1, 4, 38, 37, 36, 96, 39, 41, 14, 17, 12, 15, 13, 16, 6, 9, 40, 107, 11, 8, 7, 10, 44, 43, 42, 68, 67, 66, 74, 73, 72, 71, 70, 47, 45, 46, 106, 69, 105, 77, 75, 76, 29, 23, 26, 20, 25, 28, 19, 18, 21, 24, 27, 22, 34, 33, 35, 30, 31, 32, 53, 51, 52, 81, 83, 82, 104, 103, 102, 50, 48, 49, 78, 79, 80, 65, 59, 64, 57, 58, 55, 61, 54, 60, 62, 56, 85, 86, 84, 89, 88, 87, 63, 95, 92, 91, 90, 94, 93]",552,552,604714,632338,NOT_IMPLEMENTED,NOT_IMPLEMENTED,NOT_IMPLEMENTED,NOT_IMPLEMENTED,NOT_IMPLEMENTED,NOT_IMPLEMENTED,NOT_IMPLEMENTED,224182.0,16,14011.375,-83751.4375,,,,,1,0,5844,0,,,,,,,,,,,,108,,,NOT_IMPLEMENTED,,true,36,"robotX,robotX',robotY,robotY'","goalsY[1],goalsY[1]',goalsX[0],goalsX[0]',goalsX[2],goalsX[2]',staticObstaclesY[4],staticObstaclesY[4]',staticObstaclesX[0],staticObstaclesX[0]',staticObstaclesX[4],staticObstaclesX[4]',staticObstaclesY[0],staticObstaclesY[0]',staticObstaclesY[1],staticObstaclesY[1]',staticObstaclesX[1],staticObstaclesX[1]',staticObstaclesY[3],staticObstaclesY[3]',staticObstaclesX[3],staticObstaclesX[3]',goalsY[2],goalsY[2]',goalsX[1],goalsX[1]',goalsY[0],goalsY[0]',staticObstaclesY[2],staticObstaclesY[2]',staticObstaclesX[2],staticObstaclesX[2]'",0,,,,,,3,1,324463666037968148863156020576256,324463666037968148863156020576256,320000000000000,12375682692647798144099457957888,5942112188569825319515796275200,324518553658426726783156020576256,9223372036854775808000,117166226675955485387923862323200,CUDD,"Using BDD Package: CUDDFactory, Version: CUDD 3.0","import ""DwyerPatternsNew.spectra""",,0,0,false,false,[],[],,null
