Spec,RunConfig,UniqueIdentifier,TIMEOUT,ActionType,Result,CONFIG_TXT,INITIAL_BDD_TIME,HEURISTICS_TIME,SECOND_STEP_TIME,PARALLEL_OVERHEAD_TIME,WORK_TIME,TOTAL_TIME,PRE_ROYBDD_ORDER,POST_HEURISTICS_ORDER,POST_SECOND_STEP_ORDER,POST_WORK_ORDER,PRE_ROYBDD_NODE_SIZE,POST_HEURISTICS_NODE_SIZE,POST_SECOND_STEP_NODE_SIZE,POST_WORK_NODE_SIZE,AVERAGE_AUX_SIZE,AVERAGE_SYS_DOM_IN_CONSTRAINT,AVERAGE_ENV_DOM_IN_CONSTRAINT,AVERAGE_SYS_DOM_SIZE,AVERAGE_ENV_DOM_SIZE,AVERAGE_CONSTRAINT_COMPLEXITY,INTERCONNECTNESS_INDEX,TOTAL_REORDER_TIME,REORDER_CALL_AMOUNT,AVERAGE_REORDER_TIME,AVERAGE_REORDER_GAIN,Z_FIXPOINTS,Y_FIXPOINTS,X_FIXPOINTS,W_FIXPOINTS,REAL_CASES,UNREAL_CASES,REAL_TIME,UNREAL_TIME,GRAPH_DATA,CLUSTER_INC_DATA,CLUSTER_VAR_DATA,DOMAIN_GRAPH_DATA,CONSTRAINT_GRAPH_DATA,JUST_STRING_COUNT,JUST_STRING_ENV_COUNT,TRANS_STRING_SYS_COUNT,TRANS_STRING_ENV_COUNT,INI_STRING_ENV_COUNT,INI_STRING_SYS_COUNT,TOTAL_VARS,SYS_VARS,ENV_VARS,AUX_VARS,UNUSED_CONS_VARS,ARRAYS_INSTANCES,TOTAL_DOMS,SYS_DOMS,ENV_DOMS,AUX_DOMS,DOMS_NOT_QUANTIFIED,INI_SYS_CONSTRAINTS,INI_ENV_CONSTRAINTS,TRANS_ENV_CONSTRAINTS,TRANS_SYS_CONSTRAINTS,JUSTICE_SYS_AMOUNT,JUSTICE_ENV_AMOUNT,Z_SAT_COUNT,Z_SAT_COUNT_START_S0,TRANS_ENV_SAT,TRANS_SYS_SAT,JUSTS_SYS_SAT,JUSTS_ENV_SAT,INI_ENV_SAT,INI_SYS_SAT,FACTORY_TYPE,BDDPACKAGE,IMPORT,UNIQUE_PATTERNS,PATTERN_INSTANCES,TRIGGER_INSTANCES,MONITORS_INSTANCES,COUNTERS_INSTANCES,REDUCED_PATTERN,REDUCED_TRIGGER,SWAPPED_TO_ORIGINAL,ADDITIONAL
1669915643,NOTHING,1669915643.spectra,0,KIND_REALIZABILITY,SYS_UNREAL_KIND,"TEMP: false, SORT_AFTERWARDS: false, GROUP_OPTION: NO_GROUPING, INCREMENTAL_ADDITION: NO_INCREMENTAL, USE_RABIN: false, GROUP_AUX: NO_GROUPING, STATIC_ORDER: NO_STATIC_ORDERING, ROY_SIFT_MARKER: false, MAKE_LAST: false, MEMORYLESS: false, REORDER_METHOD: SIFT, NEW_PATTERN: false, INCREMENTAL_JUSTICES: NO_INCREMENTAL, REDUCED_ALGORITHM: FALSE, PARALLEL: false, ORIGINAL: false, BUCHI_INTERSECTION: false, NEW_TRIGGER: false, PARTITIONED: SINGLE_FUNC, VERIFICATION: true, CREATE_GRAPH: false",2312,16,531,-1,550857,553716,"[0, 1, 2, 3, 4, 5, 6, 7, 8, 9, 10, 11, 12, 13, 14, 15, 16, 17, 18, 19, 20, 21, 22, 23, 24, 25, 26, 27, 28, 29, 30, 31, 32, 33, 34, 35, 36, 37, 38, 39, 40, 41, 42, 43, 44, 45, 46, 47, 48, 49, 50, 51, 52, 53, 54, 55, 56, 57, 58, 59, 60, 61, 62, 63, 64, 65, 66, 67, 68, 69]","[0, 1, 2, 3, 4, 5, 6, 7, 8, 9, 10, 11, 12, 13, 14, 15, 16, 17, 18, 19, 20, 21, 22, 23, 24, 25, 26, 27, 28, 29, 30, 31, 32, 33, 34, 35, 36, 37, 38, 39, 40, 41, 42, 43, 44, 45, 46, 47, 48, 49, 50, 51, 52, 53, 54, 55, 56, 57, 58, 59, 60, 61, 62, 63, 64, 65, 66, 67, 68, 69]","[40, 38, 36, 2, 5, 0, 3, 1, 4, 6, 9, 17, 14, 12, 15, 13, 16, 24, 27, 29, 26, 60, 58, 59, 61, 62, 63, 68, 67, 25, 28, 7, 10, 8, 11, 20, 23, 22, 19, 21, 18, 37, 39, 31, 69, 65, 30, 64, 41, 34, 32, 33, 35, 66, 57, 44, 56, 55, 54, 42, 45, 46, 43, 47, 49, 50, 48, 53, 52, 51]","[40, 38, 36, 1, 2, 5, 4, 60, 14, 17, 13, 16, 63, 62, 59, 58, 0, 3, 26, 29, 12, 15, 28, 25, 27, 20, 24, 23, 61, 19, 22, 69, 21, 18, 68, 34, 31, 41, 30, 39, 33, 10, 67, 9, 37, 35, 7, 6, 32, 8, 11, 46, 66, 45, 65, 64, 57, 56, 55, 54, 42, 43, 47, 44, 50, 48, 49, 53, 51, 52]",314,314,12821,1616854,NOT_IMPLEMENTED,NOT_IMPLEMENTED,NOT_IMPLEMENTED,NOT_IMPLEMENTED,NOT_IMPLEMENTED,NOT_IMPLEMENTED,NOT_IMPLEMENTED,167853.0,16,10490.8125,-15005.3125,,,,,0,0,0,0,,,,,,,,,,,,70,,,NOT_IMPLEMENTED,,false,30,"robotY,robotY',robotX,robotX'","targetCY,targetCY',MObstacleX,MObstacleX',targetBX,targetBX',$PATTERN:1.ENV_CONSTRAINT.1.S_responds_to_P_globally.state,$PATTERN:1.ENV_CONSTRAINT.1.S_responds_to_P_globally.state',targetBY,targetBY',isCBlocked,isCBlocked',isBBlocked,isBBlocked',targetAX,targetAX',$PATTERN:0.ENV_CONSTRAINT.0.S_responds_to_P_globally.state,$PATTERN:0.ENV_CONSTRAINT.0.S_responds_to_P_globally.state',isABlocked,isABlocked',targetCX,targetCX',targetAY,targetAY',MObstacleY,MObstacleY'",0,,,,,,4,8,0,0,420753899520,35226142930708201472,40064022285087932416,4584015902316823576576,15041319067975680,18017767413109489664,CUDD,"Using BDD Package: CUDDFactory, Version: CUDD 3.0","import ""DwyerPatternsNew.spectra""",S_responds_to_P_globally,2,0,false,false,[],[],,null
1669915643,FINAL,1669915643.spectra,0,KIND_REALIZABILITY,SYS_UNREAL_KIND,"TEMP: false, SORT_AFTERWARDS: false, GROUP_OPTION: NO_GROUPING, INCREMENTAL_ADDITION: NO_INCREMENTAL, USE_RABIN: false, GROUP_AUX: GROUP_PAIR, STATIC_ORDER: REVERSE_CUTHILL, ROY_SIFT_MARKER: false, MAKE_LAST: false, MEMORYLESS: true, REORDER_METHOD: SIFT, NEW_PATTERN: true, INCREMENTAL_JUSTICES: INCREMENTAL_GRAPH, REDUCED_ALGORITHM: FALSE, PARALLEL: false, ORIGINAL: false, BUCHI_INTERSECTION: false, NEW_TRIGGER: true, PARTITIONED: SINGLE_FUNC, VERIFICATION: true, CREATE_GRAPH: false",3344,234,500,-1,313259,317337,"[0, 1, 2, 3, 4, 5, 6, 7, 8, 9, 10, 11, 12, 13, 14, 15, 16, 17, 18, 19, 20, 21, 22, 23, 24, 25, 26, 27, 28, 29, 30, 31, 32, 33, 34, 35, 36, 37, 38, 39, 40, 41, 42, 43, 44, 45, 46, 47, 48, 49, 50, 51, 52, 53, 54, 55, 56, 57, 58, 59, 60, 61, 62, 63, 64, 65, 66, 67, 68, 69]","[51, 52, 53, 54, 55, 56, 57, 48, 49, 50, 36, 42, 43, 44, 38, 45, 46, 47, 37, 40, 0, 1, 2, 6, 7, 8, 64, 65, 66, 58, 59, 60, 39, 18, 19, 20, 12, 13, 14, 67, 68, 69, 61, 62, 63, 41, 9, 10, 11, 3, 4, 5, 32, 30, 31, 24, 25, 26, 21, 22, 23, 16, 17, 15, 33, 34, 35, 27, 28, 29]","[69, 68, 67, 51, 52, 53, 55, 54, 57, 56, 36, 44, 43, 42, 46, 45, 47, 50, 49, 48, 66, 61, 38, 65, 64, 3, 0, 5, 2, 4, 1, 11, 40, 8, 9, 6, 7, 10, 33, 30, 32, 35, 19, 22, 20, 23, 18, 31, 34, 21, 62, 26, 63, 17, 60, 16, 59, 25, 58, 37, 39, 41, 24, 13, 15, 12, 14, 28, 27, 29]","[40, 53, 38, 51, 52, 66, 65, 50, 49, 48, 64, 36, 44, 47, 43, 46, 42, 45, 56, 57, 54, 55, 69, 68, 67, 2, 5, 1, 4, 0, 3, 63, 62, 61, 60, 59, 58, 34, 31, 37, 33, 22, 29, 28, 27, 41, 21, 16, 39, 10, 9, 19, 18, 15, 11, 23, 30, 7, 35, 17, 6, 13, 12, 14, 24, 8, 20, 32, 25, 26]",314,317,12165,483287,NOT_IMPLEMENTED,NOT_IMPLEMENTED,NOT_IMPLEMENTED,NOT_IMPLEMENTED,NOT_IMPLEMENTED,NOT_IMPLEMENTED,NOT_IMPLEMENTED,70582.0,19,3714.842105263157,-36304.42105263158,,,,,0,0,0,0,,,,,,,,,,,,70,,,NOT_IMPLEMENTED,,false,30,"robotX,robotX',robotY,robotY'","MObstacleX,MObstacleX',$PATTERN:1.ENV_CONSTRAINT.1.S_responds_to_P_globally.state,$PATTERN:1.ENV_CONSTRAINT.1.S_responds_to_P_globally.state',isABlocked,isABlocked',targetBX,targetBX',isBBlocked,isBBlocked',isCBlocked,isCBlocked',targetAX,targetAX',targetBY,targetBY',targetCX,targetCX',$PATTERN:0.ENV_CONSTRAINT.0.S_responds_to_P_globally.state,$PATTERN:0.ENV_CONSTRAINT.0.S_responds_to_P_globally.state',targetAY,targetAY',targetCY,targetCY',MObstacleY,MObstacleY'",0,,,,,,4,8,0,0,420753899520,35226142930708201472,40064022285087932416,4584015902316823576576,15041319067975680,18017767413109489664,CUDD,"Using BDD Package: CUDDFactory, Version: CUDD 3.0","import ""DwyerPatternsNewReduced.spectra""",S_responds_to_P_globally,2,0,false,false,[],[],,null
1669965418,NOTHING,1669965418.spectra,0,KIND_REALIZABILITY,SYS_UNREAL_KIND,"TEMP: false, SORT_AFTERWARDS: false, GROUP_OPTION: NO_GROUPING, INCREMENTAL_ADDITION: NO_INCREMENTAL, USE_RABIN: false, GROUP_AUX: NO_GROUPING, STATIC_ORDER: NO_STATIC_ORDERING, ROY_SIFT_MARKER: false, MAKE_LAST: false, MEMORYLESS: false, REORDER_METHOD: SIFT, NEW_PATTERN: false, INCREMENTAL_JUSTICES: NO_INCREMENTAL, REDUCED_ALGORITHM: FALSE, PARALLEL: false, ORIGINAL: false, BUCHI_INTERSECTION: false, NEW_TRIGGER: false, PARTITIONED: SINGLE_FUNC, VERIFICATION: true, CREATE_GRAPH: false",2484,15,454,-1,189880,192833,"[0, 1, 2, 3, 4, 5, 6, 7, 8, 9, 10, 11, 12, 13, 14, 15, 16, 17, 18, 19, 20, 21, 22, 23, 24, 25, 26, 27, 28, 29, 30, 31, 32, 33, 34, 35, 36, 37, 38, 39, 40, 41, 42, 43, 44, 45, 46, 47, 48, 49, 50, 51, 52, 53, 54, 55, 56, 57, 58, 59, 60, 61, 62, 63, 64, 65, 66, 67, 68, 69]","[0, 1, 2, 3, 4, 5, 6, 7, 8, 9, 10, 11, 12, 13, 14, 15, 16, 17, 18, 19, 20, 21, 22, 23, 24, 25, 26, 27, 28, 29, 30, 31, 32, 33, 34, 35, 36, 37, 38, 39, 40, 41, 42, 43, 44, 45, 46, 47, 48, 49, 50, 51, 52, 53, 54, 55, 56, 57, 58, 59, 60, 61, 62, 63, 64, 65, 66, 67, 68, 69]","[40, 38, 5, 36, 2, 0, 3, 1, 4, 15, 12, 14, 17, 13, 16, 24, 27, 26, 29, 28, 25, 58, 59, 60, 11, 8, 9, 6, 7, 62, 61, 63, 69, 68, 67, 10, 20, 23, 18, 21, 22, 19, 37, 39, 30, 64, 31, 65, 41, 34, 32, 33, 35, 66, 57, 44, 56, 55, 54, 42, 45, 46, 43, 47, 49, 50, 48, 53, 52, 51]","[40, 38, 36, 2, 5, 1, 4, 0, 3, 14, 17, 12, 15, 13, 16, 26, 29, 28, 25, 62, 63, 60, 59, 58, 24, 27, 61, 6, 9, 7, 10, 11, 69, 22, 19, 21, 18, 68, 67, 39, 37, 30, 31, 41, 33, 34, 35, 20, 32, 8, 23, 66, 65, 46, 45, 64, 57, 56, 42, 43, 54, 55, 47, 44, 50, 49, 48, 53, 52, 51]",314,314,12758,802967,NOT_IMPLEMENTED,NOT_IMPLEMENTED,NOT_IMPLEMENTED,NOT_IMPLEMENTED,NOT_IMPLEMENTED,NOT_IMPLEMENTED,NOT_IMPLEMENTED,56895.0,15,3793.0,-6587.333333333333,,,,,0,0,0,0,,,,,,,,,,,,70,,,NOT_IMPLEMENTED,,false,30,"robotX,robotX',robotY,robotY'","targetCY,targetCY',targetAY,targetAY',isABlocked,isABlocked',targetCX,targetCX',$PATTERN:0.ENV_CONSTRAINT.0.S_responds_to_P_globally.state,$PATTERN:0.ENV_CONSTRAINT.0.S_responds_to_P_globally.state',isBBlocked,isBBlocked',isCBlocked,isCBlocked',MObstacleX,MObstacleX',targetAX,targetAX',targetBY,targetBY',MObstacleY,MObstacleY',$PATTERN:1.ENV_CONSTRAINT.1.S_responds_to_P_globally.state,$PATTERN:1.ENV_CONSTRAINT.1.S_responds_to_P_globally.state',targetBX,targetBX'",0,,,,,,4,8,0,0,420753899520,35226142930708201472,40064022285087932416,6475960091376659464192,15041319067975680,18017767413109489664,CUDD,"Using BDD Package: CUDDFactory, Version: CUDD 3.0","import ""DwyerPatternsNew.spectra""",S_responds_to_P_globally,2,0,false,false,[],[],,null
1669965418,FINAL,1669965418.spectra,0,KIND_REALIZABILITY,SYS_UNREAL_KIND,"TEMP: false, SORT_AFTERWARDS: false, GROUP_OPTION: NO_GROUPING, INCREMENTAL_ADDITION: NO_INCREMENTAL, USE_RABIN: false, GROUP_AUX: GROUP_PAIR, STATIC_ORDER: REVERSE_CUTHILL, ROY_SIFT_MARKER: false, MAKE_LAST: false, MEMORYLESS: true, REORDER_METHOD: SIFT, NEW_PATTERN: true, INCREMENTAL_JUSTICES: INCREMENTAL_GRAPH, REDUCED_ALGORITHM: FALSE, PARALLEL: false, ORIGINAL: false, BUCHI_INTERSECTION: false, NEW_TRIGGER: true, PARTITIONED: SINGLE_FUNC, VERIFICATION: true, CREATE_GRAPH: false",2188,109,516,-1,258346,261159,"[0, 1, 2, 3, 4, 5, 6, 7, 8, 9, 10, 11, 12, 13, 14, 15, 16, 17, 18, 19, 20, 21, 22, 23, 24, 25, 26, 27, 28, 29, 30, 31, 32, 33, 34, 35, 36, 37, 38, 39, 40, 41, 42, 43, 44, 45, 46, 47, 48, 49, 50, 51, 52, 53, 54, 55, 56, 57, 58, 59, 60, 61, 62, 63, 64, 65, 66, 67, 68, 69]","[51, 52, 53, 33, 34, 35, 27, 28, 29, 9, 10, 11, 3, 4, 5, 21, 22, 23, 16, 17, 15, 37, 40, 39, 38, 41, 67, 68, 69, 61, 62, 63, 32, 30, 31, 24, 25, 26, 48, 49, 50, 6, 7, 8, 0, 1, 2, 18, 19, 20, 12, 13, 14, 36, 64, 65, 66, 58, 59, 60, 54, 55, 45, 46, 47, 42, 43, 44, 57, 56]","[51, 52, 68, 67, 53, 35, 36, 32, 31, 34, 30, 33, 26, 29, 25, 28, 24, 27, 8, 11, 6, 9, 69, 62, 61, 7, 10, 20, 23, 22, 19, 21, 18, 63, 64, 66, 65, 37, 39, 58, 60, 59, 41, 16, 4, 3, 12, 0, 5, 1, 2, 15, 17, 13, 14, 49, 48, 50, 44, 56, 57, 55, 54, 47, 46, 45, 38, 40, 43, 42]","[53, 40, 38, 36, 51, 52, 20, 23, 26, 29, 25, 28, 24, 27, 32, 35, 8, 11, 19, 22, 7, 31, 34, 30, 33, 10, 18, 21, 14, 17, 13, 16, 12, 15, 69, 68, 9, 6, 60, 67, 2, 1, 0, 59, 58, 41, 37, 3, 4, 62, 5, 61, 39, 63, 46, 66, 45, 65, 64, 47, 55, 54, 57, 56, 43, 42, 44, 50, 48, 49]",314,312,16141,503476,NOT_IMPLEMENTED,NOT_IMPLEMENTED,NOT_IMPLEMENTED,NOT_IMPLEMENTED,NOT_IMPLEMENTED,NOT_IMPLEMENTED,NOT_IMPLEMENTED,55731.0,18,3096.166666666667,-15433.333333333332,,,,,0,0,0,0,,,,,,,,,,,,70,,,NOT_IMPLEMENTED,,false,30,"robotX,robotX',robotY,robotY'","targetAY,targetAY',targetCY,targetCY',targetBX,targetBX',isBBlocked,isBBlocked',isCBlocked,isCBlocked',$PATTERN:1.ENV_CONSTRAINT.1.S_responds_to_P_globally.state,$PATTERN:1.ENV_CONSTRAINT.1.S_responds_to_P_globally.state',targetBY,targetBY',isABlocked,isABlocked',targetAX,targetAX',MObstacleX,MObstacleX',$PATTERN:0.ENV_CONSTRAINT.0.S_responds_to_P_globally.state,$PATTERN:0.ENV_CONSTRAINT.0.S_responds_to_P_globally.state',MObstacleY,MObstacleY',targetCX,targetCX'",0,,,,,,4,8,0,0,420753899520,35226142930708201472,40064022285087932416,6475960091376659464192,15041319067975680,18017767413109489664,CUDD,"Using BDD Package: CUDDFactory, Version: CUDD 3.0","import ""DwyerPatternsNewReduced.spectra""",S_responds_to_P_globally,2,0,false,false,[],[],,null
1669915408,NOTHING,1669915408.spectra,0,KIND_REALIZABILITY,SYS_UNREAL_KIND,"TEMP: false, SORT_AFTERWARDS: false, GROUP_OPTION: NO_GROUPING, INCREMENTAL_ADDITION: NO_INCREMENTAL, USE_RABIN: false, GROUP_AUX: NO_GROUPING, STATIC_ORDER: NO_STATIC_ORDERING, ROY_SIFT_MARKER: false, MAKE_LAST: false, MEMORYLESS: false, REORDER_METHOD: SIFT, NEW_PATTERN: false, INCREMENTAL_JUSTICES: NO_INCREMENTAL, REDUCED_ALGORITHM: FALSE, PARALLEL: false, ORIGINAL: false, BUCHI_INTERSECTION: false, NEW_TRIGGER: false, PARTITIONED: SINGLE_FUNC, VERIFICATION: true, CREATE_GRAPH: false",2660,16,4038,-1,543199,549913,"[0, 1, 2, 3, 4, 5, 6, 7, 8, 9, 10, 11, 12, 13, 14, 15, 16, 17, 18, 19, 20, 21, 22, 23, 24, 25, 26, 27, 28, 29, 30, 31, 32, 33, 34, 35, 36, 37, 38, 39, 40, 41, 42, 43, 44, 45, 46, 47, 48, 49, 50, 51, 52, 53, 54, 55, 56, 57, 58, 59, 60, 61, 62, 63, 64, 65, 66, 67, 68, 69, 70, 71, 72, 73, 74, 75, 76, 77, 78, 79, 80, 81]","[0, 1, 2, 3, 4, 5, 6, 7, 8, 9, 10, 11, 12, 13, 14, 15, 16, 17, 18, 19, 20, 21, 22, 23, 24, 25, 26, 27, 28, 29, 30, 31, 32, 33, 34, 35, 36, 37, 38, 39, 40, 41, 42, 43, 44, 45, 46, 47, 48, 49, 50, 51, 52, 53, 54, 55, 56, 57, 58, 59, 60, 61, 62, 63, 64, 65, 66, 67, 68, 69, 70, 71, 72, 73, 74, 75, 76, 77, 78, 79, 80, 81]","[49, 48, 51, 50, 2, 5, 0, 3, 1, 44, 4, 11, 8, 6, 9, 7, 10, 12, 15, 14, 17, 13, 16, 24, 27, 28, 25, 52, 53, 54, 57, 26, 29, 30, 33, 58, 41, 56, 55, 63, 62, 61, 21, 39, 60, 59, 37, 34, 22, 42, 18, 19, 20, 23, 35, 31, 32, 43, 46, 45, 47, 66, 65, 64, 67, 68, 69, 70, 71, 72, 73, 74, 75, 36, 38, 40, 76, 77, 78, 79, 80, 81]","[51, 50, 49, 48, 40, 38, 36, 44, 2, 5, 0, 3, 1, 4, 8, 11, 6, 9, 7, 10, 12, 15, 14, 17, 13, 16, 24, 27, 26, 29, 25, 28, 57, 56, 54, 55, 53, 52, 63, 30, 33, 31, 62, 61, 41, 37, 59, 58, 22, 39, 60, 43, 46, 42, 45, 18, 32, 19, 20, 21, 23, 34, 35, 47, 66, 65, 64, 67, 68, 69, 72, 71, 70, 74, 73, 75, 76, 77, 78, 79, 80, 81]",1401,1401,63193,430749,NOT_IMPLEMENTED,NOT_IMPLEMENTED,NOT_IMPLEMENTED,NOT_IMPLEMENTED,NOT_IMPLEMENTED,NOT_IMPLEMENTED,NOT_IMPLEMENTED,312397.0,14,22314.071428571435,-13094.142857142859,,,,,0,0,0,0,,,,,,,,,,,,82,,,NOT_IMPLEMENTED,,false,34,"robotX,robotX',robotY,robotY'","$TRIGGER:0.VAR,$PATTERN:1.ENV_CONSTRAINT.1.S_responds_to_P_globally.state,$PATTERN:1.ENV_CONSTRAINT.1.S_responds_to_P_globally.state',targetCY,targetCY',targetBX,targetBX',isABlocked,isABlocked',isCBlocked,isCBlocked',$TRIGGER:2.VAR',$TRIGGER:0.VAR',$TRIGGER:1.VAR,isBBlocked,isBBlocked',targetCX,targetCX',$PATTERN:0.ENV_CONSTRAINT.0.S_responds_to_P_globally.state,$PATTERN:0.ENV_CONSTRAINT.0.S_responds_to_P_globally.state',targetAY,targetAY',$TRIGGER:1.VAR',targetAX,targetAX',targetBY,targetBY',$TRIGGER:2.VAR,MObstacleX,MObstacleX'",0,,,,,,4,8,0,0,11381760000000,144286281444180793229312,164102235279720171175936,19342813113834066795298816,962644420350443520,73800775324096469663744,CUDD,"Using BDD Package: CUDDFactory, Version: CUDD 3.0","import ""DwyerPatternsNew.spectra""",S_responds_to_P_globally,2,3,false,false,[],[],,null
1669915408,FINAL,1669915408.spectra,0,KIND_REALIZABILITY,SYS_UNREAL_KIND,"TEMP: false, SORT_AFTERWARDS: false, GROUP_OPTION: NO_GROUPING, INCREMENTAL_ADDITION: NO_INCREMENTAL, USE_RABIN: false, GROUP_AUX: GROUP_PAIR, STATIC_ORDER: REVERSE_CUTHILL, ROY_SIFT_MARKER: false, MAKE_LAST: false, MEMORYLESS: true, REORDER_METHOD: SIFT, NEW_PATTERN: true, INCREMENTAL_JUSTICES: INCREMENTAL_GRAPH, REDUCED_ALGORITHM: FALSE, PARALLEL: false, ORIGINAL: false, BUCHI_INTERSECTION: false, NEW_TRIGGER: true, PARTITIONED: SINGLE_FUNC, VERIFICATION: true, CREATE_GRAPH: false",2987,127,1085,-1,86412,90611,"[0, 1, 2, 3, 4, 5, 6, 7, 8, 9, 10, 11, 12, 13, 14, 15, 16, 17, 18, 19, 20, 21, 22, 23, 24, 25, 26, 27, 28, 29, 30, 31, 32, 33, 34, 35, 36, 37, 38, 39, 40, 41, 42, 43, 44, 45, 46, 47, 48, 49, 50, 51, 52, 53, 54, 55, 56, 57, 58, 59, 60, 61, 62, 63, 64, 65, 66, 67, 68, 69, 70, 71, 72, 73, 74, 75]","[50, 51, 48, 49, 64, 65, 66, 67, 36, 68, 69, 70, 71, 42, 43, 44, 72, 73, 74, 75, 38, 45, 46, 47, 37, 39, 40, 58, 59, 60, 52, 53, 54, 0, 1, 2, 6, 7, 8, 12, 13, 14, 18, 19, 20, 61, 62, 63, 55, 56, 57, 41, 9, 10, 11, 3, 4, 5, 21, 22, 23, 16, 17, 15, 32, 30, 31, 24, 25, 26, 33, 34, 35, 27, 28, 29]","[57, 51, 50, 49, 48, 42, 43, 44, 46, 45, 47, 36, 2, 5, 55, 0, 3, 65, 66, 64, 67, 4, 38, 40, 14, 17, 13, 15, 69, 70, 68, 71, 56, 73, 74, 72, 75, 16, 12, 1, 8, 11, 6, 63, 9, 61, 7, 23, 10, 20, 19, 62, 22, 18, 21, 34, 59, 58, 30, 60, 35, 53, 25, 52, 54, 39, 37, 41, 31, 32, 24, 26, 33, 28, 29, 27]","[49, 48, 40, 36, 38, 44, 51, 50, 42, 43, 14, 17, 12, 15, 13, 16, 73, 74, 75, 72, 68, 71, 70, 69, 47, 46, 45, 2, 5, 1, 4, 0, 3, 64, 67, 66, 65, 11, 8, 9, 6, 10, 7, 23, 20, 22, 19, 21, 18, 63, 57, 25, 62, 56, 55, 39, 37, 34, 30, 61, 59, 58, 24, 60, 52, 53, 41, 54, 26, 31, 32, 33, 35, 28, 29, 27]",1069,1822,13491,221284,NOT_IMPLEMENTED,NOT_IMPLEMENTED,NOT_IMPLEMENTED,NOT_IMPLEMENTED,NOT_IMPLEMENTED,NOT_IMPLEMENTED,NOT_IMPLEMENTED,20001.0,16,1250.0625,-6351.875,,,,,0,0,0,0,,,,,,,,,,,,76,,,NOT_IMPLEMENTED,,false,34,"robotX,robotX',robotY,robotY'","$TRIGGER:0.VAR,isCBlocked,isCBlocked',$TRIGGER:1.VAR',targetBY,targetBY',$TRIGGER:0.VAR',targetAX,targetAX',$TRIGGER:1.VAR,MObstacleX,MObstacleX',$TRIGGER:2.VAR',targetBX,targetBX',$PATTERN:1.ENV_CONSTRAINT.1.S_responds_to_P_globally.state,$PATTERN:1.ENV_CONSTRAINT.1.S_responds_to_P_globally.state',targetCY,targetCY',$TRIGGER:2.VAR,$PATTERN:0.ENV_CONSTRAINT.0.S_responds_to_P_globally.state,$PATTERN:0.ENV_CONSTRAINT.0.S_responds_to_P_globally.state',targetCX,targetCX',isABlocked,isABlocked',targetAY,targetAY',isBBlocked,isBBlocked'",0,,,,,,4,8,0,0,4466737152000,2254473147565324894208,2564097426245627674624,415568250492528778805248,120330552543805440,1153137114439007338496,CUDD,"Using BDD Package: CUDDFactory, Version: CUDD 3.0","import ""DwyerPatternsNewReduced.spectra""",S_responds_to_P_globally,2,3,false,false,[],"[REMOVED_HOLE, REMOVED_HOLE, REMOVED_HOLE, REMOVED_JUSTICE, REMOVED_JUSTICE, REMOVED_JUSTICE]",,null
