Spec,RunConfig,UniqueIdentifier,TIMEOUT,ActionType,Result,CONFIG_TXT,INITIAL_BDD_TIME,HEURISTICS_TIME,SECOND_STEP_TIME,PARALLEL_OVERHEAD_TIME,WORK_TIME,TOTAL_TIME,PRE_ROYBDD_ORDER,POST_HEURISTICS_ORDER,POST_SECOND_STEP_ORDER,POST_WORK_ORDER,PRE_ROYBDD_NODE_SIZE,POST_HEURISTICS_NODE_SIZE,POST_SECOND_STEP_NODE_SIZE,POST_WORK_NODE_SIZE,AVERAGE_AUX_SIZE,AVERAGE_SYS_DOM_IN_CONSTRAINT,AVERAGE_ENV_DOM_IN_CONSTRAINT,AVERAGE_SYS_DOM_SIZE,AVERAGE_ENV_DOM_SIZE,AVERAGE_CONSTRAINT_COMPLEXITY,INTERCONNECTNESS_INDEX,TOTAL_REORDER_TIME,REORDER_CALL_AMOUNT,AVERAGE_REORDER_TIME,AVERAGE_REORDER_GAIN,Z_FIXPOINTS,Y_FIXPOINTS,X_FIXPOINTS,W_FIXPOINTS,REAL_CASES,UNREAL_CASES,REAL_TIME,UNREAL_TIME,GRAPH_DATA,CLUSTER_INC_DATA,CLUSTER_VAR_DATA,DOMAIN_GRAPH_DATA,CONSTRAINT_GRAPH_DATA,JUST_STRING_COUNT,JUST_STRING_ENV_COUNT,TRANS_STRING_SYS_COUNT,TRANS_STRING_ENV_COUNT,INI_STRING_ENV_COUNT,INI_STRING_SYS_COUNT,TOTAL_VARS,SYS_VARS,ENV_VARS,AUX_VARS,UNUSED_CONS_VARS,ARRAYS_INSTANCES,TOTAL_DOMS,SYS_DOMS,ENV_DOMS,AUX_DOMS,DOMS_NOT_QUANTIFIED,INI_SYS_CONSTRAINTS,INI_ENV_CONSTRAINTS,TRANS_ENV_CONSTRAINTS,TRANS_SYS_CONSTRAINTS,JUSTICE_SYS_AMOUNT,JUSTICE_ENV_AMOUNT,Z_SAT_COUNT,Z_SAT_COUNT_START_S0,TRANS_ENV_SAT,TRANS_SYS_SAT,JUSTS_SYS_SAT,JUSTS_ENV_SAT,INI_ENV_SAT,INI_SYS_SAT,FACTORY_TYPE,BDDPACKAGE,IMPORT,UNIQUE_PATTERNS,PATTERN_INSTANCES,TRIGGER_INSTANCES,MONITORS_INSTANCES,COUNTERS_INSTANCES,REDUCED_PATTERN,REDUCED_TRIGGER,SWAPPED_TO_ORIGINAL,ADDITIONAL
1670682273,STATIC_PARALLEL,1670682273.spectra,0,REALIZABILITY,SYS_REAL,"TEMP: false, SORT_AFTERWARDS: false, GROUP_OPTION: NO_GROUPING, INCREMENTAL_ADDITION: NO_INCREMENTAL, USE_RABIN: false, GROUP_AUX: NO_GROUPING, STATIC_ORDER: REVERSE_CUTHILL, ROY_SIFT_MARKER: false, MAKE_LAST: false, MEMORYLESS: true, REORDER_METHOD: SIFT, NEW_PATTERN: false, INCREMENTAL_JUSTICES: NO_INCREMENTAL, REDUCED_ALGORITHM: FALSE, PARALLEL: true, ORIGINAL: false, BUCHI_INTERSECTION: false, NEW_TRIGGER: false, PARTITIONED: SINGLE_FUNC, VERIFICATION: true, CREATE_GRAPH: false",2421,126,374,0,14861,18579,"[0, 1, 2, 3, 4, 5, 6, 7, 8, 9, 10, 11, 12, 13, 14, 15, 16, 17, 18, 19, 20, 21, 22, 23, 24, 25, 26, 27, 28, 29, 30, 31, 32, 33, 34, 35, 36, 37, 38, 39, 40, 41, 42, 43, 44, 45, 46, 47, 48, 49, 50, 51, 52, 53, 54, 55, 56, 57, 58, 59, 60, 61]","[54, 55, 18, 19, 20, 12, 13, 14, 56, 57, 21, 22, 23, 16, 17, 15, 51, 52, 53, 48, 49, 50, 42, 43, 44, 45, 46, 47, 27, 28, 29, 24, 25, 26, 39, 40, 41, 33, 34, 35, 3, 4, 5, 9, 10, 11, 60, 61, 36, 37, 38, 32, 30, 31, 6, 7, 8, 0, 1, 2, 58, 59]","[57, 55, 54, 56, 50, 53, 49, 52, 20, 48, 18, 19, 22, 21, 51, 23, 36, 6, 39, 59, 58, 60, 61, 24, 25, 37, 40, 27, 28, 29, 38, 41, 26, 7, 10, 9, 8, 11, 42, 12, 14, 44, 17, 13, 45, 15, 16, 43, 46, 34, 35, 33, 5, 3, 4, 47, 2, 1, 0, 30, 31, 32]","[55, 57, 54, 56, 50, 53, 52, 20, 19, 18, 49, 23, 22, 48, 21, 51, 38, 37, 26, 25, 41, 29, 40, 28, 27, 24, 36, 39, 11, 10, 8, 7, 9, 6, 61, 59, 58, 60, 44, 43, 42, 13, 12, 14, 17, 45, 15, 16, 46, 47, 30, 32, 31, 33, 34, 3, 4, 5, 35, 0, 1, 2]",288,284,25933,55117,NOT_IMPLEMENTED,NOT_IMPLEMENTED,NOT_IMPLEMENTED,NOT_IMPLEMENTED,NOT_IMPLEMENTED,NOT_IMPLEMENTED,NOT_IMPLEMENTED,3726.0,12,310.5,-6501.583333333333,2,32,266,0,1,0,14548,0,,,,,,,,,,,,62,,,NOT_IMPLEMENTED,,false,22,"robotX1,robotX1',robotY1,robotY1',$COUNTER:0.count1,$COUNTER:0.count1',robotX0,robotX0',robotY0,robotY0',$COUNTER:1.count0,$COUNTER:1.count0'","lambX0,lambX0',lambY0,lambY0',lambX1,lambX1',elevatorY,elevatorY',lambY1,lambY1'",4,,,,,,2,2,4237371578402209792,4237371578402209792,72236400640000,147593694269184,56294995342131200,1152921504606846976,527765581332480000,2533274790395904,CUDD,"Using BDD Package: CUDDFactory, Version: CUDD 3.0","import ""DwyerPatternsNew.spectra""",,0,0,false,true,[],[],true,null
1670682273,NOTHING,1670682273.spectra,0,REALIZABILITY,SYS_REAL,"TEMP: false, SORT_AFTERWARDS: false, GROUP_OPTION: NO_GROUPING, INCREMENTAL_ADDITION: NO_INCREMENTAL, USE_RABIN: false, GROUP_AUX: NO_GROUPING, STATIC_ORDER: NO_STATIC_ORDERING, ROY_SIFT_MARKER: false, MAKE_LAST: false, MEMORYLESS: true, REORDER_METHOD: SIFT, NEW_PATTERN: false, INCREMENTAL_JUSTICES: NO_INCREMENTAL, REDUCED_ALGORITHM: FALSE, PARALLEL: false, ORIGINAL: false, BUCHI_INTERSECTION: false, NEW_TRIGGER: false, PARTITIONED: SINGLE_FUNC, VERIFICATION: true, CREATE_GRAPH: false",2704,0,203,-1,228974,231881,"[0, 1, 2, 3, 4, 5, 6, 7, 8, 9, 10, 11, 12, 13, 14, 15, 16, 17, 18, 19, 20, 21, 22, 23, 24, 25, 26, 27, 28, 29, 30, 31, 32, 33, 34, 35, 36, 37, 38, 39, 40, 41, 42, 43, 44, 45, 46, 47, 48, 49, 50, 51, 52, 53, 54, 55, 56, 57, 58, 59, 60, 61]","[0, 1, 2, 3, 4, 5, 6, 7, 8, 9, 10, 11, 12, 13, 14, 15, 16, 17, 18, 19, 20, 21, 22, 23, 24, 25, 26, 27, 28, 29, 30, 31, 32, 33, 34, 35, 36, 37, 38, 39, 40, 41, 42, 43, 44, 45, 46, 47, 48, 49, 50, 51, 52, 53, 54, 55, 56, 57, 58, 59, 60, 61]","[57, 55, 54, 56, 61, 60, 58, 59, 33, 3, 5, 35, 34, 4, 2, 32, 1, 31, 30, 0, 44, 43, 46, 42, 45, 12, 13, 14, 16, 47, 15, 17, 36, 6, 9, 8, 7, 37, 10, 11, 38, 48, 18, 21, 20, 23, 22, 19, 49, 24, 25, 26, 50, 28, 29, 27, 39, 41, 40, 51, 52, 53]","[59, 61, 58, 60, 2, 1, 0, 32, 31, 5, 4, 35, 3, 30, 34, 33, 57, 54, 56, 47, 44, 43, 46, 45, 16, 14, 13, 12, 8, 11, 10, 7, 9, 6, 38, 36, 37, 17, 23, 15, 50, 48, 55, 21, 49, 42, 19, 18, 20, 22, 24, 25, 26, 39, 40, 41, 51, 52, 53, 27, 29, 28]",288,288,14935,151235,NOT_IMPLEMENTED,NOT_IMPLEMENTED,NOT_IMPLEMENTED,NOT_IMPLEMENTED,NOT_IMPLEMENTED,NOT_IMPLEMENTED,NOT_IMPLEMENTED,12569.0,14,897.7857142857141,-8539.214285714283,2,32,266,0,1,0,228974,0,,,,,,,,,,,,62,,,NOT_IMPLEMENTED,,false,22,"robotX0,robotX0',robotY0,robotY0',$COUNTER:1.count0,$COUNTER:1.count0',robotX1,robotX1',$COUNTER:0.count1,$COUNTER:0.count1',robotY1,robotY1'","lambY0,lambY0',elevatorY,elevatorY',lambY1,lambY1',lambX0,lambX0',lambX1,lambX1'",4,,,,,,2,2,4237371578402209792,4237371578402209792,72236400640000,147593694269184,56294995342131200,1152921504606846976,527765581332480000,2533274790395904,CUDD,"Using BDD Package: CUDDFactory, Version: CUDD 3.0","import ""DwyerPatternsNew.spectra""",,0,0,false,true,[],[],,null
1670682273,STATIC_NO_PARALLEL,1670682273.spectra,0,REALIZABILITY,SYS_REAL,"TEMP: false, SORT_AFTERWARDS: false, GROUP_OPTION: NO_GROUPING, INCREMENTAL_ADDITION: NO_INCREMENTAL, USE_RABIN: false, GROUP_AUX: NO_GROUPING, STATIC_ORDER: REVERSE_CUTHILL, ROY_SIFT_MARKER: false, MAKE_LAST: false, MEMORYLESS: true, REORDER_METHOD: SIFT, NEW_PATTERN: false, INCREMENTAL_JUSTICES: NO_INCREMENTAL, REDUCED_ALGORITHM: FALSE, PARALLEL: false, ORIGINAL: false, BUCHI_INTERSECTION: false, NEW_TRIGGER: false, PARTITIONED: SINGLE_FUNC, VERIFICATION: true, CREATE_GRAPH: false",2836,255,415,-1,18796,22302,"[0, 1, 2, 3, 4, 5, 6, 7, 8, 9, 10, 11, 12, 13, 14, 15, 16, 17, 18, 19, 20, 21, 22, 23, 24, 25, 26, 27, 28, 29, 30, 31, 32, 33, 34, 35, 36, 37, 38, 39, 40, 41, 42, 43, 44, 45, 46, 47, 48, 49, 50, 51, 52, 53, 54, 55, 56, 57, 58, 59, 60, 61]","[54, 55, 18, 19, 20, 12, 13, 14, 56, 57, 21, 22, 23, 16, 17, 15, 51, 52, 53, 48, 49, 50, 42, 43, 44, 45, 46, 47, 27, 28, 29, 24, 25, 26, 39, 40, 41, 33, 34, 35, 3, 4, 5, 9, 10, 11, 60, 61, 36, 37, 38, 32, 30, 31, 6, 7, 8, 0, 1, 2, 58, 59]","[57, 55, 54, 56, 49, 50, 52, 53, 20, 48, 19, 22, 18, 21, 23, 44, 14, 13, 12, 43, 42, 36, 17, 45, 15, 16, 38, 46, 37, 47, 41, 40, 39, 60, 61, 58, 59, 6, 9, 24, 26, 25, 51, 27, 28, 29, 7, 10, 8, 11, 34, 35, 33, 3, 4, 5, 2, 1, 0, 30, 32, 31]","[55, 57, 54, 56, 50, 49, 53, 52, 20, 23, 19, 22, 18, 21, 48, 14, 13, 12, 44, 47, 17, 16, 15, 45, 46, 38, 43, 37, 42, 41, 40, 11, 10, 9, 36, 39, 8, 7, 6, 61, 59, 58, 60, 26, 25, 51, 29, 28, 24, 27, 35, 34, 33, 30, 32, 31, 5, 3, 4, 1, 0, 2]",288,284,14798,58914,NOT_IMPLEMENTED,NOT_IMPLEMENTED,NOT_IMPLEMENTED,NOT_IMPLEMENTED,NOT_IMPLEMENTED,NOT_IMPLEMENTED,NOT_IMPLEMENTED,3312.0,12,276.0,-4200.916666666666,2,32,266,0,1,0,18791,0,,,,,,,,,,,,62,,,NOT_IMPLEMENTED,,false,22,"robotX0,robotX0',robotY1,robotY1',robotX1,robotX1',$COUNTER:0.count1,$COUNTER:0.count1',$COUNTER:1.count0,$COUNTER:1.count0',robotY0,robotY0'","lambY1,lambY1',lambX1,lambX1',lambX0,lambX0',lambY0,lambY0',elevatorY,elevatorY'",4,,,,,,2,2,4237371578402209792,4237371578402209792,72236400640000,147593694269184,56294995342131200,1152921504606846976,527765581332480000,2533274790395904,CUDD,"Using BDD Package: CUDDFactory, Version: CUDD 3.0","import ""DwyerPatternsNew.spectra""",,0,0,false,true,[],[],,null
1670682273,SORTED_JUST,1670682273.spectra,0,REALIZABILITY,SYS_REAL,"TEMP: false, SORT_AFTERWARDS: false, GROUP_OPTION: NO_GROUPING, INCREMENTAL_ADDITION: NO_INCREMENTAL, USE_RABIN: false, GROUP_AUX: NO_GROUPING, STATIC_ORDER: NO_STATIC_ORDERING, ROY_SIFT_MARKER: false, MAKE_LAST: false, MEMORYLESS: true, REORDER_METHOD: SIFT, NEW_PATTERN: false, INCREMENTAL_JUSTICES: INCREMENTAL_GRAPH, REDUCED_ALGORITHM: FALSE, PARALLEL: false, ORIGINAL: false, BUCHI_INTERSECTION: false, NEW_TRIGGER: false, PARTITIONED: SINGLE_FUNC, VERIFICATION: true, CREATE_GRAPH: false",2592,16,239,-1,78449,81296,"[0, 1, 2, 3, 4, 5, 6, 7, 8, 9, 10, 11, 12, 13, 14, 15, 16, 17, 18, 19, 20, 21, 22, 23, 24, 25, 26, 27, 28, 29, 30, 31, 32, 33, 34, 35, 36, 37, 38, 39, 40, 41, 42, 43, 44, 45, 46, 47, 48, 49, 50, 51, 52, 53, 54, 55, 56, 57, 58, 59, 60, 61]","[0, 1, 2, 3, 4, 5, 6, 7, 8, 9, 10, 11, 12, 13, 14, 15, 16, 17, 18, 19, 20, 21, 22, 23, 24, 25, 26, 27, 28, 29, 30, 31, 32, 33, 34, 35, 36, 37, 38, 39, 40, 41, 42, 43, 44, 45, 46, 47, 48, 49, 50, 51, 52, 53, 54, 55, 56, 57, 58, 59, 60, 61]","[57, 55, 61, 60, 58, 59, 54, 56, 33, 3, 5, 35, 34, 4, 2, 32, 1, 31, 30, 0, 44, 43, 46, 42, 45, 12, 13, 14, 16, 47, 15, 17, 36, 6, 9, 8, 7, 37, 10, 11, 38, 48, 18, 21, 20, 23, 22, 19, 49, 24, 25, 26, 50, 28, 29, 27, 39, 41, 40, 51, 52, 53]","[59, 61, 58, 60, 2, 0, 1, 32, 31, 5, 4, 35, 3, 30, 33, 11, 15, 8, 38, 10, 7, 9, 6, 37, 36, 48, 50, 34, 49, 47, 46, 44, 17, 43, 16, 45, 14, 13, 12, 19, 42, 18, 20, 41, 53, 54, 56, 55, 57, 40, 39, 22, 21, 23, 24, 25, 26, 51, 52, 27, 28, 29]",288,288,14946,86404,NOT_IMPLEMENTED,NOT_IMPLEMENTED,NOT_IMPLEMENTED,NOT_IMPLEMENTED,NOT_IMPLEMENTED,NOT_IMPLEMENTED,NOT_IMPLEMENTED,8774.0,14,626.7142857142858,-11789.071428571428,2,32,266,0,1,0,78449,0,,,,,,,,,,,,62,,,NOT_IMPLEMENTED,,false,22,"robotX0,robotX0',robotY1,robotY1',robotX1,robotX1',$COUNTER:0.count1,$COUNTER:0.count1',$COUNTER:1.count0,$COUNTER:1.count0',robotY0,robotY0'","lambY1,lambY1',lambX1,lambX1',lambX0,lambX0',lambY0,lambY0',elevatorY,elevatorY'",4,,,,,,2,2,4237371578402209792,4237371578402209792,72236400640000,147593694269184,56294995342131200,1152921504606846976,527765581332480000,2533274790395904,CUDD,"Using BDD Package: CUDDFactory, Version: CUDD 3.0","import ""DwyerPatternsNew.spectra""",,0,0,false,true,[],[],,null
1670682273,STATIC_PARALLEL,1670682273.spectra,0,REALIZABILITY,SYS_REAL,"TEMP: false, SORT_AFTERWARDS: false, GROUP_OPTION: NO_GROUPING, INCREMENTAL_ADDITION: NO_INCREMENTAL, USE_RABIN: false, GROUP_AUX: NO_GROUPING, STATIC_ORDER: REVERSE_CUTHILL, ROY_SIFT_MARKER: false, MAKE_LAST: false, MEMORYLESS: true, REORDER_METHOD: SIFT, NEW_PATTERN: false, INCREMENTAL_JUSTICES: NO_INCREMENTAL, REDUCED_ALGORITHM: FALSE, PARALLEL: true, ORIGINAL: false, BUCHI_INTERSECTION: false, NEW_TRIGGER: false, PARTITIONED: SINGLE_FUNC, VERIFICATION: true, CREATE_GRAPH: false",2761,156,453,0,17282,21574,"[0, 1, 2, 3, 4, 5, 6, 7, 8, 9, 10, 11, 12, 13, 14, 15, 16, 17, 18, 19, 20, 21, 22, 23, 24, 25, 26, 27, 28, 29, 30, 31, 32, 33, 34, 35, 36, 37, 38, 39, 40, 41, 42, 43, 44, 45, 46, 47, 48, 49, 50, 51, 52, 53, 54, 55, 56, 57, 58, 59, 60, 61]","[54, 55, 18, 19, 20, 12, 13, 14, 56, 57, 21, 22, 23, 16, 17, 15, 51, 52, 53, 48, 49, 50, 42, 43, 44, 45, 46, 47, 27, 28, 29, 24, 25, 26, 39, 40, 41, 33, 34, 35, 3, 4, 5, 9, 10, 11, 60, 61, 36, 37, 38, 32, 30, 31, 6, 7, 8, 0, 1, 2, 58, 59]","[57, 55, 54, 56, 49, 52, 50, 53, 20, 48, 51, 18, 19, 22, 21, 23, 36, 6, 39, 24, 25, 37, 40, 27, 28, 29, 38, 41, 26, 7, 61, 60, 58, 59, 10, 9, 8, 11, 42, 12, 14, 44, 13, 43, 45, 15, 17, 16, 46, 34, 35, 33, 5, 3, 4, 47, 2, 1, 0, 30, 31, 32]","[55, 57, 54, 56, 50, 53, 52, 20, 19, 18, 49, 23, 22, 21, 48, 26, 51, 25, 38, 37, 41, 29, 28, 40, 27, 24, 36, 39, 10, 7, 6, 9, 11, 61, 8, 59, 58, 60, 44, 43, 42, 32, 31, 12, 13, 14, 46, 45, 17, 15, 16, 30, 47, 33, 34, 3, 4, 5, 35, 0, 1, 2]",288,284,17879,57746,NOT_IMPLEMENTED,NOT_IMPLEMENTED,NOT_IMPLEMENTED,NOT_IMPLEMENTED,NOT_IMPLEMENTED,NOT_IMPLEMENTED,NOT_IMPLEMENTED,3740.0,12,311.6666666666667,-5400.083333333334,2,32,266,0,1,0,16860,0,,,,,,,,,,,,62,,,NOT_IMPLEMENTED,,false,22,"robotX1,robotX1',robotY1,robotY1',$COUNTER:0.count1,$COUNTER:0.count1',robotX0,robotX0',robotY0,robotY0',$COUNTER:1.count0,$COUNTER:1.count0'","lambX0,lambX0',lambY0,lambY0',lambX1,lambX1',elevatorY,elevatorY',lambY1,lambY1'",4,,,,,,2,2,4237371578402209792,4237371578402209792,72236400640000,147593694269184,56294995342131200,1152921504606846976,527765581332480000,2533274790395904,CUDD,"Using BDD Package: CUDDFactory, Version: CUDD 3.0","import ""DwyerPatternsNew.spectra""",,0,0,false,true,[],[],true,null
1670682273,NOTHING,1670682273.spectra,0,REALIZABILITY,SYS_REAL,"TEMP: false, SORT_AFTERWARDS: false, GROUP_OPTION: NO_GROUPING, INCREMENTAL_ADDITION: NO_INCREMENTAL, USE_RABIN: false, GROUP_AUX: NO_GROUPING, STATIC_ORDER: NO_STATIC_ORDERING, ROY_SIFT_MARKER: false, MAKE_LAST: false, MEMORYLESS: true, REORDER_METHOD: SIFT, NEW_PATTERN: false, INCREMENTAL_JUSTICES: NO_INCREMENTAL, REDUCED_ALGORITHM: FALSE, PARALLEL: false, ORIGINAL: false, BUCHI_INTERSECTION: false, NEW_TRIGGER: false, PARTITIONED: SINGLE_FUNC, VERIFICATION: true, CREATE_GRAPH: false",2922,15,219,-1,226551,229723,"[0, 1, 2, 3, 4, 5, 6, 7, 8, 9, 10, 11, 12, 13, 14, 15, 16, 17, 18, 19, 20, 21, 22, 23, 24, 25, 26, 27, 28, 29, 30, 31, 32, 33, 34, 35, 36, 37, 38, 39, 40, 41, 42, 43, 44, 45, 46, 47, 48, 49, 50, 51, 52, 53, 54, 55, 56, 57, 58, 59, 60, 61]","[0, 1, 2, 3, 4, 5, 6, 7, 8, 9, 10, 11, 12, 13, 14, 15, 16, 17, 18, 19, 20, 21, 22, 23, 24, 25, 26, 27, 28, 29, 30, 31, 32, 33, 34, 35, 36, 37, 38, 39, 40, 41, 42, 43, 44, 45, 46, 47, 48, 49, 50, 51, 52, 53, 54, 55, 56, 57, 58, 59, 60, 61]","[57, 55, 54, 56, 61, 60, 58, 59, 33, 3, 5, 35, 34, 4, 2, 32, 1, 31, 30, 0, 44, 43, 46, 42, 45, 12, 13, 14, 16, 47, 15, 17, 36, 6, 9, 8, 7, 37, 10, 11, 38, 48, 18, 21, 20, 23, 22, 19, 49, 24, 25, 26, 50, 28, 29, 27, 39, 41, 40, 51, 52, 53]","[59, 61, 58, 60, 2, 1, 0, 32, 31, 5, 4, 35, 3, 30, 34, 33, 57, 54, 56, 47, 44, 43, 46, 45, 16, 14, 13, 12, 8, 11, 10, 7, 9, 6, 38, 36, 37, 17, 23, 15, 50, 48, 55, 21, 49, 42, 19, 18, 20, 22, 24, 25, 26, 39, 40, 41, 51, 52, 53, 27, 29, 28]",288,288,14935,151235,NOT_IMPLEMENTED,NOT_IMPLEMENTED,NOT_IMPLEMENTED,NOT_IMPLEMENTED,NOT_IMPLEMENTED,NOT_IMPLEMENTED,NOT_IMPLEMENTED,12949.0,14,924.9285714285716,-8539.214285714283,2,32,266,0,1,0,226551,0,,,,,,,,,,,,62,,,NOT_IMPLEMENTED,,false,22,"robotX0,robotX0',robotY1,robotY1',robotX1,robotX1',$COUNTER:0.count1,$COUNTER:0.count1',$COUNTER:1.count0,$COUNTER:1.count0',robotY0,robotY0'","lambY1,lambY1',lambX1,lambX1',lambX0,lambX0',lambY0,lambY0',elevatorY,elevatorY'",4,,,,,,2,2,4237371578402209792,4237371578402209792,72236400640000,147593694269184,56294995342131200,1152921504606846976,527765581332480000,2533274790395904,CUDD,"Using BDD Package: CUDDFactory, Version: CUDD 3.0","import ""DwyerPatternsNew.spectra""",,0,0,false,true,[],[],,null
1670682273,STATIC_NO_PARALLEL,1670682273.spectra,0,REALIZABILITY,SYS_REAL,"TEMP: false, SORT_AFTERWARDS: false, GROUP_OPTION: NO_GROUPING, INCREMENTAL_ADDITION: NO_INCREMENTAL, USE_RABIN: false, GROUP_AUX: NO_GROUPING, STATIC_ORDER: REVERSE_CUTHILL, ROY_SIFT_MARKER: false, MAKE_LAST: false, MEMORYLESS: true, REORDER_METHOD: SIFT, NEW_PATTERN: false, INCREMENTAL_JUSTICES: NO_INCREMENTAL, REDUCED_ALGORITHM: FALSE, PARALLEL: false, ORIGINAL: false, BUCHI_INTERSECTION: false, NEW_TRIGGER: false, PARTITIONED: SINGLE_FUNC, VERIFICATION: true, CREATE_GRAPH: false",2547,94,390,-1,14610,17641,"[0, 1, 2, 3, 4, 5, 6, 7, 8, 9, 10, 11, 12, 13, 14, 15, 16, 17, 18, 19, 20, 21, 22, 23, 24, 25, 26, 27, 28, 29, 30, 31, 32, 33, 34, 35, 36, 37, 38, 39, 40, 41, 42, 43, 44, 45, 46, 47, 48, 49, 50, 51, 52, 53, 54, 55, 56, 57, 58, 59, 60, 61]","[54, 55, 18, 19, 20, 12, 13, 14, 56, 57, 21, 22, 23, 16, 17, 15, 51, 52, 53, 48, 49, 50, 42, 43, 44, 45, 46, 47, 27, 28, 29, 24, 25, 26, 39, 40, 41, 33, 34, 35, 3, 4, 5, 9, 10, 11, 60, 61, 36, 37, 38, 32, 30, 31, 6, 7, 8, 0, 1, 2, 58, 59]","[57, 55, 54, 56, 50, 53, 49, 52, 20, 48, 18, 19, 22, 21, 51, 23, 36, 6, 39, 59, 58, 60, 61, 24, 25, 37, 40, 27, 28, 29, 38, 41, 26, 7, 10, 9, 8, 11, 42, 12, 14, 44, 17, 13, 45, 15, 16, 43, 46, 34, 35, 33, 5, 3, 4, 47, 2, 1, 0, 30, 31, 32]","[55, 57, 54, 56, 50, 53, 52, 20, 19, 18, 49, 23, 22, 48, 21, 51, 38, 37, 26, 25, 41, 29, 40, 28, 27, 24, 36, 39, 11, 10, 8, 7, 9, 6, 61, 59, 58, 60, 44, 43, 42, 13, 12, 14, 17, 45, 15, 16, 46, 47, 30, 32, 31, 33, 34, 3, 4, 5, 35, 0, 1, 2]",288,284,25933,55117,NOT_IMPLEMENTED,NOT_IMPLEMENTED,NOT_IMPLEMENTED,NOT_IMPLEMENTED,NOT_IMPLEMENTED,NOT_IMPLEMENTED,NOT_IMPLEMENTED,3676.0,12,306.3333333333333,-6501.583333333333,2,32,266,0,1,0,14594,0,,,,,,,,,,,,62,,,NOT_IMPLEMENTED,,false,22,"robotX0,robotX0',robotY1,robotY1',robotX1,robotX1',$COUNTER:0.count1,$COUNTER:0.count1',$COUNTER:1.count0,$COUNTER:1.count0',robotY0,robotY0'","lambY1,lambY1',lambX1,lambX1',lambX0,lambX0',lambY0,lambY0',elevatorY,elevatorY'",4,,,,,,2,2,4237371578402209792,4237371578402209792,72236400640000,147593694269184,56294995342131200,1152921504606846976,527765581332480000,2533274790395904,CUDD,"Using BDD Package: CUDDFactory, Version: CUDD 3.0","import ""DwyerPatternsNew.spectra""",,0,0,false,true,[],[],,null
1670682273,SORTED_JUST,1670682273.spectra,0,REALIZABILITY,SYS_REAL,"TEMP: false, SORT_AFTERWARDS: false, GROUP_OPTION: NO_GROUPING, INCREMENTAL_ADDITION: NO_INCREMENTAL, USE_RABIN: false, GROUP_AUX: NO_GROUPING, STATIC_ORDER: NO_STATIC_ORDERING, ROY_SIFT_MARKER: false, MAKE_LAST: false, MEMORYLESS: true, REORDER_METHOD: SIFT, NEW_PATTERN: false, INCREMENTAL_JUSTICES: INCREMENTAL_GRAPH, REDUCED_ALGORITHM: FALSE, PARALLEL: false, ORIGINAL: false, BUCHI_INTERSECTION: false, NEW_TRIGGER: false, PARTITIONED: SINGLE_FUNC, VERIFICATION: true, CREATE_GRAPH: false",2094,16,219,-1,223942,226271,"[0, 1, 2, 3, 4, 5, 6, 7, 8, 9, 10, 11, 12, 13, 14, 15, 16, 17, 18, 19, 20, 21, 22, 23, 24, 25, 26, 27, 28, 29, 30, 31, 32, 33, 34, 35, 36, 37, 38, 39, 40, 41, 42, 43, 44, 45, 46, 47, 48, 49, 50, 51, 52, 53, 54, 55, 56, 57, 58, 59, 60, 61]","[0, 1, 2, 3, 4, 5, 6, 7, 8, 9, 10, 11, 12, 13, 14, 15, 16, 17, 18, 19, 20, 21, 22, 23, 24, 25, 26, 27, 28, 29, 30, 31, 32, 33, 34, 35, 36, 37, 38, 39, 40, 41, 42, 43, 44, 45, 46, 47, 48, 49, 50, 51, 52, 53, 54, 55, 56, 57, 58, 59, 60, 61]","[57, 55, 54, 56, 61, 60, 58, 59, 33, 3, 5, 35, 34, 4, 2, 32, 1, 31, 30, 0, 44, 43, 46, 42, 45, 12, 13, 14, 16, 47, 15, 17, 36, 6, 9, 8, 7, 37, 10, 11, 38, 48, 18, 21, 20, 23, 22, 19, 49, 24, 25, 26, 50, 28, 29, 27, 39, 41, 40, 51, 52, 53]","[59, 61, 58, 60, 2, 1, 0, 32, 31, 5, 4, 35, 3, 30, 34, 33, 57, 54, 56, 47, 44, 43, 46, 45, 16, 14, 13, 12, 8, 11, 10, 7, 9, 6, 38, 36, 37, 17, 23, 15, 50, 48, 55, 21, 49, 42, 19, 18, 20, 22, 24, 25, 26, 39, 40, 41, 51, 52, 53, 27, 29, 28]",288,288,14935,151235,NOT_IMPLEMENTED,NOT_IMPLEMENTED,NOT_IMPLEMENTED,NOT_IMPLEMENTED,NOT_IMPLEMENTED,NOT_IMPLEMENTED,NOT_IMPLEMENTED,12005.0,14,857.5,-8539.214285714283,2,32,266,0,1,0,223927,0,,,,,,,,,,,,62,,,NOT_IMPLEMENTED,,false,22,"robotX0,robotX0',robotY0,robotY0',$COUNTER:1.count0,$COUNTER:1.count0',robotX1,robotX1',$COUNTER:0.count1,$COUNTER:0.count1',robotY1,robotY1'","lambY0,lambY0',elevatorY,elevatorY',lambY1,lambY1',lambX0,lambX0',lambX1,lambX1'",4,,,,,,2,2,4237371578402209792,4237371578402209792,72236400640000,147593694269184,56294995342131200,1152921504606846976,527765581332480000,2533274790395904,CUDD,"Using BDD Package: CUDDFactory, Version: CUDD 3.0","import ""DwyerPatternsNew.spectra""",,0,0,false,true,[],[],,null
1670682273,STATIC_PARALLEL,1670682273.spectra,0,REALIZABILITY,SYS_REAL,"TEMP: false, SORT_AFTERWARDS: false, GROUP_OPTION: NO_GROUPING, INCREMENTAL_ADDITION: NO_INCREMENTAL, USE_RABIN: false, GROUP_AUX: NO_GROUPING, STATIC_ORDER: REVERSE_CUTHILL, ROY_SIFT_MARKER: false, MAKE_LAST: false, MEMORYLESS: true, REORDER_METHOD: SIFT, NEW_PATTERN: false, INCREMENTAL_JUSTICES: NO_INCREMENTAL, REDUCED_ALGORITHM: FALSE, PARALLEL: true, ORIGINAL: false, BUCHI_INTERSECTION: false, NEW_TRIGGER: false, PARTITIONED: SINGLE_FUNC, VERIFICATION: true, CREATE_GRAPH: false",2797,156,547,0,18563,22672,"[0, 1, 2, 3, 4, 5, 6, 7, 8, 9, 10, 11, 12, 13, 14, 15, 16, 17, 18, 19, 20, 21, 22, 23, 24, 25, 26, 27, 28, 29, 30, 31, 32, 33, 34, 35, 36, 37, 38, 39, 40, 41, 42, 43, 44, 45, 46, 47, 48, 49, 50, 51, 52, 53, 54, 55, 56, 57, 58, 59, 60, 61]","[54, 55, 18, 19, 20, 12, 13, 14, 56, 57, 21, 22, 23, 16, 17, 15, 51, 52, 53, 48, 49, 50, 42, 43, 44, 45, 46, 47, 27, 28, 29, 24, 25, 26, 39, 40, 41, 33, 34, 35, 3, 4, 5, 9, 10, 11, 60, 61, 36, 37, 38, 32, 30, 31, 6, 7, 8, 0, 1, 2, 58, 59]","[56, 54, 57, 55, 50, 53, 49, 52, 48, 51, 20, 18, 19, 22, 21, 23, 24, 36, 27, 39, 25, 37, 40, 28, 29, 41, 38, 26, 7, 6, 10, 9, 8, 61, 59, 58, 60, 11, 47, 46, 17, 45, 16, 15, 14, 13, 12, 42, 43, 35, 34, 33, 44, 3, 4, 5, 2, 1, 0, 30, 32, 31]","[55, 57, 54, 56, 50, 49, 53, 52, 20, 19, 18, 23, 22, 48, 21, 26, 51, 25, 38, 37, 41, 40, 29, 28, 27, 24, 36, 39, 11, 10, 7, 8, 9, 6, 61, 59, 58, 60, 46, 47, 17, 15, 16, 45, 43, 31, 32, 44, 42, 30, 12, 13, 14, 33, 34, 3, 4, 5, 35, 1, 2, 0]",288,284,15095,57370,NOT_IMPLEMENTED,NOT_IMPLEMENTED,NOT_IMPLEMENTED,NOT_IMPLEMENTED,NOT_IMPLEMENTED,NOT_IMPLEMENTED,NOT_IMPLEMENTED,4056.0,13,312.0,-6188.153846153848,2,32,266,0,1,0,18220,0,,,,,,,,,,,,62,,,NOT_IMPLEMENTED,,false,22,"robotX1,robotX1',robotY1,robotY1',$COUNTER:0.count1,$COUNTER:0.count1',robotX0,robotX0',robotY0,robotY0',$COUNTER:1.count0,$COUNTER:1.count0'","lambX0,lambX0',lambY0,lambY0',lambX1,lambX1',elevatorY,elevatorY',lambY1,lambY1'",4,,,,,,2,2,4237371578402209792,4237371578402209792,72236400640000,147593694269184,56294995342131200,1152921504606846976,527765581332480000,2533274790395904,CUDD,"Using BDD Package: CUDDFactory, Version: CUDD 3.0","import ""DwyerPatternsNew.spectra""",,0,0,false,true,[],[],true,null
1670682273,NOTHING,1670682273.spectra,0,REALIZABILITY,SYS_REAL,"TEMP: false, SORT_AFTERWARDS: false, GROUP_OPTION: NO_GROUPING, INCREMENTAL_ADDITION: NO_INCREMENTAL, USE_RABIN: false, GROUP_AUX: NO_GROUPING, STATIC_ORDER: NO_STATIC_ORDERING, ROY_SIFT_MARKER: false, MAKE_LAST: false, MEMORYLESS: true, REORDER_METHOD: SIFT, NEW_PATTERN: false, INCREMENTAL_JUSTICES: NO_INCREMENTAL, REDUCED_ALGORITHM: FALSE, PARALLEL: false, ORIGINAL: false, BUCHI_INTERSECTION: false, NEW_TRIGGER: false, PARTITIONED: SINGLE_FUNC, VERIFICATION: true, CREATE_GRAPH: false",2407,15,188,-1,224440,227050,"[0, 1, 2, 3, 4, 5, 6, 7, 8, 9, 10, 11, 12, 13, 14, 15, 16, 17, 18, 19, 20, 21, 22, 23, 24, 25, 26, 27, 28, 29, 30, 31, 32, 33, 34, 35, 36, 37, 38, 39, 40, 41, 42, 43, 44, 45, 46, 47, 48, 49, 50, 51, 52, 53, 54, 55, 56, 57, 58, 59, 60, 61]","[0, 1, 2, 3, 4, 5, 6, 7, 8, 9, 10, 11, 12, 13, 14, 15, 16, 17, 18, 19, 20, 21, 22, 23, 24, 25, 26, 27, 28, 29, 30, 31, 32, 33, 34, 35, 36, 37, 38, 39, 40, 41, 42, 43, 44, 45, 46, 47, 48, 49, 50, 51, 52, 53, 54, 55, 56, 57, 58, 59, 60, 61]","[57, 55, 54, 56, 61, 60, 58, 59, 33, 3, 5, 35, 34, 4, 2, 32, 1, 31, 30, 0, 44, 43, 46, 42, 45, 12, 13, 14, 16, 47, 15, 17, 36, 6, 9, 8, 7, 37, 10, 11, 38, 48, 18, 21, 20, 23, 22, 19, 49, 24, 25, 26, 50, 28, 29, 27, 39, 41, 40, 51, 52, 53]","[59, 61, 58, 60, 2, 1, 0, 32, 31, 5, 4, 35, 3, 30, 34, 33, 57, 54, 56, 47, 44, 43, 46, 45, 16, 14, 13, 12, 8, 11, 10, 7, 9, 6, 38, 36, 37, 17, 23, 15, 50, 48, 55, 21, 49, 42, 19, 18, 20, 22, 24, 25, 26, 39, 40, 41, 51, 52, 53, 27, 29, 28]",288,288,14935,151235,NOT_IMPLEMENTED,NOT_IMPLEMENTED,NOT_IMPLEMENTED,NOT_IMPLEMENTED,NOT_IMPLEMENTED,NOT_IMPLEMENTED,NOT_IMPLEMENTED,12602.0,14,900.1428571428572,-8539.214285714283,2,32,266,0,1,0,224440,0,,,,,,,,,,,,62,,,NOT_IMPLEMENTED,,false,22,"robotX0,robotX0',robotY1,robotY1',robotX1,robotX1',$COUNTER:0.count1,$COUNTER:0.count1',$COUNTER:1.count0,$COUNTER:1.count0',robotY0,robotY0'","lambY1,lambY1',lambX1,lambX1',lambX0,lambX0',lambY0,lambY0',elevatorY,elevatorY'",4,,,,,,2,2,4237371578402209792,4237371578402209792,72236400640000,147593694269184,56294995342131200,1152921504606846976,527765581332480000,2533274790395904,CUDD,"Using BDD Package: CUDDFactory, Version: CUDD 3.0","import ""DwyerPatternsNew.spectra""",,0,0,false,true,[],[],,null
1670682273,STATIC_NO_PARALLEL,1670682273.spectra,0,REALIZABILITY,SYS_REAL,"TEMP: false, SORT_AFTERWARDS: false, GROUP_OPTION: NO_GROUPING, INCREMENTAL_ADDITION: NO_INCREMENTAL, USE_RABIN: false, GROUP_AUX: NO_GROUPING, STATIC_ORDER: REVERSE_CUTHILL, ROY_SIFT_MARKER: false, MAKE_LAST: false, MEMORYLESS: true, REORDER_METHOD: SIFT, NEW_PATTERN: false, INCREMENTAL_JUSTICES: NO_INCREMENTAL, REDUCED_ALGORITHM: FALSE, PARALLEL: false, ORIGINAL: false, BUCHI_INTERSECTION: false, NEW_TRIGGER: false, PARTITIONED: SINGLE_FUNC, VERIFICATION: true, CREATE_GRAPH: false",2439,93,530,-1,17672,20734,"[0, 1, 2, 3, 4, 5, 6, 7, 8, 9, 10, 11, 12, 13, 14, 15, 16, 17, 18, 19, 20, 21, 22, 23, 24, 25, 26, 27, 28, 29, 30, 31, 32, 33, 34, 35, 36, 37, 38, 39, 40, 41, 42, 43, 44, 45, 46, 47, 48, 49, 50, 51, 52, 53, 54, 55, 56, 57, 58, 59, 60, 61]","[54, 55, 18, 19, 20, 12, 13, 14, 56, 57, 21, 22, 23, 16, 17, 15, 51, 52, 53, 48, 49, 50, 42, 43, 44, 45, 46, 47, 27, 28, 29, 24, 25, 26, 39, 40, 41, 33, 34, 35, 3, 4, 5, 9, 10, 11, 60, 61, 36, 37, 38, 32, 30, 31, 6, 7, 8, 0, 1, 2, 58, 59]","[56, 54, 57, 55, 50, 49, 53, 52, 20, 48, 18, 51, 19, 22, 21, 23, 24, 36, 27, 39, 25, 37, 40, 28, 29, 41, 38, 26, 7, 6, 9, 10, 8, 61, 59, 58, 60, 11, 47, 46, 17, 45, 16, 15, 14, 13, 12, 42, 43, 35, 34, 33, 44, 3, 4, 5, 2, 1, 0, 30, 32, 31]","[55, 57, 54, 56, 50, 49, 53, 52, 20, 19, 18, 23, 22, 48, 21, 26, 51, 25, 38, 37, 41, 40, 29, 28, 27, 24, 36, 39, 11, 10, 7, 8, 9, 6, 61, 59, 58, 60, 46, 47, 17, 15, 16, 45, 44, 32, 31, 43, 42, 30, 12, 13, 14, 33, 34, 3, 4, 5, 35, 0, 2, 1]",288,284,15098,56852,NOT_IMPLEMENTED,NOT_IMPLEMENTED,NOT_IMPLEMENTED,NOT_IMPLEMENTED,NOT_IMPLEMENTED,NOT_IMPLEMENTED,NOT_IMPLEMENTED,3765.0,13,289.6153846153845,-5951.615384615386,2,32,266,0,1,0,17656,0,,,,,,,,,,,,62,,,NOT_IMPLEMENTED,,false,22,"robotX0,robotX0',robotY1,robotY1',robotX1,robotX1',$COUNTER:0.count1,$COUNTER:0.count1',$COUNTER:1.count0,$COUNTER:1.count0',robotY0,robotY0'","lambY1,lambY1',lambX1,lambX1',lambX0,lambX0',lambY0,lambY0',elevatorY,elevatorY'",4,,,,,,2,2,4237371578402209792,4237371578402209792,72236400640000,147593694269184,56294995342131200,1152921504606846976,527765581332480000,2533274790395904,CUDD,"Using BDD Package: CUDDFactory, Version: CUDD 3.0","import ""DwyerPatternsNew.spectra""",,0,0,false,true,[],[],,null
1670682273,SORTED_JUST,1670682273.spectra,0,REALIZABILITY,SYS_REAL,"TEMP: false, SORT_AFTERWARDS: false, GROUP_OPTION: NO_GROUPING, INCREMENTAL_ADDITION: NO_INCREMENTAL, USE_RABIN: false, GROUP_AUX: NO_GROUPING, STATIC_ORDER: NO_STATIC_ORDERING, ROY_SIFT_MARKER: false, MAKE_LAST: false, MEMORYLESS: true, REORDER_METHOD: SIFT, NEW_PATTERN: false, INCREMENTAL_JUSTICES: INCREMENTAL_GRAPH, REDUCED_ALGORITHM: FALSE, PARALLEL: false, ORIGINAL: false, BUCHI_INTERSECTION: false, NEW_TRIGGER: false, PARTITIONED: SINGLE_FUNC, VERIFICATION: true, CREATE_GRAPH: false",2375,16,234,-1,48172,50797,"[0, 1, 2, 3, 4, 5, 6, 7, 8, 9, 10, 11, 12, 13, 14, 15, 16, 17, 18, 19, 20, 21, 22, 23, 24, 25, 26, 27, 28, 29, 30, 31, 32, 33, 34, 35, 36, 37, 38, 39, 40, 41, 42, 43, 44, 45, 46, 47, 48, 49, 50, 51, 52, 53, 54, 55, 56, 57, 58, 59, 60, 61]","[0, 1, 2, 3, 4, 5, 6, 7, 8, 9, 10, 11, 12, 13, 14, 15, 16, 17, 18, 19, 20, 21, 22, 23, 24, 25, 26, 27, 28, 29, 30, 31, 32, 33, 34, 35, 36, 37, 38, 39, 40, 41, 42, 43, 44, 45, 46, 47, 48, 49, 50, 51, 52, 53, 54, 55, 56, 57, 58, 59, 60, 61]","[57, 55, 54, 56, 61, 60, 58, 59, 33, 3, 5, 35, 34, 4, 2, 32, 1, 31, 30, 0, 44, 43, 46, 42, 45, 12, 13, 14, 16, 47, 15, 17, 36, 6, 9, 8, 7, 37, 10, 11, 38, 48, 18, 21, 20, 23, 22, 19, 49, 24, 25, 26, 50, 28, 29, 27, 39, 41, 40, 51, 52, 53]","[59, 61, 58, 60, 34, 11, 8, 6, 36, 38, 7, 37, 2, 5, 4, 1, 3, 0, 32, 10, 9, 33, 50, 31, 49, 30, 48, 35, 44, 43, 19, 14, 13, 12, 42, 47, 46, 45, 16, 15, 17, 41, 51, 18, 21, 20, 54, 56, 55, 57, 22, 23, 24, 25, 26, 52, 40, 53, 39, 27, 28, 29]",288,288,14935,70323,NOT_IMPLEMENTED,NOT_IMPLEMENTED,NOT_IMPLEMENTED,NOT_IMPLEMENTED,NOT_IMPLEMENTED,NOT_IMPLEMENTED,NOT_IMPLEMENTED,6408.0,14,457.71428571428567,-11387.214285714283,2,32,266,0,1,0,48172,0,,,,,,,,,,,,62,,,NOT_IMPLEMENTED,,false,22,"robotX0,robotX0',robotY1,robotY1',robotX1,robotX1',$COUNTER:0.count1,$COUNTER:0.count1',$COUNTER:1.count0,$COUNTER:1.count0',robotY0,robotY0'","lambY1,lambY1',lambX1,lambX1',lambX0,lambX0',lambY0,lambY0',elevatorY,elevatorY'",4,,,,,,2,2,4237371578402209792,4237371578402209792,72236400640000,147593694269184,56294995342131200,1152921504606846976,527765581332480000,2533274790395904,CUDD,"Using BDD Package: CUDDFactory, Version: CUDD 3.0","import ""DwyerPatternsNew.spectra""",,0,0,false,true,[],[],,null
1671484978,STATIC_PARALLEL,1671484978.spectra,0,REALIZABILITY,SYS_REAL,"TEMP: false, SORT_AFTERWARDS: false, GROUP_OPTION: NO_GROUPING, INCREMENTAL_ADDITION: NO_INCREMENTAL, USE_RABIN: false, GROUP_AUX: NO_GROUPING, STATIC_ORDER: REVERSE_CUTHILL, ROY_SIFT_MARKER: false, MAKE_LAST: false, MEMORYLESS: true, REORDER_METHOD: SIFT, NEW_PATTERN: false, INCREMENTAL_JUSTICES: NO_INCREMENTAL, REDUCED_ALGORITHM: FALSE, PARALLEL: true, ORIGINAL: false, BUCHI_INTERSECTION: false, NEW_TRIGGER: false, PARTITIONED: SINGLE_FUNC, VERIFICATION: true, CREATE_GRAPH: false",3985,140,219,0,72110,77236,"[0, 1, 2, 3, 4, 5, 6, 7, 8, 9, 10, 11, 12, 13, 14, 15, 16, 17, 18, 19, 20, 21, 22, 23, 24, 25, 26, 27, 28, 29, 30, 31, 32, 33, 34, 35, 36, 37, 38, 39, 40, 41, 42, 43, 44, 45, 46, 47, 48, 49, 50, 51, 52, 53, 54, 55, 56, 57, 58, 59, 60, 61]","[3, 4, 5, 54, 55, 56, 57, 21, 22, 23, 18, 19, 20, 9, 10, 11, 6, 7, 8, 0, 1, 2, 51, 52, 53, 39, 40, 41, 16, 17, 15, 27, 28, 29, 45, 46, 47, 33, 34, 35, 36, 37, 38, 32, 30, 31, 24, 25, 26, 12, 13, 14, 58, 59, 48, 49, 50, 42, 43, 44, 60, 61]","[56, 54, 57, 55, 36, 18, 21, 23, 22, 19, 37, 20, 38, 59, 61, 60, 58, 39, 0, 51, 3, 5, 4, 48, 24, 40, 41, 1, 49, 2, 27, 25, 28, 29, 50, 53, 52, 26, 30, 6, 9, 10, 11, 32, 8, 7, 31, 47, 33, 34, 46, 45, 35, 42, 12, 15, 16, 17, 44, 43, 13, 14]","[55, 57, 56, 54, 18, 21, 23, 20, 38, 22, 19, 37, 36, 8, 7, 32, 31, 41, 40, 39, 5, 4, 50, 49, 2, 1, 0, 48, 52, 53, 3, 29, 51, 26, 25, 24, 30, 6, 44, 43, 42, 28, 27, 12, 11, 10, 9, 33, 34, 35, 45, 46, 47, 13, 14, 15, 60, 61, 58, 59, 17, 16]",284,276,12199,90747,NOT_IMPLEMENTED,NOT_IMPLEMENTED,NOT_IMPLEMENTED,NOT_IMPLEMENTED,NOT_IMPLEMENTED,NOT_IMPLEMENTED,NOT_IMPLEMENTED,13048.0,14,932.0,-9753.857142857141,2,44,370,0,1,0,72079,0,,,,,,,,,,,,62,,,NOT_IMPLEMENTED,,true,22,"robotX0,robotX0',robotY1,robotY1',$COUNTER:1.packagesDeliveredByRobot1,$COUNTER:1.packagesDeliveredByRobot1',robotX1,robotX1',$COUNTER:0.packagesDeliveredByRobot0,$COUNTER:0.packagesDeliveredByRobot0',robotY0,robotY0'","elevatorY,elevatorY',deliveriesY[0],deliveriesY[0]',deliveriesX[0],deliveriesX[0]',deliveriesY[1],deliveriesY[1]',deliveriesX[1],deliveriesX[1]'",4,,,,,,2,2,4195715749307744256,4195715749307744256,90691338240000,130664452718592,81064793292668928,1152921504606846976,527765581332480000,2111062325329920,CUDD,"Using BDD Package: CUDDFactory, Version: CUDD 3.0","import ""DwyerPatternsNew.spectra""",,0,0,false,true,[],[],true,null
1671484978,NOTHING,1671484978.spectra,0,REALIZABILITY,SYS_REAL,"TEMP: false, SORT_AFTERWARDS: false, GROUP_OPTION: NO_GROUPING, INCREMENTAL_ADDITION: NO_INCREMENTAL, USE_RABIN: false, GROUP_AUX: NO_GROUPING, STATIC_ORDER: NO_STATIC_ORDERING, ROY_SIFT_MARKER: false, MAKE_LAST: false, MEMORYLESS: true, REORDER_METHOD: SIFT, NEW_PATTERN: false, INCREMENTAL_JUSTICES: NO_INCREMENTAL, REDUCED_ALGORITHM: FALSE, PARALLEL: false, ORIGINAL: false, BUCHI_INTERSECTION: false, NEW_TRIGGER: false, PARTITIONED: SINGLE_FUNC, VERIFICATION: true, CREATE_GRAPH: false",3218,16,219,-1,70703,74156,"[0, 1, 2, 3, 4, 5, 6, 7, 8, 9, 10, 11, 12, 13, 14, 15, 16, 17, 18, 19, 20, 21, 22, 23, 24, 25, 26, 27, 28, 29, 30, 31, 32, 33, 34, 35, 36, 37, 38, 39, 40, 41, 42, 43, 44, 45, 46, 47, 48, 49, 50, 51, 52, 53, 54, 55, 56, 57, 58, 59, 60, 61]","[0, 1, 2, 3, 4, 5, 6, 7, 8, 9, 10, 11, 12, 13, 14, 15, 16, 17, 18, 19, 20, 21, 22, 23, 24, 25, 26, 27, 28, 29, 30, 31, 32, 33, 34, 35, 36, 37, 38, 39, 40, 41, 42, 43, 44, 45, 46, 47, 48, 49, 50, 51, 52, 53, 54, 55, 56, 57, 58, 59, 60, 61]","[55, 57, 56, 54, 61, 60, 59, 58, 35, 34, 6, 9, 30, 11, 10, 8, 32, 7, 31, 47, 46, 33, 42, 12, 15, 16, 17, 44, 45, 14, 43, 13, 36, 18, 5, 4, 39, 0, 3, 51, 48, 24, 41, 1, 2, 21, 23, 20, 22, 19, 53, 52, 40, 38, 37, 27, 29, 28, 25, 26, 50, 49]","[55, 57, 56, 54, 7, 8, 32, 31, 10, 11, 6, 9, 33, 30, 38, 20, 19, 37, 18, 36, 22, 23, 50, 35, 34, 44, 43, 42, 41, 40, 21, 39, 46, 48, 3, 45, 0, 2, 1, 4, 5, 51, 52, 47, 53, 49, 14, 12, 13, 17, 16, 15, 24, 29, 27, 28, 26, 25, 60, 61, 58, 59]",284,284,9657,72044,NOT_IMPLEMENTED,NOT_IMPLEMENTED,NOT_IMPLEMENTED,NOT_IMPLEMENTED,NOT_IMPLEMENTED,NOT_IMPLEMENTED,NOT_IMPLEMENTED,12562.0,14,897.2857142857141,-20725.142857142855,2,44,370,0,1,0,70703,0,,,,,,,,,,,,62,,,NOT_IMPLEMENTED,,true,22,"robotX1,robotX1',$COUNTER:0.packagesDeliveredByRobot0,$COUNTER:0.packagesDeliveredByRobot0',$COUNTER:1.packagesDeliveredByRobot1,$COUNTER:1.packagesDeliveredByRobot1',robotY1,robotY1',robotY0,robotY0',robotX0,robotX0'","deliveriesY[0],deliveriesY[0]',deliveriesY[1],deliveriesY[1]',deliveriesX[1],deliveriesX[1]',deliveriesX[0],deliveriesX[0]',elevatorY,elevatorY'",4,,,,,,2,2,4195715749307744256,4195715749307744256,90691338240000,130664452718592,81064793292668928,1152921504606846976,527765581332480000,2111062325329920,CUDD,"Using BDD Package: CUDDFactory, Version: CUDD 3.0","import ""DwyerPatternsNew.spectra""",,0,0,false,true,[],[],,null
1671484978,STATIC_NO_PARALLEL,1671484978.spectra,0,REALIZABILITY,SYS_REAL,"TEMP: false, SORT_AFTERWARDS: false, GROUP_OPTION: NO_GROUPING, INCREMENTAL_ADDITION: NO_INCREMENTAL, USE_RABIN: false, GROUP_AUX: NO_GROUPING, STATIC_ORDER: REVERSE_CUTHILL, ROY_SIFT_MARKER: false, MAKE_LAST: false, MEMORYLESS: true, REORDER_METHOD: SIFT, NEW_PATTERN: false, INCREMENTAL_JUSTICES: NO_INCREMENTAL, REDUCED_ALGORITHM: FALSE, PARALLEL: false, ORIGINAL: false, BUCHI_INTERSECTION: false, NEW_TRIGGER: false, PARTITIONED: SINGLE_FUNC, VERIFICATION: true, CREATE_GRAPH: false",3204,124,188,-1,71375,74891,"[0, 1, 2, 3, 4, 5, 6, 7, 8, 9, 10, 11, 12, 13, 14, 15, 16, 17, 18, 19, 20, 21, 22, 23, 24, 25, 26, 27, 28, 29, 30, 31, 32, 33, 34, 35, 36, 37, 38, 39, 40, 41, 42, 43, 44, 45, 46, 47, 48, 49, 50, 51, 52, 53, 54, 55, 56, 57, 58, 59, 60, 61]","[3, 4, 5, 54, 55, 56, 57, 21, 22, 23, 18, 19, 20, 9, 10, 11, 6, 7, 8, 0, 1, 2, 51, 52, 53, 39, 40, 41, 16, 17, 15, 27, 28, 29, 45, 46, 47, 33, 34, 35, 36, 37, 38, 32, 30, 31, 24, 25, 26, 12, 13, 14, 58, 59, 48, 49, 50, 42, 43, 44, 60, 61]","[56, 54, 57, 55, 36, 18, 21, 23, 22, 19, 37, 20, 38, 59, 61, 60, 58, 39, 0, 51, 3, 5, 4, 48, 24, 40, 41, 1, 49, 2, 27, 25, 28, 29, 50, 53, 52, 26, 30, 6, 9, 10, 11, 32, 8, 7, 31, 47, 33, 34, 46, 45, 35, 42, 12, 15, 16, 17, 44, 43, 13, 14]","[55, 57, 56, 54, 18, 21, 23, 20, 38, 22, 19, 37, 36, 8, 7, 32, 31, 41, 40, 39, 5, 4, 50, 49, 2, 1, 0, 48, 52, 53, 3, 29, 51, 26, 25, 24, 30, 6, 44, 43, 42, 28, 27, 12, 11, 10, 9, 33, 34, 35, 45, 46, 47, 13, 14, 15, 60, 61, 58, 59, 17, 16]",284,276,12199,90747,NOT_IMPLEMENTED,NOT_IMPLEMENTED,NOT_IMPLEMENTED,NOT_IMPLEMENTED,NOT_IMPLEMENTED,NOT_IMPLEMENTED,NOT_IMPLEMENTED,13251.0,14,946.5,-9753.857142857141,2,44,370,0,1,0,71375,0,,,,,,,,,,,,62,,,NOT_IMPLEMENTED,,true,22,"robotX1,robotX1',$COUNTER:0.packagesDeliveredByRobot0,$COUNTER:0.packagesDeliveredByRobot0',robotY1,robotY1',$COUNTER:1.packagesDeliveredByRobot1,$COUNTER:1.packagesDeliveredByRobot1',robotY0,robotY0',robotX0,robotX0'","elevatorY,elevatorY',deliveriesY[0],deliveriesY[0]',deliveriesX[1],deliveriesX[1]',deliveriesY[1],deliveriesY[1]',deliveriesX[0],deliveriesX[0]'",4,,,,,,2,2,4195715749307744256,4195715749307744256,90691338240000,130664452718592,81064793292668928,1152921504606846976,527765581332480000,2111062325329920,CUDD,"Using BDD Package: CUDDFactory, Version: CUDD 3.0","import ""DwyerPatternsNew.spectra""",,0,0,false,true,[],[],,null
1671484978,SORTED_JUST,1671484978.spectra,0,REALIZABILITY,SYS_REAL,"TEMP: false, SORT_AFTERWARDS: false, GROUP_OPTION: NO_GROUPING, INCREMENTAL_ADDITION: NO_INCREMENTAL, USE_RABIN: false, GROUP_AUX: NO_GROUPING, STATIC_ORDER: NO_STATIC_ORDERING, ROY_SIFT_MARKER: false, MAKE_LAST: false, MEMORYLESS: true, REORDER_METHOD: SIFT, NEW_PATTERN: false, INCREMENTAL_JUSTICES: INCREMENTAL_GRAPH, REDUCED_ALGORITHM: FALSE, PARALLEL: false, ORIGINAL: false, BUCHI_INTERSECTION: false, NEW_TRIGGER: false, PARTITIONED: SINGLE_FUNC, VERIFICATION: true, CREATE_GRAPH: false",2985,15,266,-1,67657,70923,"[0, 1, 2, 3, 4, 5, 6, 7, 8, 9, 10, 11, 12, 13, 14, 15, 16, 17, 18, 19, 20, 21, 22, 23, 24, 25, 26, 27, 28, 29, 30, 31, 32, 33, 34, 35, 36, 37, 38, 39, 40, 41, 42, 43, 44, 45, 46, 47, 48, 49, 50, 51, 52, 53, 54, 55, 56, 57, 58, 59, 60, 61]","[0, 1, 2, 3, 4, 5, 6, 7, 8, 9, 10, 11, 12, 13, 14, 15, 16, 17, 18, 19, 20, 21, 22, 23, 24, 25, 26, 27, 28, 29, 30, 31, 32, 33, 34, 35, 36, 37, 38, 39, 40, 41, 42, 43, 44, 45, 46, 47, 48, 49, 50, 51, 52, 53, 54, 55, 56, 57, 58, 59, 60, 61]","[57, 55, 56, 54, 60, 58, 61, 59, 34, 35, 32, 31, 7, 8, 11, 10, 9, 6, 30, 47, 46, 33, 44, 14, 43, 13, 16, 17, 15, 42, 45, 12, 0, 3, 5, 4, 36, 18, 39, 51, 24, 48, 1, 2, 21, 23, 20, 22, 19, 41, 40, 53, 52, 38, 37, 27, 29, 26, 28, 25, 49, 50]","[55, 57, 56, 54, 59, 61, 60, 58, 32, 31, 8, 7, 11, 10, 9, 6, 30, 38, 20, 18, 36, 19, 37, 23, 22, 41, 40, 35, 34, 21, 39, 51, 47, 33, 52, 46, 50, 49, 48, 44, 3, 43, 14, 13, 42, 12, 17, 16, 15, 45, 24, 53, 25, 26, 27, 28, 29, 5, 4, 0, 1, 2]",284,284,9381,90466,NOT_IMPLEMENTED,NOT_IMPLEMENTED,NOT_IMPLEMENTED,NOT_IMPLEMENTED,NOT_IMPLEMENTED,NOT_IMPLEMENTED,NOT_IMPLEMENTED,7288.0,13,560.6153846153845,-12406.307692307695,2,44,370,0,1,0,67626,0,,,,,,,,,,,,62,,,NOT_IMPLEMENTED,,true,22,"robotX1,robotX1',$COUNTER:0.packagesDeliveredByRobot0,$COUNTER:0.packagesDeliveredByRobot0',$COUNTER:1.packagesDeliveredByRobot1,$COUNTER:1.packagesDeliveredByRobot1',robotY1,robotY1',robotY0,robotY0',robotX0,robotX0'","deliveriesY[0],deliveriesY[0]',deliveriesY[1],deliveriesY[1]',deliveriesX[1],deliveriesX[1]',deliveriesX[0],deliveriesX[0]',elevatorY,elevatorY'",4,,,,,,2,2,4195715749307744256,4195715749307744256,90691338240000,130664452718592,81064793292668928,1152921504606846976,527765581332480000,2111062325329920,CUDD,"Using BDD Package: CUDDFactory, Version: CUDD 3.0","import ""DwyerPatternsNew.spectra""",,0,0,false,true,[],[],,null
