Spec,RunConfig,UniqueIdentifier,TIMEOUT,ActionType,Result,CONFIG_TXT,INITIAL_BDD_TIME,HEURISTICS_TIME,SECOND_STEP_TIME,PARALLEL_OVERHEAD_TIME,WORK_TIME,TOTAL_TIME,PRE_ROYBDD_ORDER,POST_HEURISTICS_ORDER,POST_SECOND_STEP_ORDER,POST_WORK_ORDER,PRE_ROYBDD_NODE_SIZE,POST_HEURISTICS_NODE_SIZE,POST_SECOND_STEP_NODE_SIZE,POST_WORK_NODE_SIZE,AVERAGE_AUX_SIZE,AVERAGE_SYS_DOM_IN_CONSTRAINT,AVERAGE_ENV_DOM_IN_CONSTRAINT,AVERAGE_SYS_DOM_SIZE,AVERAGE_ENV_DOM_SIZE,AVERAGE_CONSTRAINT_COMPLEXITY,INTERCONNECTNESS_INDEX,TOTAL_REORDER_TIME,REORDER_CALL_AMOUNT,AVERAGE_REORDER_TIME,AVERAGE_REORDER_GAIN,Z_FIXPOINTS,Y_FIXPOINTS,X_FIXPOINTS,W_FIXPOINTS,REAL_CASES,UNREAL_CASES,REAL_TIME,UNREAL_TIME,GRAPH_DATA,CLUSTER_INC_DATA,CLUSTER_VAR_DATA,DOMAIN_GRAPH_DATA,CONSTRAINT_GRAPH_DATA,JUST_STRING_COUNT,JUST_STRING_ENV_COUNT,TRANS_STRING_SYS_COUNT,TRANS_STRING_ENV_COUNT,INI_STRING_ENV_COUNT,INI_STRING_SYS_COUNT,TOTAL_VARS,SYS_VARS,ENV_VARS,AUX_VARS,UNUSED_CONS_VARS,ARRAYS_INSTANCES,TOTAL_DOMS,SYS_DOMS,ENV_DOMS,AUX_DOMS,DOMS_NOT_QUANTIFIED,INI_SYS_CONSTRAINTS,INI_ENV_CONSTRAINTS,TRANS_ENV_CONSTRAINTS,TRANS_SYS_CONSTRAINTS,JUSTICE_SYS_AMOUNT,JUSTICE_ENV_AMOUNT,Z_SAT_COUNT,Z_SAT_COUNT_START_S0,TRANS_ENV_SAT,TRANS_SYS_SAT,JUSTS_SYS_SAT,JUSTS_ENV_SAT,INI_ENV_SAT,INI_SYS_SAT,FACTORY_TYPE,BDDPACKAGE,IMPORT,UNIQUE_PATTERNS,PATTERN_INSTANCES,TRIGGER_INSTANCES,MONITORS_INSTANCES,COUNTERS_INSTANCES,REDUCED_PATTERN,REDUCED_TRIGGER,SWAPPED_TO_ORIGINAL,ADDITIONAL
RobotsMPUnlabelled3,STATIC_PARALLEL,RobotsMPUnlabelled3.spectra,0,REALIZABILITY,SYS_REAL,"TEMP: false, SORT_AFTERWARDS: false, GROUP_OPTION: NO_GROUPING, INCREMENTAL_ADDITION: NO_INCREMENTAL, USE_RABIN: false, GROUP_AUX: NO_GROUPING, STATIC_ORDER: REVERSE_CUTHILL, ROY_SIFT_MARKER: false, MAKE_LAST: false, MEMORYLESS: true, REORDER_METHOD: SIFT, NEW_PATTERN: false, INCREMENTAL_JUSTICES: NO_INCREMENTAL, REDUCED_ALGORITHM: FALSE, PARALLEL: true, ORIGINAL: false, BUCHI_INTERSECTION: false, NEW_TRIGGER: false, PARTITIONED: SINGLE_FUNC, VERIFICATION: true, CREATE_GRAPH: false",2703,125,1031,0,27153,33996,"[0, 1, 2, 3, 4, 5, 6, 7, 8, 9, 10, 11, 12, 13, 14, 15, 16, 17, 18, 19, 20, 21, 22, 23, 24, 25, 26, 27, 28, 29, 30, 31, 32, 33, 34, 35, 36, 37, 38, 39, 40, 41, 42, 43, 44, 45, 46, 47]","[22, 23, 18, 19, 14, 15, 10, 11, 6, 7, 2, 3, 20, 21, 16, 17, 12, 13, 8, 9, 4, 5, 0, 1, 44, 45, 40, 41, 36, 37, 46, 47, 42, 43, 38, 39, 32, 33, 28, 29, 24, 25, 34, 35, 30, 31, 26, 27]","[40, 38, 46, 36, 42, 12, 14, 22, 20, 16, 44, 18, 17, 39, 45, 43, 37, 47, 41, 13, 21, 23, 15, 19, 10, 6, 7, 11, 5, 3, 1, 9, 33, 25, 31, 35, 27, 29, 8, 4, 2, 0, 28, 26, 30, 32, 34, 24]","[14, 12, 20, 22, 16, 44, 36, 40, 42, 37, 39, 41, 43, 45, 21, 17, 13, 18, 15, 23, 19, 47, 46, 38, 7, 6, 11, 10, 3, 2, 9, 5, 1, 33, 35, 34, 25, 29, 31, 30, 27, 26, 8, 4, 0, 24, 28, 32]",122,122,53778,205751,NOT_IMPLEMENTED,NOT_IMPLEMENTED,NOT_IMPLEMENTED,NOT_IMPLEMENTED,NOT_IMPLEMENTED,NOT_IMPLEMENTED,NOT_IMPLEMENTED,14339.0,14,1024.2142857142853,-6320.285714285714,2,22,33,0,1,0,24762,0,,,,,,,,,,,,48,,,NOT_IMPLEMENTED,,true,24,"robotsY[2],robotsY[2]',robotsX[1],robotsX[1]',robotsX[0],robotsX[0]',robotsY[0],robotsY[0]',robotsX[2],robotsX[2]',robotsY[1],robotsY[1]'","goalsX[1],goalsX[1]',goalsX[2],goalsX[2]',goalsY[2],goalsY[2]',goalsY[1],goalsY[1]',goalsY[0],goalsY[0]',goalsX[0],goalsX[0]'",0,,,,,,1,1,218976894320640,218976894320640,543726796800,996767956992,1618934235136,281474976710656,90709709291520,68719476736,CUDD,"Using BDD Package: CUDDFactory, Version: CUDD 3.0","import ""DwyerPatternsNew.spectra""",,0,0,false,false,[],[],true,null
RobotsMPUnlabelled3,NOTHING,RobotsMPUnlabelled3.spectra,0,REALIZABILITY,SYS_REAL,"TEMP: false, SORT_AFTERWARDS: false, GROUP_OPTION: NO_GROUPING, INCREMENTAL_ADDITION: NO_INCREMENTAL, USE_RABIN: false, GROUP_AUX: NO_GROUPING, STATIC_ORDER: NO_STATIC_ORDERING, ROY_SIFT_MARKER: false, MAKE_LAST: false, MEMORYLESS: true, REORDER_METHOD: SIFT, NEW_PATTERN: false, INCREMENTAL_JUSTICES: NO_INCREMENTAL, REDUCED_ALGORITHM: FALSE, PARALLEL: false, ORIGINAL: false, BUCHI_INTERSECTION: false, NEW_TRIGGER: false, PARTITIONED: SINGLE_FUNC, VERIFICATION: true, CREATE_GRAPH: false",2719,16,1250,-1,96327,100312,"[0, 1, 2, 3, 4, 5, 6, 7, 8, 9, 10, 11, 12, 13, 14, 15, 16, 17, 18, 19, 20, 21, 22, 23, 24, 25, 26, 27, 28, 29, 30, 31, 32, 33, 34, 35, 36, 37, 38, 39, 40, 41, 42, 43, 44, 45, 46, 47]","[0, 1, 2, 3, 4, 5, 6, 7, 8, 9, 10, 11, 12, 13, 14, 15, 16, 17, 18, 19, 20, 21, 22, 23, 24, 25, 26, 27, 28, 29, 30, 31, 32, 33, 34, 35, 36, 37, 38, 39, 40, 41, 42, 43, 44, 45, 46, 47]","[32, 28, 8, 2, 0, 10, 4, 26, 24, 6, 34, 30, 25, 31, 33, 35, 29, 27, 5, 9, 1, 11, 3, 7, 19, 23, 15, 17, 18, 14, 21, 13, 37, 47, 45, 41, 16, 12, 22, 20, 39, 43, 42, 46, 36, 38, 44, 40]","[8, 10, 0, 2, 4, 32, 28, 24, 6, 33, 29, 25, 1, 5, 9, 11, 3, 7, 14, 18, 15, 19, 23, 22, 35, 31, 27, 34, 26, 21, 13, 17, 30, 45, 41, 37, 43, 42, 47, 46, 39, 38, 20, 12, 16, 36, 44, 40]",122,122,56005,287800,NOT_IMPLEMENTED,NOT_IMPLEMENTED,NOT_IMPLEMENTED,NOT_IMPLEMENTED,NOT_IMPLEMENTED,NOT_IMPLEMENTED,NOT_IMPLEMENTED,77837.0,15,5189.133333333335,-7922.733333333332,2,22,33,0,1,0,96296,0,,,,,,,,,,,,48,,,NOT_IMPLEMENTED,,true,24,"robotsX[0],robotsX[0]',robotsX[1],robotsX[1]',robotsY[2],robotsY[2]',robotsX[2],robotsX[2]',robotsY[0],robotsY[0]',robotsY[1],robotsY[1]'","goalsX[0],goalsX[0]',goalsX[1],goalsX[1]',goalsY[2],goalsY[2]',goalsX[2],goalsX[2]',goalsY[0],goalsY[0]',goalsY[1],goalsY[1]'",0,,,,,,1,1,218976894320640,218976894320640,543726796800,996767956992,1618934235136,281474976710656,90709709291520,68719476736,CUDD,"Using BDD Package: CUDDFactory, Version: CUDD 3.0","import ""DwyerPatternsNew.spectra""",,0,0,false,false,[],[],,null
RobotsMPUnlabelled3,STATIC_NO_PARALLEL,RobotsMPUnlabelled3.spectra,0,REALIZABILITY,SYS_REAL,"TEMP: false, SORT_AFTERWARDS: false, GROUP_OPTION: NO_GROUPING, INCREMENTAL_ADDITION: NO_INCREMENTAL, USE_RABIN: false, GROUP_AUX: NO_GROUPING, STATIC_ORDER: REVERSE_CUTHILL, ROY_SIFT_MARKER: false, MAKE_LAST: false, MEMORYLESS: true, REORDER_METHOD: SIFT, NEW_PATTERN: false, INCREMENTAL_JUSTICES: NO_INCREMENTAL, REDUCED_ALGORITHM: FALSE, PARALLEL: false, ORIGINAL: false, BUCHI_INTERSECTION: false, NEW_TRIGGER: false, PARTITIONED: SINGLE_FUNC, VERIFICATION: true, CREATE_GRAPH: false",2828,125,1032,-1,22984,26969,"[0, 1, 2, 3, 4, 5, 6, 7, 8, 9, 10, 11, 12, 13, 14, 15, 16, 17, 18, 19, 20, 21, 22, 23, 24, 25, 26, 27, 28, 29, 30, 31, 32, 33, 34, 35, 36, 37, 38, 39, 40, 41, 42, 43, 44, 45, 46, 47]","[22, 23, 18, 19, 14, 15, 10, 11, 6, 7, 2, 3, 20, 21, 16, 17, 12, 13, 8, 9, 4, 5, 0, 1, 44, 45, 40, 41, 36, 37, 46, 47, 42, 43, 38, 39, 32, 33, 28, 29, 24, 25, 34, 35, 30, 31, 26, 27]","[40, 38, 46, 36, 42, 12, 14, 22, 20, 16, 44, 18, 17, 39, 45, 43, 37, 47, 41, 13, 21, 23, 15, 19, 10, 6, 7, 11, 5, 3, 1, 9, 33, 25, 31, 35, 27, 29, 8, 4, 2, 0, 28, 26, 30, 32, 34, 24]","[14, 12, 20, 22, 16, 44, 36, 40, 42, 37, 39, 41, 43, 45, 21, 17, 13, 18, 15, 23, 19, 47, 46, 38, 7, 6, 11, 10, 3, 2, 9, 5, 1, 33, 35, 34, 25, 29, 31, 30, 27, 26, 8, 4, 0, 24, 28, 32]",122,122,53778,205751,NOT_IMPLEMENTED,NOT_IMPLEMENTED,NOT_IMPLEMENTED,NOT_IMPLEMENTED,NOT_IMPLEMENTED,NOT_IMPLEMENTED,NOT_IMPLEMENTED,13232.0,14,945.1428571428572,-6320.285714285714,2,22,33,0,1,0,22922,0,,,,,,,,,,,,48,,,NOT_IMPLEMENTED,,true,24,"robotsX[1],robotsX[1]',robotsY[1],robotsY[1]',robotsY[2],robotsY[2]',robotsX[0],robotsX[0]',robotsX[2],robotsX[2]',robotsY[0],robotsY[0]'","goalsY[0],goalsY[0]',goalsY[1],goalsY[1]',goalsX[0],goalsX[0]',goalsY[2],goalsY[2]',goalsX[2],goalsX[2]',goalsX[1],goalsX[1]'",0,,,,,,1,1,218976894320640,218976894320640,543726796800,996767956992,1618934235136,281474976710656,90709709291520,68719476736,CUDD,"Using BDD Package: CUDDFactory, Version: CUDD 3.0","import ""DwyerPatternsNew.spectra""",,0,0,false,false,[],[],,null
RobotsMPUnlabelled3,SORTED_JUST,RobotsMPUnlabelled3.spectra,0,REALIZABILITY,SYS_REAL,"TEMP: false, SORT_AFTERWARDS: false, GROUP_OPTION: NO_GROUPING, INCREMENTAL_ADDITION: NO_INCREMENTAL, USE_RABIN: false, GROUP_AUX: NO_GROUPING, STATIC_ORDER: NO_STATIC_ORDERING, ROY_SIFT_MARKER: false, MAKE_LAST: false, MEMORYLESS: true, REORDER_METHOD: SIFT, NEW_PATTERN: false, INCREMENTAL_JUSTICES: INCREMENTAL_GRAPH, REDUCED_ALGORITHM: FALSE, PARALLEL: false, ORIGINAL: false, BUCHI_INTERSECTION: false, NEW_TRIGGER: false, PARTITIONED: SINGLE_FUNC, VERIFICATION: true, CREATE_GRAPH: false",3016,0,1766,-1,100031,104813,"[0, 1, 2, 3, 4, 5, 6, 7, 8, 9, 10, 11, 12, 13, 14, 15, 16, 17, 18, 19, 20, 21, 22, 23, 24, 25, 26, 27, 28, 29, 30, 31, 32, 33, 34, 35, 36, 37, 38, 39, 40, 41, 42, 43, 44, 45, 46, 47]","[0, 1, 2, 3, 4, 5, 6, 7, 8, 9, 10, 11, 12, 13, 14, 15, 16, 17, 18, 19, 20, 21, 22, 23, 24, 25, 26, 27, 28, 29, 30, 31, 32, 33, 34, 35, 36, 37, 38, 39, 40, 41, 42, 43, 44, 45, 46, 47]","[32, 28, 8, 2, 0, 10, 4, 26, 24, 6, 34, 30, 25, 31, 33, 35, 29, 27, 5, 9, 1, 11, 3, 7, 19, 23, 15, 17, 18, 14, 21, 13, 37, 47, 45, 41, 16, 12, 22, 20, 39, 43, 42, 46, 36, 38, 44, 40]","[8, 10, 0, 2, 4, 32, 28, 24, 6, 33, 29, 25, 1, 5, 9, 11, 3, 7, 14, 18, 15, 19, 23, 22, 35, 31, 27, 34, 26, 21, 13, 17, 30, 45, 41, 37, 43, 42, 47, 46, 39, 38, 20, 12, 16, 36, 44, 40]",122,122,56007,287802,NOT_IMPLEMENTED,NOT_IMPLEMENTED,NOT_IMPLEMENTED,NOT_IMPLEMENTED,NOT_IMPLEMENTED,NOT_IMPLEMENTED,NOT_IMPLEMENTED,81195.0,15,5413.0,-7922.666666666668,2,22,33,0,1,0,99984,0,,,,,,,,,,,,48,,,NOT_IMPLEMENTED,,true,24,"robotsX[0],robotsX[0]',robotsX[1],robotsX[1]',robotsY[2],robotsY[2]',robotsX[2],robotsX[2]',robotsY[0],robotsY[0]',robotsY[1],robotsY[1]'","goalsX[0],goalsX[0]',goalsX[1],goalsX[1]',goalsY[2],goalsY[2]',goalsX[2],goalsX[2]',goalsY[0],goalsY[0]',goalsY[1],goalsY[1]'",0,,,,,,1,1,218976894320640,218976894320640,543726796800,996767956992,1618934235136,281474976710656,90709709291520,68719476736,CUDD,"Using BDD Package: CUDDFactory, Version: CUDD 3.0","import ""DwyerPatternsNew.spectra""",,0,0,false,false,[],[],,null
RobotsMPUnlabelled3,STATIC_PARALLEL,RobotsMPUnlabelled3.spectra,0,REALIZABILITY,SYS_REAL,"TEMP: false, SORT_AFTERWARDS: false, GROUP_OPTION: NO_GROUPING, INCREMENTAL_ADDITION: NO_INCREMENTAL, USE_RABIN: false, GROUP_AUX: NO_GROUPING, STATIC_ORDER: REVERSE_CUTHILL, ROY_SIFT_MARKER: false, MAKE_LAST: false, MEMORYLESS: true, REORDER_METHOD: SIFT, NEW_PATTERN: false, INCREMENTAL_JUSTICES: NO_INCREMENTAL, REDUCED_ALGORITHM: FALSE, PARALLEL: true, ORIGINAL: false, BUCHI_INTERSECTION: false, NEW_TRIGGER: false, PARTITIONED: SINGLE_FUNC, VERIFICATION: true, CREATE_GRAPH: false",3204,156,1156,0,31078,39125,"[0, 1, 2, 3, 4, 5, 6, 7, 8, 9, 10, 11, 12, 13, 14, 15, 16, 17, 18, 19, 20, 21, 22, 23, 24, 25, 26, 27, 28, 29, 30, 31, 32, 33, 34, 35, 36, 37, 38, 39, 40, 41, 42, 43, 44, 45, 46, 47]","[22, 23, 18, 19, 14, 15, 10, 11, 6, 7, 2, 3, 20, 21, 16, 17, 12, 13, 8, 9, 4, 5, 0, 1, 44, 45, 40, 41, 36, 37, 46, 47, 42, 43, 38, 39, 32, 33, 28, 29, 24, 25, 34, 35, 30, 31, 26, 27]","[40, 38, 46, 36, 42, 12, 14, 22, 20, 16, 44, 18, 17, 39, 45, 43, 37, 47, 41, 13, 21, 23, 15, 19, 10, 6, 7, 11, 5, 3, 1, 9, 33, 25, 31, 35, 27, 29, 8, 4, 2, 0, 28, 26, 30, 32, 34, 24]","[14, 12, 20, 22, 16, 44, 36, 40, 42, 37, 39, 41, 43, 45, 21, 17, 13, 18, 15, 23, 19, 47, 46, 38, 7, 6, 11, 10, 3, 2, 9, 5, 1, 33, 35, 34, 25, 29, 31, 30, 27, 26, 8, 4, 0, 24, 28, 32]",122,122,53778,205751,NOT_IMPLEMENTED,NOT_IMPLEMENTED,NOT_IMPLEMENTED,NOT_IMPLEMENTED,NOT_IMPLEMENTED,NOT_IMPLEMENTED,NOT_IMPLEMENTED,17046.0,14,1217.5714285714282,-6320.285714285714,2,22,33,0,1,0,27109,0,,,,,,,,,,,,48,,,NOT_IMPLEMENTED,,true,24,"robotsY[2],robotsY[2]',robotsX[1],robotsX[1]',robotsX[0],robotsX[0]',robotsY[0],robotsY[0]',robotsX[2],robotsX[2]',robotsY[1],robotsY[1]'","goalsY[2],goalsY[2]',goalsX[1],goalsX[1]',goalsY[0],goalsY[0]',goalsX[0],goalsX[0]',goalsX[2],goalsX[2]',goalsY[1],goalsY[1]'",0,,,,,,1,1,218976894320640,218976894320640,543726796800,996767956992,1618934235136,281474976710656,90709709291520,68719476736,CUDD,"Using BDD Package: CUDDFactory, Version: CUDD 3.0","import ""DwyerPatternsNew.spectra""",,0,0,false,false,[],[],true,null
RobotsMPUnlabelled3,NOTHING,RobotsMPUnlabelled3.spectra,0,REALIZABILITY,SYS_REAL,"TEMP: false, SORT_AFTERWARDS: false, GROUP_OPTION: NO_GROUPING, INCREMENTAL_ADDITION: NO_INCREMENTAL, USE_RABIN: false, GROUP_AUX: NO_GROUPING, STATIC_ORDER: NO_STATIC_ORDERING, ROY_SIFT_MARKER: false, MAKE_LAST: false, MEMORYLESS: true, REORDER_METHOD: SIFT, NEW_PATTERN: false, INCREMENTAL_JUSTICES: NO_INCREMENTAL, REDUCED_ALGORITHM: FALSE, PARALLEL: false, ORIGINAL: false, BUCHI_INTERSECTION: false, NEW_TRIGGER: false, PARTITIONED: SINGLE_FUNC, VERIFICATION: true, CREATE_GRAPH: false",2422,16,1250,-1,101449,105137,"[0, 1, 2, 3, 4, 5, 6, 7, 8, 9, 10, 11, 12, 13, 14, 15, 16, 17, 18, 19, 20, 21, 22, 23, 24, 25, 26, 27, 28, 29, 30, 31, 32, 33, 34, 35, 36, 37, 38, 39, 40, 41, 42, 43, 44, 45, 46, 47]","[0, 1, 2, 3, 4, 5, 6, 7, 8, 9, 10, 11, 12, 13, 14, 15, 16, 17, 18, 19, 20, 21, 22, 23, 24, 25, 26, 27, 28, 29, 30, 31, 32, 33, 34, 35, 36, 37, 38, 39, 40, 41, 42, 43, 44, 45, 46, 47]","[32, 28, 8, 2, 0, 10, 4, 26, 24, 6, 34, 30, 25, 31, 33, 35, 29, 27, 5, 9, 1, 11, 3, 7, 19, 23, 15, 17, 18, 14, 21, 13, 37, 47, 45, 41, 16, 12, 22, 20, 39, 43, 42, 46, 36, 38, 44, 40]","[8, 10, 0, 2, 4, 32, 28, 24, 6, 33, 29, 25, 1, 5, 9, 11, 3, 7, 14, 18, 15, 19, 23, 22, 35, 31, 27, 34, 26, 21, 13, 17, 30, 45, 41, 37, 43, 42, 47, 46, 39, 38, 20, 12, 16, 36, 44, 40]",122,122,56005,287800,NOT_IMPLEMENTED,NOT_IMPLEMENTED,NOT_IMPLEMENTED,NOT_IMPLEMENTED,NOT_IMPLEMENTED,NOT_IMPLEMENTED,NOT_IMPLEMENTED,82777.0,15,5518.466666666666,-7922.733333333332,2,22,33,0,1,0,101387,0,,,,,,,,,,,,48,,,NOT_IMPLEMENTED,,true,24,"robotsX[1],robotsX[1]',robotsY[1],robotsY[1]',robotsY[2],robotsY[2]',robotsX[0],robotsX[0]',robotsX[2],robotsX[2]',robotsY[0],robotsY[0]'","goalsY[0],goalsY[0]',goalsY[1],goalsY[1]',goalsX[0],goalsX[0]',goalsY[2],goalsY[2]',goalsX[2],goalsX[2]',goalsX[1],goalsX[1]'",0,,,,,,1,1,218976894320640,218976894320640,543726796800,996767956992,1618934235136,281474976710656,90709709291520,68719476736,CUDD,"Using BDD Package: CUDDFactory, Version: CUDD 3.0","import ""DwyerPatternsNew.spectra""",,0,0,false,false,[],[],,null
RobotsMPUnlabelled3,STATIC_NO_PARALLEL,RobotsMPUnlabelled3.spectra,0,REALIZABILITY,SYS_REAL,"TEMP: false, SORT_AFTERWARDS: false, GROUP_OPTION: NO_GROUPING, INCREMENTAL_ADDITION: NO_INCREMENTAL, USE_RABIN: false, GROUP_AUX: NO_GROUPING, STATIC_ORDER: REVERSE_CUTHILL, ROY_SIFT_MARKER: false, MAKE_LAST: false, MEMORYLESS: true, REORDER_METHOD: SIFT, NEW_PATTERN: false, INCREMENTAL_JUSTICES: NO_INCREMENTAL, REDUCED_ALGORITHM: FALSE, PARALLEL: false, ORIGINAL: false, BUCHI_INTERSECTION: false, NEW_TRIGGER: false, PARTITIONED: SINGLE_FUNC, VERIFICATION: true, CREATE_GRAPH: false",3109,156,1266,-1,27735,32266,"[0, 1, 2, 3, 4, 5, 6, 7, 8, 9, 10, 11, 12, 13, 14, 15, 16, 17, 18, 19, 20, 21, 22, 23, 24, 25, 26, 27, 28, 29, 30, 31, 32, 33, 34, 35, 36, 37, 38, 39, 40, 41, 42, 43, 44, 45, 46, 47]","[22, 23, 18, 19, 14, 15, 10, 11, 6, 7, 2, 3, 20, 21, 16, 17, 12, 13, 8, 9, 4, 5, 0, 1, 44, 45, 40, 41, 36, 37, 46, 47, 42, 43, 38, 39, 32, 33, 28, 29, 24, 25, 34, 35, 30, 31, 26, 27]","[40, 38, 46, 36, 42, 12, 14, 22, 20, 16, 44, 18, 17, 39, 45, 43, 37, 47, 41, 13, 21, 23, 15, 19, 10, 6, 7, 11, 5, 3, 1, 9, 33, 25, 31, 35, 27, 29, 8, 4, 2, 0, 28, 26, 30, 32, 34, 24]","[14, 12, 20, 22, 16, 44, 36, 40, 42, 37, 39, 41, 43, 45, 21, 17, 13, 18, 15, 23, 19, 47, 46, 38, 7, 6, 11, 10, 3, 2, 9, 5, 1, 33, 35, 34, 25, 29, 31, 30, 27, 26, 8, 4, 0, 24, 28, 32]",122,122,53780,205753,NOT_IMPLEMENTED,NOT_IMPLEMENTED,NOT_IMPLEMENTED,NOT_IMPLEMENTED,NOT_IMPLEMENTED,NOT_IMPLEMENTED,NOT_IMPLEMENTED,17608.0,14,1257.7142857142853,-6321.571428571429,2,22,33,0,1,0,27703,0,,,,,,,,,,,,48,,,NOT_IMPLEMENTED,,true,24,"robotsX[0],robotsX[0]',robotsX[1],robotsX[1]',robotsY[2],robotsY[2]',robotsX[2],robotsX[2]',robotsY[0],robotsY[0]',robotsY[1],robotsY[1]'","goalsX[0],goalsX[0]',goalsX[1],goalsX[1]',goalsY[2],goalsY[2]',goalsX[2],goalsX[2]',goalsY[0],goalsY[0]',goalsY[1],goalsY[1]'",0,,,,,,1,1,218976894320640,218976894320640,543726796800,996767956992,1618934235136,281474976710656,90709709291520,68719476736,CUDD,"Using BDD Package: CUDDFactory, Version: CUDD 3.0","import ""DwyerPatternsNew.spectra""",,0,0,false,false,[],[],,null
RobotsMPUnlabelled3,SORTED_JUST,RobotsMPUnlabelled3.spectra,0,REALIZABILITY,SYS_REAL,"TEMP: false, SORT_AFTERWARDS: false, GROUP_OPTION: NO_GROUPING, INCREMENTAL_ADDITION: NO_INCREMENTAL, USE_RABIN: false, GROUP_AUX: NO_GROUPING, STATIC_ORDER: NO_STATIC_ORDERING, ROY_SIFT_MARKER: false, MAKE_LAST: false, MEMORYLESS: true, REORDER_METHOD: SIFT, NEW_PATTERN: false, INCREMENTAL_JUSTICES: INCREMENTAL_GRAPH, REDUCED_ALGORITHM: FALSE, PARALLEL: false, ORIGINAL: false, BUCHI_INTERSECTION: false, NEW_TRIGGER: false, PARTITIONED: SINGLE_FUNC, VERIFICATION: true, CREATE_GRAPH: false",2703,17,1514,-1,97362,101596,"[0, 1, 2, 3, 4, 5, 6, 7, 8, 9, 10, 11, 12, 13, 14, 15, 16, 17, 18, 19, 20, 21, 22, 23, 24, 25, 26, 27, 28, 29, 30, 31, 32, 33, 34, 35, 36, 37, 38, 39, 40, 41, 42, 43, 44, 45, 46, 47]","[0, 1, 2, 3, 4, 5, 6, 7, 8, 9, 10, 11, 12, 13, 14, 15, 16, 17, 18, 19, 20, 21, 22, 23, 24, 25, 26, 27, 28, 29, 30, 31, 32, 33, 34, 35, 36, 37, 38, 39, 40, 41, 42, 43, 44, 45, 46, 47]","[32, 28, 8, 2, 0, 10, 4, 26, 24, 6, 34, 30, 25, 31, 33, 35, 29, 27, 5, 9, 1, 11, 3, 7, 19, 23, 15, 17, 18, 14, 21, 13, 37, 47, 45, 41, 16, 12, 22, 20, 39, 43, 42, 46, 36, 38, 44, 40]","[8, 10, 0, 2, 4, 32, 28, 24, 6, 33, 29, 25, 1, 5, 9, 11, 3, 7, 14, 18, 15, 19, 23, 22, 35, 31, 27, 34, 26, 21, 13, 17, 30, 45, 41, 37, 43, 42, 47, 46, 39, 38, 20, 12, 16, 36, 44, 40]",122,122,56005,287800,NOT_IMPLEMENTED,NOT_IMPLEMENTED,NOT_IMPLEMENTED,NOT_IMPLEMENTED,NOT_IMPLEMENTED,NOT_IMPLEMENTED,NOT_IMPLEMENTED,79517.0,15,5301.133333333335,-7922.733333333332,2,22,33,0,1,0,97315,0,,,,,,,,,,,,48,,,NOT_IMPLEMENTED,,true,24,"robotsX[0],robotsX[0]',robotsX[1],robotsX[1]',robotsY[2],robotsY[2]',robotsX[2],robotsX[2]',robotsY[0],robotsY[0]',robotsY[1],robotsY[1]'","goalsX[0],goalsX[0]',goalsX[1],goalsX[1]',goalsY[2],goalsY[2]',goalsX[2],goalsX[2]',goalsY[0],goalsY[0]',goalsY[1],goalsY[1]'",0,,,,,,1,1,218976894320640,218976894320640,543726796800,996767956992,1618934235136,281474976710656,90709709291520,68719476736,CUDD,"Using BDD Package: CUDDFactory, Version: CUDD 3.0","import ""DwyerPatternsNew.spectra""",,0,0,false,false,[],[],,null
RobotsMPUnlabelled3,STATIC_PARALLEL,RobotsMPUnlabelled3.spectra,0,REALIZABILITY,SYS_REAL,"TEMP: false, SORT_AFTERWARDS: false, GROUP_OPTION: NO_GROUPING, INCREMENTAL_ADDITION: NO_INCREMENTAL, USE_RABIN: false, GROUP_AUX: NO_GROUPING, STATIC_ORDER: REVERSE_CUTHILL, ROY_SIFT_MARKER: false, MAKE_LAST: false, MEMORYLESS: true, REORDER_METHOD: SIFT, NEW_PATTERN: false, INCREMENTAL_JUSTICES: NO_INCREMENTAL, REDUCED_ALGORITHM: FALSE, PARALLEL: true, ORIGINAL: false, BUCHI_INTERSECTION: false, NEW_TRIGGER: false, PARTITIONED: SINGLE_FUNC, VERIFICATION: true, CREATE_GRAPH: false",2875,110,1000,0,26610,34204,"[0, 1, 2, 3, 4, 5, 6, 7, 8, 9, 10, 11, 12, 13, 14, 15, 16, 17, 18, 19, 20, 21, 22, 23, 24, 25, 26, 27, 28, 29, 30, 31, 32, 33, 34, 35, 36, 37, 38, 39, 40, 41, 42, 43, 44, 45, 46, 47]","[22, 23, 18, 19, 14, 15, 10, 11, 6, 7, 2, 3, 20, 21, 16, 17, 12, 13, 8, 9, 4, 5, 0, 1, 44, 45, 40, 41, 36, 37, 46, 47, 42, 43, 38, 39, 32, 33, 28, 29, 24, 25, 34, 35, 30, 31, 26, 27]","[40, 38, 46, 36, 42, 12, 14, 22, 20, 16, 44, 18, 17, 39, 45, 43, 37, 47, 41, 13, 21, 23, 15, 19, 10, 6, 7, 11, 5, 3, 1, 9, 33, 25, 31, 35, 27, 29, 8, 4, 2, 0, 28, 26, 30, 32, 34, 24]","[14, 12, 20, 22, 16, 44, 36, 40, 42, 37, 39, 41, 43, 45, 21, 17, 13, 18, 15, 23, 19, 47, 46, 38, 7, 6, 11, 10, 3, 2, 9, 5, 1, 33, 35, 34, 25, 29, 31, 30, 27, 26, 8, 4, 0, 24, 28, 32]",122,122,53778,205751,NOT_IMPLEMENTED,NOT_IMPLEMENTED,NOT_IMPLEMENTED,NOT_IMPLEMENTED,NOT_IMPLEMENTED,NOT_IMPLEMENTED,NOT_IMPLEMENTED,14783.0,14,1055.9285714285718,-6320.285714285714,2,22,33,0,1,0,24047,0,,,,,,,,,,,,48,,,NOT_IMPLEMENTED,,true,24,"robotsY[2],robotsY[2]',robotsX[1],robotsX[1]',robotsX[0],robotsX[0]',robotsY[0],robotsY[0]',robotsX[2],robotsX[2]',robotsY[1],robotsY[1]'","goalsY[2],goalsY[2]',goalsX[1],goalsX[1]',goalsY[0],goalsY[0]',goalsX[0],goalsX[0]',goalsX[2],goalsX[2]',goalsY[1],goalsY[1]'",0,,,,,,1,1,218976894320640,218976894320640,543726796800,996767956992,1618934235136,281474976710656,90709709291520,68719476736,CUDD,"Using BDD Package: CUDDFactory, Version: CUDD 3.0","import ""DwyerPatternsNew.spectra""",,0,0,false,false,[],[],true,null
RobotsMPUnlabelled3,NOTHING,RobotsMPUnlabelled3.spectra,0,REALIZABILITY,SYS_REAL,"TEMP: false, SORT_AFTERWARDS: false, GROUP_OPTION: NO_GROUPING, INCREMENTAL_ADDITION: NO_INCREMENTAL, USE_RABIN: false, GROUP_AUX: NO_GROUPING, STATIC_ORDER: NO_STATIC_ORDERING, ROY_SIFT_MARKER: false, MAKE_LAST: false, MEMORYLESS: true, REORDER_METHOD: SIFT, NEW_PATTERN: false, INCREMENTAL_JUSTICES: NO_INCREMENTAL, REDUCED_ALGORITHM: FALSE, PARALLEL: false, ORIGINAL: false, BUCHI_INTERSECTION: false, NEW_TRIGGER: false, PARTITIONED: SINGLE_FUNC, VERIFICATION: true, CREATE_GRAPH: false",2697,31,1579,-1,89031,93338,"[0, 1, 2, 3, 4, 5, 6, 7, 8, 9, 10, 11, 12, 13, 14, 15, 16, 17, 18, 19, 20, 21, 22, 23, 24, 25, 26, 27, 28, 29, 30, 31, 32, 33, 34, 35, 36, 37, 38, 39, 40, 41, 42, 43, 44, 45, 46, 47]","[0, 1, 2, 3, 4, 5, 6, 7, 8, 9, 10, 11, 12, 13, 14, 15, 16, 17, 18, 19, 20, 21, 22, 23, 24, 25, 26, 27, 28, 29, 30, 31, 32, 33, 34, 35, 36, 37, 38, 39, 40, 41, 42, 43, 44, 45, 46, 47]","[32, 28, 8, 2, 0, 10, 4, 26, 24, 6, 34, 30, 25, 31, 33, 35, 29, 27, 5, 9, 1, 11, 3, 7, 19, 23, 15, 17, 18, 14, 21, 13, 37, 47, 45, 41, 16, 12, 22, 20, 39, 43, 42, 46, 36, 38, 44, 40]","[8, 10, 0, 2, 4, 32, 28, 24, 6, 33, 29, 25, 1, 5, 9, 11, 3, 7, 14, 18, 15, 19, 23, 22, 35, 31, 27, 34, 26, 21, 13, 17, 30, 45, 41, 37, 43, 42, 47, 46, 39, 38, 20, 12, 16, 36, 44, 40]",122,122,56005,287800,NOT_IMPLEMENTED,NOT_IMPLEMENTED,NOT_IMPLEMENTED,NOT_IMPLEMENTED,NOT_IMPLEMENTED,NOT_IMPLEMENTED,NOT_IMPLEMENTED,70573.0,15,4704.866666666665,-7922.733333333332,2,22,33,0,1,0,88969,0,,,,,,,,,,,,48,,,NOT_IMPLEMENTED,,true,24,"robotsX[0],robotsX[0]',robotsX[1],robotsX[1]',robotsY[2],robotsY[2]',robotsX[2],robotsX[2]',robotsY[0],robotsY[0]',robotsY[1],robotsY[1]'","goalsX[0],goalsX[0]',goalsX[1],goalsX[1]',goalsY[2],goalsY[2]',goalsX[2],goalsX[2]',goalsY[0],goalsY[0]',goalsY[1],goalsY[1]'",0,,,,,,1,1,218976894320640,218976894320640,543726796800,996767956992,1618934235136,281474976710656,90709709291520,68719476736,CUDD,"Using BDD Package: CUDDFactory, Version: CUDD 3.0","import ""DwyerPatternsNew.spectra""",,0,0,false,false,[],[],,null
RobotsMPUnlabelled3,STATIC_NO_PARALLEL,RobotsMPUnlabelled3.spectra,0,REALIZABILITY,SYS_REAL,"TEMP: false, SORT_AFTERWARDS: false, GROUP_OPTION: NO_GROUPING, INCREMENTAL_ADDITION: NO_INCREMENTAL, USE_RABIN: false, GROUP_AUX: NO_GROUPING, STATIC_ORDER: REVERSE_CUTHILL, ROY_SIFT_MARKER: false, MAKE_LAST: false, MEMORYLESS: true, REORDER_METHOD: SIFT, NEW_PATTERN: false, INCREMENTAL_JUSTICES: NO_INCREMENTAL, REDUCED_ALGORITHM: FALSE, PARALLEL: false, ORIGINAL: false, BUCHI_INTERSECTION: false, NEW_TRIGGER: false, PARTITIONED: SINGLE_FUNC, VERIFICATION: true, CREATE_GRAPH: false",2798,139,1172,-1,22407,26516,"[0, 1, 2, 3, 4, 5, 6, 7, 8, 9, 10, 11, 12, 13, 14, 15, 16, 17, 18, 19, 20, 21, 22, 23, 24, 25, 26, 27, 28, 29, 30, 31, 32, 33, 34, 35, 36, 37, 38, 39, 40, 41, 42, 43, 44, 45, 46, 47]","[22, 23, 18, 19, 14, 15, 10, 11, 6, 7, 2, 3, 20, 21, 16, 17, 12, 13, 8, 9, 4, 5, 0, 1, 44, 45, 40, 41, 36, 37, 46, 47, 42, 43, 38, 39, 32, 33, 28, 29, 24, 25, 34, 35, 30, 31, 26, 27]","[40, 38, 46, 36, 42, 12, 14, 22, 20, 16, 44, 18, 17, 39, 45, 43, 37, 47, 41, 13, 21, 23, 15, 19, 10, 6, 7, 11, 5, 3, 1, 9, 33, 25, 31, 35, 27, 29, 8, 4, 2, 0, 28, 26, 30, 32, 34, 24]","[14, 12, 20, 22, 16, 44, 36, 40, 42, 37, 39, 41, 43, 45, 21, 17, 13, 18, 15, 23, 19, 47, 46, 38, 7, 6, 11, 10, 3, 2, 9, 5, 1, 33, 35, 34, 25, 29, 31, 30, 27, 26, 8, 4, 0, 24, 28, 32]",122,122,53778,205751,NOT_IMPLEMENTED,NOT_IMPLEMENTED,NOT_IMPLEMENTED,NOT_IMPLEMENTED,NOT_IMPLEMENTED,NOT_IMPLEMENTED,NOT_IMPLEMENTED,12864.0,14,918.8571428571428,-6320.285714285714,2,22,33,0,1,0,22375,0,,,,,,,,,,,,48,,,NOT_IMPLEMENTED,,true,24,"robotsX[2],robotsX[2]',robotsY[0],robotsY[0]',robotsY[2],robotsY[2]',robotsX[0],robotsX[0]',robotsX[1],robotsX[1]',robotsY[1],robotsY[1]'","goalsX[0],goalsX[0]',goalsY[2],goalsY[2]',goalsY[1],goalsY[1]',goalsX[1],goalsX[1]',goalsX[2],goalsX[2]',goalsY[0],goalsY[0]'",0,,,,,,1,1,218976894320640,218976894320640,543726796800,996767956992,1618934235136,281474976710656,90709709291520,68719476736,CUDD,"Using BDD Package: CUDDFactory, Version: CUDD 3.0","import ""DwyerPatternsNew.spectra""",,0,0,false,false,[],[],,null
RobotsMPUnlabelled3,SORTED_JUST,RobotsMPUnlabelled3.spectra,0,REALIZABILITY,SYS_REAL,"TEMP: false, SORT_AFTERWARDS: false, GROUP_OPTION: NO_GROUPING, INCREMENTAL_ADDITION: NO_INCREMENTAL, USE_RABIN: false, GROUP_AUX: NO_GROUPING, STATIC_ORDER: NO_STATIC_ORDERING, ROY_SIFT_MARKER: false, MAKE_LAST: false, MEMORYLESS: true, REORDER_METHOD: SIFT, NEW_PATTERN: false, INCREMENTAL_JUSTICES: INCREMENTAL_GRAPH, REDUCED_ALGORITHM: FALSE, PARALLEL: false, ORIGINAL: false, BUCHI_INTERSECTION: false, NEW_TRIGGER: false, PARTITIONED: SINGLE_FUNC, VERIFICATION: true, CREATE_GRAPH: false",2703,16,1406,-1,86391,90531,"[0, 1, 2, 3, 4, 5, 6, 7, 8, 9, 10, 11, 12, 13, 14, 15, 16, 17, 18, 19, 20, 21, 22, 23, 24, 25, 26, 27, 28, 29, 30, 31, 32, 33, 34, 35, 36, 37, 38, 39, 40, 41, 42, 43, 44, 45, 46, 47]","[0, 1, 2, 3, 4, 5, 6, 7, 8, 9, 10, 11, 12, 13, 14, 15, 16, 17, 18, 19, 20, 21, 22, 23, 24, 25, 26, 27, 28, 29, 30, 31, 32, 33, 34, 35, 36, 37, 38, 39, 40, 41, 42, 43, 44, 45, 46, 47]","[32, 28, 8, 2, 0, 10, 4, 26, 24, 6, 34, 30, 25, 31, 33, 35, 29, 27, 5, 9, 1, 11, 3, 7, 19, 23, 15, 17, 18, 14, 21, 13, 37, 47, 45, 41, 16, 12, 22, 20, 39, 43, 42, 46, 36, 38, 44, 40]","[8, 10, 0, 2, 4, 32, 28, 24, 6, 33, 29, 25, 1, 5, 9, 11, 3, 7, 14, 18, 15, 19, 23, 22, 35, 31, 27, 34, 26, 21, 13, 17, 30, 45, 41, 37, 43, 42, 47, 46, 39, 38, 20, 12, 16, 36, 44, 40]",122,122,56005,287800,NOT_IMPLEMENTED,NOT_IMPLEMENTED,NOT_IMPLEMENTED,NOT_IMPLEMENTED,NOT_IMPLEMENTED,NOT_IMPLEMENTED,NOT_IMPLEMENTED,68411.0,15,4560.733333333332,-7922.733333333332,2,22,33,0,1,0,86360,0,,,,,,,,,,,,48,,,NOT_IMPLEMENTED,,true,24,"robotsX[1],robotsX[1]',robotsY[1],robotsY[1]',robotsY[2],robotsY[2]',robotsX[0],robotsX[0]',robotsX[2],robotsX[2]',robotsY[0],robotsY[0]'","goalsY[0],goalsY[0]',goalsY[1],goalsY[1]',goalsX[0],goalsX[0]',goalsY[2],goalsY[2]',goalsX[2],goalsX[2]',goalsX[1],goalsX[1]'",0,,,,,,1,1,218976894320640,218976894320640,543726796800,996767956992,1618934235136,281474976710656,90709709291520,68719476736,CUDD,"Using BDD Package: CUDDFactory, Version: CUDD 3.0","import ""DwyerPatternsNew.spectra""",,0,0,false,false,[],[],,null
1673819181,STATIC_PARALLEL,1673819181.spectra,0,REALIZABILITY,SYS_REAL,"TEMP: false, SORT_AFTERWARDS: false, GROUP_OPTION: NO_GROUPING, INCREMENTAL_ADDITION: NO_INCREMENTAL, USE_RABIN: false, GROUP_AUX: NO_GROUPING, STATIC_ORDER: REVERSE_CUTHILL, ROY_SIFT_MARKER: false, MAKE_LAST: false, MEMORYLESS: true, REORDER_METHOD: SIFT, NEW_PATTERN: false, INCREMENTAL_JUSTICES: NO_INCREMENTAL, REDUCED_ALGORITHM: FALSE, PARALLEL: true, ORIGINAL: false, BUCHI_INTERSECTION: false, NEW_TRIGGER: false, PARTITIONED: SINGLE_FUNC, VERIFICATION: true, CREATE_GRAPH: false",2953,157,734,0,114318,119162,"[0, 1, 2, 3, 4, 5, 6, 7, 8, 9, 10, 11, 12, 13, 14, 15, 16, 17, 18, 19, 20, 21, 22, 23, 24, 25, 26, 27, 28, 29, 30, 31, 32, 33, 34, 35, 36, 37, 38, 39, 40, 41, 42, 43, 44, 45, 46, 47, 48, 49, 50, 51, 52, 53, 54, 55, 56, 57, 58, 59, 60, 61, 62, 63, 64, 65, 66, 67, 68, 69]","[62, 63, 58, 59, 64, 65, 39, 40, 41, 9, 10, 11, 55, 3, 4, 5, 57, 6, 7, 8, 0, 1, 2, 56, 54, 27, 28, 29, 33, 34, 35, 51, 52, 53, 36, 37, 38, 32, 30, 31, 24, 25, 26, 45, 46, 47, 16, 17, 15, 68, 69, 18, 19, 20, 12, 13, 14, 21, 22, 23, 48, 49, 50, 42, 43, 44, 66, 67, 61, 60]","[62, 64, 65, 63, 58, 59, 55, 54, 57, 56, 27, 39, 36, 41, 38, 6, 8, 9, 11, 37, 7, 40, 10, 28, 51, 29, 53, 48, 18, 24, 52, 49, 25, 50, 26, 21, 20, 23, 22, 19, 33, 3, 34, 4, 5, 32, 2, 30, 0, 1, 31, 44, 43, 35, 45, 42, 12, 15, 46, 13, 14, 17, 16, 47, 60, 61, 69, 68, 66, 67]","[63, 65, 62, 64, 58, 59, 38, 8, 6, 7, 37, 56, 36, 54, 55, 57, 41, 40, 39, 11, 10, 9, 29, 28, 53, 52, 27, 50, 51, 26, 25, 24, 49, 48, 23, 22, 21, 19, 18, 20, 17, 44, 32, 31, 2, 1, 35, 34, 5, 4, 3, 33, 30, 0, 45, 46, 42, 43, 47, 15, 16, 12, 13, 14, 60, 61, 68, 69, 67, 66]",292,290,27169,303944,NOT_IMPLEMENTED,NOT_IMPLEMENTED,NOT_IMPLEMENTED,NOT_IMPLEMENTED,NOT_IMPLEMENTED,NOT_IMPLEMENTED,NOT_IMPLEMENTED,44310.0,15,2954.0,-7218.466666666666,2,70,650,0,1,0,114162,0,,,,,,,,,,,,70,,,NOT_IMPLEMENTED,,false,30,"robotY1,robotY1',robotX0,robotX0',r1BackToGound,r1BackToGound',$PATTERN:1.SYS_CONSTRAINT.1.S_responds_to_P_globally.state,$PATTERN:1.SYS_CONSTRAINT.1.S_responds_to_P_globally.state',$COUNTER:0.r0Count,$COUNTER:0.r0Count',robotX1,robotX1',r2BackToGound,r2BackToGound',$PATTERN:0.SYS_CONSTRAINT.0.S_responds_to_P_globally.state,$PATTERN:0.SYS_CONSTRAINT.0.S_responds_to_P_globally.state',robotY0,robotY0',$COUNTER:1.r1Count,$COUNTER:1.r1Count'","elvY,elvY',p0Y,p0Y',p1X,p1X',p1Y,p1Y',p0X,p0X'",4,,,,,,4,2,1083528615619180101632,270882153904795025408,19738226851840000,1889640737441424,1201344207800334548992,295147905179352825856,135107988821114880000,23183546269040640,CUDD,"Using BDD Package: CUDDFactory, Version: CUDD 3.0","import ""DwyerPatternsNew.spectra""",S_responds_to_P_globally,2,0,false,true,[],[],true,null
1673819181,NOTHING,1673819181.spectra,0,REALIZABILITY,SYS_REAL,"TEMP: false, SORT_AFTERWARDS: false, GROUP_OPTION: NO_GROUPING, INCREMENTAL_ADDITION: NO_INCREMENTAL, USE_RABIN: false, GROUP_AUX: NO_GROUPING, STATIC_ORDER: NO_STATIC_ORDERING, ROY_SIFT_MARKER: false, MAKE_LAST: false, MEMORYLESS: true, REORDER_METHOD: SIFT, NEW_PATTERN: false, INCREMENTAL_JUSTICES: NO_INCREMENTAL, REDUCED_ALGORITHM: FALSE, PARALLEL: false, ORIGINAL: false, BUCHI_INTERSECTION: false, NEW_TRIGGER: false, PARTITIONED: SINGLE_FUNC, VERIFICATION: true, CREATE_GRAPH: false",2790,31,1109,-1,217752,221682,"[0, 1, 2, 3, 4, 5, 6, 7, 8, 9, 10, 11, 12, 13, 14, 15, 16, 17, 18, 19, 20, 21, 22, 23, 24, 25, 26, 27, 28, 29, 30, 31, 32, 33, 34, 35, 36, 37, 38, 39, 40, 41, 42, 43, 44, 45, 46, 47, 48, 49, 50, 51, 52, 53, 54, 55, 56, 57, 58, 59, 60, 61, 62, 63, 64, 65, 66, 67, 68, 69]","[0, 1, 2, 3, 4, 5, 6, 7, 8, 9, 10, 11, 12, 13, 14, 15, 16, 17, 18, 19, 20, 21, 22, 23, 24, 25, 26, 27, 28, 29, 30, 31, 32, 33, 34, 35, 36, 37, 38, 39, 40, 41, 42, 43, 44, 45, 46, 47, 48, 49, 50, 51, 52, 53, 54, 55, 56, 57, 58, 59, 60, 61, 62, 63, 64, 65, 66, 67, 68, 69]","[33, 3, 35, 5, 34, 4, 32, 2, 0, 30, 1, 31, 47, 46, 57, 56, 44, 14, 43, 13, 42, 12, 45, 15, 16, 17, 39, 9, 6, 36, 65, 63, 64, 62, 58, 59, 41, 38, 8, 7, 37, 11, 10, 40, 24, 26, 25, 27, 48, 18, 21, 51, 29, 28, 50, 54, 55, 23, 22, 52, 53, 20, 49, 19, 69, 68, 66, 67, 61, 60]","[32, 31, 2, 63, 65, 64, 62, 58, 59, 1, 35, 5, 4, 34, 0, 38, 8, 6, 36, 7, 37, 30, 11, 10, 9, 41, 40, 53, 52, 39, 50, 3, 57, 56, 54, 55, 49, 51, 33, 29, 48, 28, 46, 27, 26, 25, 45, 44, 24, 43, 14, 13, 42, 47, 16, 17, 15, 12, 18, 21, 22, 23, 20, 19, 68, 69, 67, 66, 60, 61]",292,292,37533,184850,NOT_IMPLEMENTED,NOT_IMPLEMENTED,NOT_IMPLEMENTED,NOT_IMPLEMENTED,NOT_IMPLEMENTED,NOT_IMPLEMENTED,NOT_IMPLEMENTED,71032.0,18,3946.222222222223,-45051.94444444444,2,70,650,0,1,0,217736,0,,,,,,,,,,,,70,,,NOT_IMPLEMENTED,,false,30,"r2BackToGound,r2BackToGound',$COUNTER:0.r0Count,$COUNTER:0.r0Count',robotX1,robotX1',robotY0,robotY0',$PATTERN:1.SYS_CONSTRAINT.1.S_responds_to_P_globally.state,$PATTERN:1.SYS_CONSTRAINT.1.S_responds_to_P_globally.state',robotY1,robotY1',robotX0,robotX0',$COUNTER:1.r1Count,$COUNTER:1.r1Count',$PATTERN:0.SYS_CONSTRAINT.0.S_responds_to_P_globally.state,$PATTERN:0.SYS_CONSTRAINT.0.S_responds_to_P_globally.state',r1BackToGound,r1BackToGound'","p1X,p1X',p0Y,p0Y',p1Y,p1Y',p0X,p0X',elvY,elvY'",4,,,,,,4,2,1083528615619180101632,270882153904795025408,19738226851840000,1889640737441424,1201344207800334548992,295147905179352825856,135107988821114880000,23183546269040640,CUDD,"Using BDD Package: CUDDFactory, Version: CUDD 3.0","import ""DwyerPatternsNew.spectra""",S_responds_to_P_globally,2,0,false,true,[],[],,null
1673819181,STATIC_NO_PARALLEL,1673819181.spectra,0,REALIZABILITY,SYS_REAL,"TEMP: false, SORT_AFTERWARDS: false, GROUP_OPTION: NO_GROUPING, INCREMENTAL_ADDITION: NO_INCREMENTAL, USE_RABIN: false, GROUP_AUX: NO_GROUPING, STATIC_ORDER: REVERSE_CUTHILL, ROY_SIFT_MARKER: false, MAKE_LAST: false, MEMORYLESS: true, REORDER_METHOD: SIFT, NEW_PATTERN: false, INCREMENTAL_JUSTICES: NO_INCREMENTAL, REDUCED_ALGORITHM: FALSE, PARALLEL: false, ORIGINAL: false, BUCHI_INTERSECTION: false, NEW_TRIGGER: false, PARTITIONED: SINGLE_FUNC, VERIFICATION: true, CREATE_GRAPH: false",2531,110,687,-1,115002,118330,"[0, 1, 2, 3, 4, 5, 6, 7, 8, 9, 10, 11, 12, 13, 14, 15, 16, 17, 18, 19, 20, 21, 22, 23, 24, 25, 26, 27, 28, 29, 30, 31, 32, 33, 34, 35, 36, 37, 38, 39, 40, 41, 42, 43, 44, 45, 46, 47, 48, 49, 50, 51, 52, 53, 54, 55, 56, 57, 58, 59, 60, 61, 62, 63, 64, 65, 66, 67, 68, 69]","[62, 63, 58, 59, 64, 65, 39, 40, 41, 9, 10, 11, 55, 3, 4, 5, 57, 6, 7, 8, 0, 1, 2, 56, 54, 27, 28, 29, 33, 34, 35, 51, 52, 53, 36, 37, 38, 32, 30, 31, 24, 25, 26, 45, 46, 47, 16, 17, 15, 68, 69, 18, 19, 20, 12, 13, 14, 21, 22, 23, 48, 49, 50, 42, 43, 44, 66, 67, 61, 60]","[62, 64, 65, 63, 58, 59, 54, 55, 57, 56, 27, 41, 38, 39, 36, 8, 6, 9, 11, 40, 10, 37, 7, 29, 51, 48, 18, 24, 53, 50, 26, 25, 20, 21, 28, 23, 49, 52, 22, 19, 32, 2, 30, 0, 1, 31, 33, 3, 5, 4, 44, 34, 43, 35, 45, 15, 46, 17, 16, 13, 14, 42, 47, 12, 60, 61, 69, 68, 66, 67]","[63, 65, 62, 64, 58, 59, 57, 40, 56, 38, 37, 8, 6, 7, 36, 55, 54, 41, 39, 11, 10, 9, 29, 28, 53, 50, 52, 49, 26, 25, 27, 51, 24, 48, 20, 19, 18, 23, 22, 21, 44, 43, 32, 31, 2, 30, 0, 1, 35, 42, 5, 4, 3, 33, 34, 45, 46, 47, 15, 17, 16, 12, 13, 14, 60, 61, 68, 69, 67, 66]",292,290,25531,279998,NOT_IMPLEMENTED,NOT_IMPLEMENTED,NOT_IMPLEMENTED,NOT_IMPLEMENTED,NOT_IMPLEMENTED,NOT_IMPLEMENTED,NOT_IMPLEMENTED,48929.0,15,3261.933333333333,-7017.733333333332,2,70,650,0,1,0,114986,0,,,,,,,,,,,,70,,,NOT_IMPLEMENTED,,false,30,"robotY0,robotY0',$PATTERN:1.SYS_CONSTRAINT.1.S_responds_to_P_globally.state,$PATTERN:1.SYS_CONSTRAINT.1.S_responds_to_P_globally.state',$COUNTER:1.r1Count,$COUNTER:1.r1Count',robotY1,robotY1',robotX0,robotX0',r2BackToGound,r2BackToGound',$PATTERN:0.SYS_CONSTRAINT.0.S_responds_to_P_globally.state,$PATTERN:0.SYS_CONSTRAINT.0.S_responds_to_P_globally.state',robotX1,robotX1',r1BackToGound,r1BackToGound',$COUNTER:0.r0Count,$COUNTER:0.r0Count'","p0X,p0X',p0Y,p0Y',p1Y,p1Y',elvY,elvY',p1X,p1X'",4,,,,,,4,2,1083528615619180101632,270882153904795025408,19738226851840000,1889640737441424,1201344207800334548992,295147905179352825856,135107988821114880000,23183546269040640,CUDD,"Using BDD Package: CUDDFactory, Version: CUDD 3.0","import ""DwyerPatternsNew.spectra""",S_responds_to_P_globally,2,0,false,true,[],[],,null
1673819181,SORTED_JUST,1673819181.spectra,0,REALIZABILITY,SYS_REAL,"TEMP: false, SORT_AFTERWARDS: false, GROUP_OPTION: NO_GROUPING, INCREMENTAL_ADDITION: NO_INCREMENTAL, USE_RABIN: false, GROUP_AUX: NO_GROUPING, STATIC_ORDER: NO_STATIC_ORDERING, ROY_SIFT_MARKER: false, MAKE_LAST: false, MEMORYLESS: true, REORDER_METHOD: SIFT, NEW_PATTERN: false, INCREMENTAL_JUSTICES: INCREMENTAL_GRAPH, REDUCED_ALGORITHM: FALSE, PARALLEL: false, ORIGINAL: false, BUCHI_INTERSECTION: false, NEW_TRIGGER: false, PARTITIONED: SINGLE_FUNC, VERIFICATION: true, CREATE_GRAPH: false",2823,7,1237,-1,192462,196529,"[0, 1, 2, 3, 4, 5, 6, 7, 8, 9, 10, 11, 12, 13, 14, 15, 16, 17, 18, 19, 20, 21, 22, 23, 24, 25, 26, 27, 28, 29, 30, 31, 32, 33, 34, 35, 36, 37, 38, 39, 40, 41, 42, 43, 44, 45, 46, 47, 48, 49, 50, 51, 52, 53, 54, 55, 56, 57, 58, 59, 60, 61, 62, 63, 64, 65, 66, 67, 68, 69]","[0, 1, 2, 3, 4, 5, 6, 7, 8, 9, 10, 11, 12, 13, 14, 15, 16, 17, 18, 19, 20, 21, 22, 23, 24, 25, 26, 27, 28, 29, 30, 31, 32, 33, 34, 35, 36, 37, 38, 39, 40, 41, 42, 43, 44, 45, 46, 47, 48, 49, 50, 51, 52, 53, 54, 55, 56, 57, 58, 59, 60, 61, 62, 63, 64, 65, 66, 67, 68, 69]","[33, 3, 35, 5, 34, 4, 32, 2, 0, 30, 1, 31, 46, 47, 57, 56, 44, 14, 43, 13, 42, 12, 45, 15, 16, 17, 39, 9, 6, 36, 41, 11, 10, 40, 65, 63, 64, 62, 58, 59, 7, 8, 38, 37, 24, 26, 25, 27, 48, 18, 21, 51, 29, 28, 49, 53, 23, 22, 52, 19, 50, 20, 54, 55, 60, 61, 69, 68, 66, 67]","[31, 32, 1, 2, 63, 65, 64, 62, 58, 59, 35, 5, 4, 34, 38, 8, 7, 37, 3, 0, 6, 36, 30, 41, 11, 10, 40, 9, 39, 29, 53, 50, 47, 33, 17, 54, 55, 57, 56, 42, 28, 27, 46, 48, 24, 51, 26, 25, 45, 52, 16, 44, 43, 15, 14, 13, 12, 49, 21, 22, 23, 18, 19, 20, 60, 61, 69, 68, 66, 67]",292,292,39332,219857,NOT_IMPLEMENTED,NOT_IMPLEMENTED,NOT_IMPLEMENTED,NOT_IMPLEMENTED,NOT_IMPLEMENTED,NOT_IMPLEMENTED,NOT_IMPLEMENTED,74076.0,17,4357.411764705883,-42767.529411764706,2,70,650,0,1,0,192449,0,,,,,,,,,,,,70,,,NOT_IMPLEMENTED,,false,30,"robotY0,robotY0',$PATTERN:1.SYS_CONSTRAINT.1.S_responds_to_P_globally.state,$PATTERN:1.SYS_CONSTRAINT.1.S_responds_to_P_globally.state',$COUNTER:1.r1Count,$COUNTER:1.r1Count',robotY1,robotY1',robotX0,robotX0',r2BackToGound,r2BackToGound',$PATTERN:0.SYS_CONSTRAINT.0.S_responds_to_P_globally.state,$PATTERN:0.SYS_CONSTRAINT.0.S_responds_to_P_globally.state',robotX1,robotX1',r1BackToGound,r1BackToGound',$COUNTER:0.r0Count,$COUNTER:0.r0Count'","p0X,p0X',p0Y,p0Y',p1Y,p1Y',elvY,elvY',p1X,p1X'",4,,,,,,4,2,1083528615619180101632,270882153904795025408,19738226851840000,1889640737441424,1201344207800334548992,295147905179352825856,135107988821114880000,23183546269040640,CUDD,"Using BDD Package: CUDDFactory, Version: CUDD 3.0","import ""DwyerPatternsNew.spectra""",S_responds_to_P_globally,2,0,false,true,[],[],,null
