Spec,RunConfig,UniqueIdentifier,TIMEOUT,ActionType,Result,CONFIG_TXT,INITIAL_BDD_TIME,HEURISTICS_TIME,SECOND_STEP_TIME,PARALLEL_OVERHEAD_TIME,WORK_TIME,TOTAL_TIME,PRE_ROYBDD_ORDER,POST_HEURISTICS_ORDER,POST_SECOND_STEP_ORDER,POST_WORK_ORDER,PRE_ROYBDD_NODE_SIZE,POST_HEURISTICS_NODE_SIZE,POST_SECOND_STEP_NODE_SIZE,POST_WORK_NODE_SIZE,AVERAGE_AUX_SIZE,AVERAGE_SYS_DOM_IN_CONSTRAINT,AVERAGE_ENV_DOM_IN_CONSTRAINT,AVERAGE_SYS_DOM_SIZE,AVERAGE_ENV_DOM_SIZE,AVERAGE_CONSTRAINT_COMPLEXITY,INTERCONNECTNESS_INDEX,TOTAL_REORDER_TIME,REORDER_CALL_AMOUNT,AVERAGE_REORDER_TIME,AVERAGE_REORDER_GAIN,Z_FIXPOINTS,Y_FIXPOINTS,X_FIXPOINTS,W_FIXPOINTS,REAL_CASES,UNREAL_CASES,REAL_TIME,UNREAL_TIME,GRAPH_DATA,CLUSTER_INC_DATA,CLUSTER_VAR_DATA,DOMAIN_GRAPH_DATA,CONSTRAINT_GRAPH_DATA,JUST_STRING_COUNT,JUST_STRING_ENV_COUNT,TRANS_STRING_SYS_COUNT,TRANS_STRING_ENV_COUNT,INI_STRING_ENV_COUNT,INI_STRING_SYS_COUNT,TOTAL_VARS,SYS_VARS,ENV_VARS,AUX_VARS,UNUSED_CONS_VARS,ARRAYS_INSTANCES,TOTAL_DOMS,SYS_DOMS,ENV_DOMS,AUX_DOMS,DOMS_NOT_QUANTIFIED,INI_SYS_CONSTRAINTS,INI_ENV_CONSTRAINTS,TRANS_ENV_CONSTRAINTS,TRANS_SYS_CONSTRAINTS,JUSTICE_SYS_AMOUNT,JUSTICE_ENV_AMOUNT,Z_SAT_COUNT,Z_SAT_COUNT_START_S0,TRANS_ENV_SAT,TRANS_SYS_SAT,JUSTS_SYS_SAT,JUSTS_ENV_SAT,INI_ENV_SAT,INI_SYS_SAT,FACTORY_TYPE,BDDPACKAGE,IMPORT,UNIQUE_PATTERNS,PATTERN_INSTANCES,TRIGGER_INSTANCES,MONITORS_INSTANCES,COUNTERS_INSTANCES,REDUCED_PATTERN,REDUCED_TRIGGER,SWAPPED_TO_ORIGINAL,ADDITIONAL
1670057023,STATIC_PARALLEL,1670057023.spectra,0,REALIZABILITY,SYS_REAL,"TEMP: false, SORT_AFTERWARDS: false, GROUP_OPTION: NO_GROUPING, INCREMENTAL_ADDITION: NO_INCREMENTAL, USE_RABIN: false, GROUP_AUX: NO_GROUPING, STATIC_ORDER: REVERSE_CUTHILL, ROY_SIFT_MARKER: false, MAKE_LAST: false, MEMORYLESS: true, REORDER_METHOD: SIFT, NEW_PATTERN: false, INCREMENTAL_JUSTICES: NO_INCREMENTAL, REDUCED_ALGORITHM: FALSE, PARALLEL: true, ORIGINAL: false, BUCHI_INTERSECTION: false, NEW_TRIGGER: false, PARTITIONED: SINGLE_FUNC, VERIFICATION: true, CREATE_GRAPH: false",3797,140,688,0,242175,247722,"[0, 1, 2, 3, 4, 5, 6, 7, 8, 9, 10, 11, 12, 13, 14, 15, 16, 17, 18, 19, 20, 21, 22, 23, 24, 25, 26, 27, 28, 29, 30, 31, 32, 33, 34, 35, 36, 37, 38, 39, 40, 41, 42, 43, 44, 45, 46, 47, 48, 49, 50, 51, 52, 53, 54, 55, 56, 57, 58, 59, 60, 61, 62, 63, 64, 65, 66, 67, 68, 69, 70, 71]","[50, 51, 48, 49, 9, 10, 11, 3, 4, 5, 21, 22, 23, 16, 17, 15, 45, 46, 47, 38, 36, 39, 37, 66, 67, 68, 69, 70, 71, 61, 62, 63, 55, 56, 57, 42, 43, 44, 41, 0, 1, 2, 6, 7, 8, 12, 13, 14, 18, 19, 20, 33, 34, 35, 27, 28, 29, 40, 58, 59, 60, 52, 53, 54, 24, 25, 26, 32, 30, 31, 65, 64]","[49, 51, 50, 48, 36, 44, 43, 42, 46, 66, 67, 68, 69, 70, 71, 63, 45, 62, 47, 11, 8, 9, 6, 10, 7, 61, 3, 0, 2, 5, 1, 4, 21, 18, 20, 23, 19, 22, 59, 34, 64, 31, 58, 60, 32, 35, 33, 30, 65, 56, 13, 38, 53, 25, 40, 16, 14, 54, 37, 39, 41, 52, 24, 12, 26, 17, 15, 57, 55, 27, 29, 28]","[66, 67, 68, 69, 70, 44, 50, 71, 51, 48, 63, 62, 49, 47, 43, 42, 41, 61, 46, 45, 59, 60, 58, 57, 29, 56, 55, 3, 40, 38, 36, 0, 5, 4, 1, 11, 10, 9, 54, 25, 13, 53, 52, 37, 24, 12, 7, 6, 8, 39, 2, 31, 19, 30, 18, 26, 32, 64, 65, 28, 27, 20, 14, 15, 16, 34, 33, 35, 22, 21, 23, 17]",575,774,20590,190214,NOT_IMPLEMENTED,NOT_IMPLEMENTED,NOT_IMPLEMENTED,NOT_IMPLEMENTED,NOT_IMPLEMENTED,NOT_IMPLEMENTED,NOT_IMPLEMENTED,24158.0,16,1509.875,-12862.0,2,80,1202,0,1,0,242019,0,,,,,,,,,,,,72,,,NOT_IMPLEMENTED,,false,32,"$TRIGGER:0.VAR',robotX,robotX',robotY,robotY',$TRIGGER:0.VAR,$PATTERN:0.SYS_CONSTRAINT.0.S_responds_to_P_globally.state,$PATTERN:0.SYS_CONSTRAINT.0.S_responds_to_P_globally.state'","isCBlocked,isCBlocked',MObstacleX,MObstacleX',targetBY,targetBY',targetCY,targetCY',targetBX,targetBX',$PATTERN:1.ENV_CONSTRAINT.1.S_responds_to_P_globally.state,$PATTERN:1.ENV_CONSTRAINT.1.S_responds_to_P_globally.state',$PATTERN:2.ENV_CONSTRAINT.2.S_responds_to_P_globally.state,$PATTERN:2.ENV_CONSTRAINT.2.S_responds_to_P_globally.state',targetAY,targetAY',targetAX,targetAX',isABlocked,isABlocked',isBBlocked,isBBlocked',targetCX,targetCX'",0,,,,,,7,5,4670920586693680562176,72967013299400998912,18329691488256,5328130073029509120,3185522117228718194688,11252513884962826485760,3014597000571125760,4504441853277372416,CUDD,"Using BDD Package: CUDDFactory, Version: CUDD 3.0","import ""DwyerPatternsNew.spectra""",S_responds_to_P_globally,3,1,false,false,[],[],true,null
1670057023,NOTHING,1670057023.spectra,0,REALIZABILITY,SYS_REAL,"TEMP: false, SORT_AFTERWARDS: false, GROUP_OPTION: NO_GROUPING, INCREMENTAL_ADDITION: NO_INCREMENTAL, USE_RABIN: false, GROUP_AUX: NO_GROUPING, STATIC_ORDER: NO_STATIC_ORDERING, ROY_SIFT_MARKER: false, MAKE_LAST: false, MEMORYLESS: true, REORDER_METHOD: SIFT, NEW_PATTERN: false, INCREMENTAL_JUSTICES: NO_INCREMENTAL, REDUCED_ALGORITHM: FALSE, PARALLEL: false, ORIGINAL: false, BUCHI_INTERSECTION: false, NEW_TRIGGER: false, PARTITIONED: SINGLE_FUNC, VERIFICATION: true, CREATE_GRAPH: false",3125,0,593,-1,151705,155423,"[0, 1, 2, 3, 4, 5, 6, 7, 8, 9, 10, 11, 12, 13, 14, 15, 16, 17, 18, 19, 20, 21, 22, 23, 24, 25, 26, 27, 28, 29, 30, 31, 32, 33, 34, 35, 36, 37, 38, 39, 40, 41, 42, 43, 44, 45, 46, 47, 48, 49, 50, 51, 52, 53, 54, 55, 56, 57, 58, 59, 60, 61, 62, 63, 64, 65, 66, 67, 68, 69, 70, 71]","[0, 1, 2, 3, 4, 5, 6, 7, 8, 9, 10, 11, 12, 13, 14, 15, 16, 17, 18, 19, 20, 21, 22, 23, 24, 25, 26, 27, 28, 29, 30, 31, 32, 33, 34, 35, 36, 37, 38, 39, 40, 41, 42, 43, 44, 45, 46, 47, 48, 49, 50, 51, 52, 53, 54, 55, 56, 57, 58, 59, 60, 61, 62, 63, 64, 65, 66, 67, 68, 69, 70, 71]","[57, 55, 5, 36, 2, 3, 56, 0, 4, 1, 11, 8, 9, 6, 10, 7, 15, 12, 17, 14, 16, 13, 27, 54, 52, 53, 64, 24, 28, 25, 26, 29, 65, 63, 35, 23, 61, 20, 18, 38, 21, 22, 19, 40, 39, 37, 62, 34, 59, 41, 58, 60, 33, 30, 31, 32, 51, 66, 67, 68, 69, 70, 71, 44, 50, 49, 48, 43, 42, 46, 47, 45]","[64, 1, 2, 5, 4, 0, 3, 8, 11, 7, 10, 6, 9, 13, 16, 14, 17, 55, 36, 38, 12, 15, 20, 23, 19, 22, 18, 21, 57, 29, 28, 56, 61, 62, 26, 25, 24, 40, 54, 53, 27, 52, 31, 30, 32, 59, 58, 65, 60, 39, 41, 34, 33, 35, 63, 37, 46, 45, 43, 42, 51, 50, 48, 49, 47, 44, 66, 67, 68, 69, 70, 71]",580,580,15824,371785,NOT_IMPLEMENTED,NOT_IMPLEMENTED,NOT_IMPLEMENTED,NOT_IMPLEMENTED,NOT_IMPLEMENTED,NOT_IMPLEMENTED,NOT_IMPLEMENTED,84090.0,16,5255.625,-15637.0625,2,80,1202,0,1,0,151690,0,,,,,,,,,,,,72,,,NOT_IMPLEMENTED,,false,32,"$TRIGGER:0.VAR',$TRIGGER:0.VAR,$PATTERN:0.SYS_CONSTRAINT.0.S_responds_to_P_globally.state,$PATTERN:0.SYS_CONSTRAINT.0.S_responds_to_P_globally.state',robotY,robotY',robotX,robotX'","targetAY,targetAY',targetCY,targetCY',targetBX,targetBX',isCBlocked,isCBlocked',isBBlocked,isBBlocked',isABlocked,isABlocked',$PATTERN:1.ENV_CONSTRAINT.1.S_responds_to_P_globally.state,$PATTERN:1.ENV_CONSTRAINT.1.S_responds_to_P_globally.state',targetBY,targetBY',targetAX,targetAX',MObstacleX,MObstacleX',$PATTERN:2.ENV_CONSTRAINT.2.S_responds_to_P_globally.state,$PATTERN:2.ENV_CONSTRAINT.2.S_responds_to_P_globally.state',targetCX,targetCX'",0,,,,,,7,5,4670920586693680562176,72967013299400998912,18329691488256,5328130073029509120,3185522117228718194688,11252513884962826485760,3014597000571125760,4504441853277372416,CUDD,"Using BDD Package: CUDDFactory, Version: CUDD 3.0","import ""DwyerPatternsNew.spectra""",S_responds_to_P_globally,3,1,false,false,[],[],,null
1670057023,STATIC_NO_PARALLEL,1670057023.spectra,0,REALIZABILITY,SYS_REAL,"TEMP: false, SORT_AFTERWARDS: false, GROUP_OPTION: NO_GROUPING, INCREMENTAL_ADDITION: NO_INCREMENTAL, USE_RABIN: false, GROUP_AUX: NO_GROUPING, STATIC_ORDER: REVERSE_CUTHILL, ROY_SIFT_MARKER: false, MAKE_LAST: false, MEMORYLESS: true, REORDER_METHOD: SIFT, NEW_PATTERN: false, INCREMENTAL_JUSTICES: NO_INCREMENTAL, REDUCED_ALGORITHM: FALSE, PARALLEL: false, ORIGINAL: false, BUCHI_INTERSECTION: false, NEW_TRIGGER: false, PARTITIONED: SINGLE_FUNC, VERIFICATION: true, CREATE_GRAPH: false",3360,187,766,-1,86735,91048,"[0, 1, 2, 3, 4, 5, 6, 7, 8, 9, 10, 11, 12, 13, 14, 15, 16, 17, 18, 19, 20, 21, 22, 23, 24, 25, 26, 27, 28, 29, 30, 31, 32, 33, 34, 35, 36, 37, 38, 39, 40, 41, 42, 43, 44, 45, 46, 47, 48, 49, 50, 51, 52, 53, 54, 55, 56, 57, 58, 59, 60, 61, 62, 63, 64, 65, 66, 67, 68, 69, 70, 71]","[50, 51, 48, 49, 9, 10, 11, 3, 4, 5, 21, 22, 23, 16, 17, 15, 45, 46, 47, 38, 36, 39, 37, 66, 67, 68, 69, 70, 71, 61, 62, 63, 55, 56, 57, 42, 43, 44, 41, 0, 1, 2, 6, 7, 8, 12, 13, 14, 18, 19, 20, 33, 34, 35, 27, 28, 29, 40, 58, 59, 60, 52, 53, 54, 24, 25, 26, 32, 30, 31, 65, 64]","[66, 67, 68, 69, 70, 71, 63, 51, 50, 49, 48, 44, 43, 42, 46, 45, 62, 47, 11, 8, 9, 6, 10, 7, 61, 21, 18, 23, 20, 22, 19, 34, 35, 65, 64, 59, 31, 32, 60, 58, 33, 30, 2, 57, 5, 55, 3, 0, 36, 56, 4, 1, 13, 38, 16, 53, 25, 40, 14, 37, 54, 39, 41, 52, 24, 12, 26, 15, 17, 28, 27, 29]","[66, 67, 68, 69, 70, 71, 64, 44, 50, 51, 49, 63, 62, 61, 48, 43, 47, 42, 60, 59, 58, 40, 38, 36, 57, 56, 55, 45, 46, 54, 53, 52, 25, 24, 13, 37, 28, 29, 27, 16, 12, 1, 0, 26, 15, 31, 30, 32, 65, 41, 19, 39, 7, 18, 14, 6, 4, 8, 33, 3, 34, 35, 2, 20, 22, 21, 23, 5, 17, 9, 10, 11]",580,776,18538,152837,NOT_IMPLEMENTED,NOT_IMPLEMENTED,NOT_IMPLEMENTED,NOT_IMPLEMENTED,NOT_IMPLEMENTED,NOT_IMPLEMENTED,NOT_IMPLEMENTED,31337.0,19,1649.3157894736848,-25458.421052631584,2,80,1202,0,1,0,86735,0,,,,,,,,,,,,72,,,NOT_IMPLEMENTED,,false,32,"$TRIGGER:0.VAR',$TRIGGER:0.VAR,$PATTERN:0.SYS_CONSTRAINT.0.S_responds_to_P_globally.state,$PATTERN:0.SYS_CONSTRAINT.0.S_responds_to_P_globally.state',robotY,robotY',robotX,robotX'","targetAY,targetAY',targetCY,targetCY',targetBX,targetBX',isCBlocked,isCBlocked',isBBlocked,isBBlocked',isABlocked,isABlocked',$PATTERN:1.ENV_CONSTRAINT.1.S_responds_to_P_globally.state,$PATTERN:1.ENV_CONSTRAINT.1.S_responds_to_P_globally.state',targetBY,targetBY',targetAX,targetAX',MObstacleX,MObstacleX',$PATTERN:2.ENV_CONSTRAINT.2.S_responds_to_P_globally.state,$PATTERN:2.ENV_CONSTRAINT.2.S_responds_to_P_globally.state',targetCX,targetCX'",0,,,,,,7,5,4670920586693680562176,72967013299400998912,18329691488256,5328130073029509120,3185522117228718194688,11252513884962826485760,3014597000571125760,4504441853277372416,CUDD,"Using BDD Package: CUDDFactory, Version: CUDD 3.0","import ""DwyerPatternsNew.spectra""",S_responds_to_P_globally,3,1,false,false,[],[],,null
1670057023,SORTED_JUST,1670057023.spectra,0,REALIZABILITY,SYS_REAL,"TEMP: false, SORT_AFTERWARDS: false, GROUP_OPTION: NO_GROUPING, INCREMENTAL_ADDITION: NO_INCREMENTAL, USE_RABIN: false, GROUP_AUX: NO_GROUPING, STATIC_ORDER: NO_STATIC_ORDERING, ROY_SIFT_MARKER: false, MAKE_LAST: false, MEMORYLESS: true, REORDER_METHOD: SIFT, NEW_PATTERN: false, INCREMENTAL_JUSTICES: INCREMENTAL_GRAPH, REDUCED_ALGORITHM: FALSE, PARALLEL: false, ORIGINAL: false, BUCHI_INTERSECTION: false, NEW_TRIGGER: false, PARTITIONED: SINGLE_FUNC, VERIFICATION: true, CREATE_GRAPH: false",3032,15,797,-1,133814,137658,"[0, 1, 2, 3, 4, 5, 6, 7, 8, 9, 10, 11, 12, 13, 14, 15, 16, 17, 18, 19, 20, 21, 22, 23, 24, 25, 26, 27, 28, 29, 30, 31, 32, 33, 34, 35, 36, 37, 38, 39, 40, 41, 42, 43, 44, 45, 46, 47, 48, 49, 50, 51, 52, 53, 54, 55, 56, 57, 58, 59, 60, 61, 62, 63, 64, 65, 66, 67, 68, 69, 70, 71]","[0, 1, 2, 3, 4, 5, 6, 7, 8, 9, 10, 11, 12, 13, 14, 15, 16, 17, 18, 19, 20, 21, 22, 23, 24, 25, 26, 27, 28, 29, 30, 31, 32, 33, 34, 35, 36, 37, 38, 39, 40, 41, 42, 43, 44, 45, 46, 47, 48, 49, 50, 51, 52, 53, 54, 55, 56, 57, 58, 59, 60, 61, 62, 63, 64, 65, 66, 67, 68, 69, 70, 71]","[57, 56, 36, 2, 1, 4, 5, 55, 3, 0, 11, 8, 9, 6, 15, 12, 17, 14, 16, 13, 27, 24, 29, 52, 53, 28, 54, 25, 65, 64, 10, 7, 26, 20, 63, 23, 61, 18, 38, 21, 22, 19, 40, 37, 39, 62, 34, 59, 41, 58, 60, 33, 35, 30, 31, 32, 51, 66, 67, 68, 69, 70, 71, 44, 50, 49, 48, 43, 42, 46, 47, 45]","[64, 1, 2, 0, 3, 55, 5, 4, 8, 11, 7, 10, 6, 9, 12, 15, 14, 17, 13, 36, 38, 16, 20, 23, 19, 22, 21, 18, 57, 29, 27, 56, 61, 26, 54, 25, 40, 53, 24, 52, 28, 62, 60, 37, 34, 33, 35, 31, 59, 58, 30, 32, 41, 63, 39, 42, 45, 43, 46, 49, 48, 50, 51, 44, 47, 65, 66, 67, 68, 69, 71, 70]",575,575,15960,390983,NOT_IMPLEMENTED,NOT_IMPLEMENTED,NOT_IMPLEMENTED,NOT_IMPLEMENTED,NOT_IMPLEMENTED,NOT_IMPLEMENTED,NOT_IMPLEMENTED,70717.0,16,4419.8125,-8638.375,2,80,1202,0,1,0,133798,0,,,,,,,,,,,,72,,,NOT_IMPLEMENTED,,false,32,"robotX,robotX',robotY,robotY',$TRIGGER:0.VAR',$PATTERN:0.SYS_CONSTRAINT.0.S_responds_to_P_globally.state,$PATTERN:0.SYS_CONSTRAINT.0.S_responds_to_P_globally.state',$TRIGGER:0.VAR","$PATTERN:1.ENV_CONSTRAINT.1.S_responds_to_P_globally.state,$PATTERN:1.ENV_CONSTRAINT.1.S_responds_to_P_globally.state',targetCY,targetCY',targetBX,targetBX',$PATTERN:2.ENV_CONSTRAINT.2.S_responds_to_P_globally.state,$PATTERN:2.ENV_CONSTRAINT.2.S_responds_to_P_globally.state',targetAY,targetAY',isABlocked,isABlocked',targetCX,targetCX',isCBlocked,isCBlocked',targetAX,targetAX',isBBlocked,isBBlocked',MObstacleX,MObstacleX',targetBY,targetBY'",0,,,,,,7,5,4670920586693680562176,72967013299400998912,18329691488256,5328130073029509120,3185522117228718194688,11252513884962826485760,3014597000571125760,4504441853277372416,CUDD,"Using BDD Package: CUDDFactory, Version: CUDD 3.0","import ""DwyerPatternsNew.spectra""",S_responds_to_P_globally,3,1,false,false,[],[],,null
1670057023,STATIC_PARALLEL,1670057023.spectra,0,REALIZABILITY,SYS_REAL,"TEMP: false, SORT_AFTERWARDS: false, GROUP_OPTION: NO_GROUPING, INCREMENTAL_ADDITION: NO_INCREMENTAL, USE_RABIN: false, GROUP_AUX: NO_GROUPING, STATIC_ORDER: REVERSE_CUTHILL, ROY_SIFT_MARKER: false, MAKE_LAST: false, MEMORYLESS: true, REORDER_METHOD: SIFT, NEW_PATTERN: false, INCREMENTAL_JUSTICES: NO_INCREMENTAL, REDUCED_ALGORITHM: FALSE, PARALLEL: true, ORIGINAL: false, BUCHI_INTERSECTION: false, NEW_TRIGGER: false, PARTITIONED: SINGLE_FUNC, VERIFICATION: true, CREATE_GRAPH: false",4363,156,938,0,209377,215943,"[0, 1, 2, 3, 4, 5, 6, 7, 8, 9, 10, 11, 12, 13, 14, 15, 16, 17, 18, 19, 20, 21, 22, 23, 24, 25, 26, 27, 28, 29, 30, 31, 32, 33, 34, 35, 36, 37, 38, 39, 40, 41, 42, 43, 44, 45, 46, 47, 48, 49, 50, 51, 52, 53, 54, 55, 56, 57, 58, 59, 60, 61, 62, 63, 64, 65, 66, 67, 68, 69, 70, 71]","[50, 51, 48, 49, 9, 10, 11, 3, 4, 5, 21, 22, 23, 16, 17, 15, 45, 46, 47, 38, 36, 39, 37, 66, 67, 68, 69, 70, 71, 61, 62, 63, 55, 56, 57, 42, 43, 44, 41, 0, 1, 2, 6, 7, 8, 12, 13, 14, 18, 19, 20, 33, 34, 35, 27, 28, 29, 40, 58, 59, 60, 52, 53, 54, 24, 25, 26, 32, 30, 31, 65, 64]","[63, 62, 49, 48, 51, 50, 36, 44, 43, 42, 61, 46, 45, 47, 11, 8, 9, 6, 10, 57, 56, 55, 7, 3, 0, 2, 5, 1, 4, 21, 18, 23, 20, 22, 19, 60, 59, 58, 30, 33, 34, 31, 35, 32, 29, 14, 38, 37, 66, 67, 68, 69, 70, 71, 13, 40, 16, 53, 25, 54, 39, 41, 52, 12, 15, 17, 24, 26, 64, 65, 28, 27]","[66, 67, 68, 44, 69, 70, 71, 50, 63, 62, 47, 51, 48, 49, 43, 42, 61, 59, 60, 58, 45, 46, 57, 55, 56, 5, 4, 40, 38, 36, 1, 3, 0, 54, 25, 12, 24, 53, 52, 29, 28, 27, 16, 41, 37, 13, 10, 7, 9, 6, 11, 8, 39, 2, 31, 19, 30, 18, 26, 14, 32, 64, 20, 65, 15, 22, 21, 17, 23, 33, 34, 35]",575,773,16198,188101,NOT_IMPLEMENTED,NOT_IMPLEMENTED,NOT_IMPLEMENTED,NOT_IMPLEMENTED,NOT_IMPLEMENTED,NOT_IMPLEMENTED,NOT_IMPLEMENTED,24404.0,18,1355.777777777778,-18531.5,2,80,1202,0,1,0,209283,0,,,,,,,,,,,,72,,,NOT_IMPLEMENTED,,false,32,"$TRIGGER:0.VAR',robotX,robotX',robotY,robotY',$TRIGGER:0.VAR,$PATTERN:0.SYS_CONSTRAINT.0.S_responds_to_P_globally.state,$PATTERN:0.SYS_CONSTRAINT.0.S_responds_to_P_globally.state'","isCBlocked,isCBlocked',MObstacleX,MObstacleX',targetBY,targetBY',targetCY,targetCY',targetBX,targetBX',$PATTERN:1.ENV_CONSTRAINT.1.S_responds_to_P_globally.state,$PATTERN:1.ENV_CONSTRAINT.1.S_responds_to_P_globally.state',$PATTERN:2.ENV_CONSTRAINT.2.S_responds_to_P_globally.state,$PATTERN:2.ENV_CONSTRAINT.2.S_responds_to_P_globally.state',targetAY,targetAY',targetAX,targetAX',isABlocked,isABlocked',isBBlocked,isBBlocked',targetCX,targetCX'",0,,,,,,7,5,4670920586693680562176,72967013299400998912,18329691488256,5328130073029509120,3185522117228718194688,11252513884962826485760,3014597000571125760,4504441853277372416,CUDD,"Using BDD Package: CUDDFactory, Version: CUDD 3.0","import ""DwyerPatternsNew.spectra""",S_responds_to_P_globally,3,1,false,false,[],[],true,null
1670057023,NOTHING,1670057023.spectra,0,REALIZABILITY,SYS_REAL,"TEMP: false, SORT_AFTERWARDS: false, GROUP_OPTION: NO_GROUPING, INCREMENTAL_ADDITION: NO_INCREMENTAL, USE_RABIN: false, GROUP_AUX: NO_GROUPING, STATIC_ORDER: NO_STATIC_ORDERING, ROY_SIFT_MARKER: false, MAKE_LAST: false, MEMORYLESS: true, REORDER_METHOD: SIFT, NEW_PATTERN: false, INCREMENTAL_JUSTICES: NO_INCREMENTAL, REDUCED_ALGORITHM: FALSE, PARALLEL: false, ORIGINAL: false, BUCHI_INTERSECTION: false, NEW_TRIGGER: false, PARTITIONED: SINGLE_FUNC, VERIFICATION: true, CREATE_GRAPH: false",3062,0,688,-1,164595,168345,"[0, 1, 2, 3, 4, 5, 6, 7, 8, 9, 10, 11, 12, 13, 14, 15, 16, 17, 18, 19, 20, 21, 22, 23, 24, 25, 26, 27, 28, 29, 30, 31, 32, 33, 34, 35, 36, 37, 38, 39, 40, 41, 42, 43, 44, 45, 46, 47, 48, 49, 50, 51, 52, 53, 54, 55, 56, 57, 58, 59, 60, 61, 62, 63, 64, 65, 66, 67, 68, 69, 70, 71]","[0, 1, 2, 3, 4, 5, 6, 7, 8, 9, 10, 11, 12, 13, 14, 15, 16, 17, 18, 19, 20, 21, 22, 23, 24, 25, 26, 27, 28, 29, 30, 31, 32, 33, 34, 35, 36, 37, 38, 39, 40, 41, 42, 43, 44, 45, 46, 47, 48, 49, 50, 51, 52, 53, 54, 55, 56, 57, 58, 59, 60, 61, 62, 63, 64, 65, 66, 67, 68, 69, 70, 71]","[57, 56, 36, 2, 1, 4, 5, 55, 3, 0, 11, 8, 9, 6, 15, 12, 17, 14, 16, 13, 27, 24, 29, 52, 53, 28, 54, 25, 65, 64, 10, 7, 26, 20, 63, 23, 61, 18, 38, 21, 22, 19, 40, 37, 39, 62, 34, 59, 41, 58, 60, 33, 35, 30, 31, 32, 51, 66, 67, 68, 69, 70, 71, 44, 50, 49, 48, 43, 42, 46, 47, 45]","[5, 57, 4, 64, 1, 2, 0, 3, 8, 11, 7, 10, 6, 9, 16, 13, 14, 17, 12, 38, 36, 15, 20, 23, 19, 22, 21, 18, 56, 29, 28, 55, 61, 62, 26, 25, 54, 24, 40, 53, 27, 39, 37, 31, 30, 32, 52, 59, 58, 65, 60, 34, 41, 33, 35, 63, 46, 45, 43, 42, 47, 51, 50, 48, 49, 44, 66, 67, 68, 69, 70, 71]",575,575,15960,357521,NOT_IMPLEMENTED,NOT_IMPLEMENTED,NOT_IMPLEMENTED,NOT_IMPLEMENTED,NOT_IMPLEMENTED,NOT_IMPLEMENTED,NOT_IMPLEMENTED,96639.0,16,6039.9375,-13108.25,2,80,1202,0,1,0,164580,0,,,,,,,,,,,,72,,,NOT_IMPLEMENTED,,false,32,"robotX,robotX',robotY,robotY',$TRIGGER:0.VAR',$PATTERN:0.SYS_CONSTRAINT.0.S_responds_to_P_globally.state,$PATTERN:0.SYS_CONSTRAINT.0.S_responds_to_P_globally.state',$TRIGGER:0.VAR","$PATTERN:1.ENV_CONSTRAINT.1.S_responds_to_P_globally.state,$PATTERN:1.ENV_CONSTRAINT.1.S_responds_to_P_globally.state',targetCY,targetCY',targetBX,targetBX',$PATTERN:2.ENV_CONSTRAINT.2.S_responds_to_P_globally.state,$PATTERN:2.ENV_CONSTRAINT.2.S_responds_to_P_globally.state',targetAY,targetAY',isABlocked,isABlocked',targetCX,targetCX',isCBlocked,isCBlocked',targetAX,targetAX',isBBlocked,isBBlocked',MObstacleX,MObstacleX',targetBY,targetBY'",0,,,,,,7,5,4670920586693680562176,72967013299400998912,18329691488256,5328130073029509120,3185522117228718194688,11252513884962826485760,3014597000571125760,4504441853277372416,CUDD,"Using BDD Package: CUDDFactory, Version: CUDD 3.0","import ""DwyerPatternsNew.spectra""",S_responds_to_P_globally,3,1,false,false,[],[],,null
1670057023,STATIC_NO_PARALLEL,1670057023.spectra,0,REALIZABILITY,SYS_REAL,"TEMP: false, SORT_AFTERWARDS: false, GROUP_OPTION: NO_GROUPING, INCREMENTAL_ADDITION: NO_INCREMENTAL, USE_RABIN: false, GROUP_AUX: NO_GROUPING, STATIC_ORDER: REVERSE_CUTHILL, ROY_SIFT_MARKER: false, MAKE_LAST: false, MEMORYLESS: true, REORDER_METHOD: SIFT, NEW_PATTERN: false, INCREMENTAL_JUSTICES: NO_INCREMENTAL, REDUCED_ALGORITHM: FALSE, PARALLEL: false, ORIGINAL: false, BUCHI_INTERSECTION: false, NEW_TRIGGER: false, PARTITIONED: SINGLE_FUNC, VERIFICATION: true, CREATE_GRAPH: false",3688,188,578,-1,64657,69111,"[0, 1, 2, 3, 4, 5, 6, 7, 8, 9, 10, 11, 12, 13, 14, 15, 16, 17, 18, 19, 20, 21, 22, 23, 24, 25, 26, 27, 28, 29, 30, 31, 32, 33, 34, 35, 36, 37, 38, 39, 40, 41, 42, 43, 44, 45, 46, 47, 48, 49, 50, 51, 52, 53, 54, 55, 56, 57, 58, 59, 60, 61, 62, 63, 64, 65, 66, 67, 68, 69, 70, 71]","[50, 51, 48, 49, 9, 10, 11, 3, 4, 5, 21, 22, 23, 16, 17, 15, 45, 46, 47, 38, 36, 39, 37, 66, 67, 68, 69, 70, 71, 61, 62, 63, 55, 56, 57, 42, 43, 44, 41, 0, 1, 2, 6, 7, 8, 12, 13, 14, 18, 19, 20, 33, 34, 35, 27, 28, 29, 40, 58, 59, 60, 52, 53, 54, 24, 25, 26, 32, 30, 31, 65, 64]","[49, 51, 50, 48, 44, 43, 66, 67, 68, 69, 70, 71, 63, 36, 42, 61, 46, 45, 9, 11, 47, 8, 6, 10, 7, 62, 3, 0, 2, 1, 4, 5, 18, 21, 20, 23, 19, 22, 34, 65, 59, 64, 31, 58, 60, 32, 35, 30, 33, 13, 38, 56, 53, 25, 40, 16, 14, 54, 37, 55, 39, 41, 52, 12, 15, 17, 24, 26, 57, 27, 29, 28]","[66, 67, 68, 44, 50, 69, 70, 71, 51, 48, 49, 43, 47, 42, 46, 45, 59, 60, 58, 57, 56, 5, 40, 38, 36, 2, 1, 4, 0, 3, 16, 13, 15, 12, 29, 28, 27, 61, 55, 62, 63, 54, 53, 52, 37, 41, 39, 9, 10, 33, 21, 34, 17, 11, 22, 24, 25, 7, 6, 23, 19, 18, 31, 8, 26, 14, 20, 30, 32, 64, 65, 35]",577,770,22461,199437,NOT_IMPLEMENTED,NOT_IMPLEMENTED,NOT_IMPLEMENTED,NOT_IMPLEMENTED,NOT_IMPLEMENTED,NOT_IMPLEMENTED,NOT_IMPLEMENTED,25434.0,17,1496.1176470588234,-21654.235294117647,2,80,1202,0,1,0,64657,0,,,,,,,,,,,,72,,,NOT_IMPLEMENTED,,false,32,"$TRIGGER:0.VAR',$TRIGGER:0.VAR,$PATTERN:0.SYS_CONSTRAINT.0.S_responds_to_P_globally.state,$PATTERN:0.SYS_CONSTRAINT.0.S_responds_to_P_globally.state',robotY,robotY',robotX,robotX'","targetAY,targetAY',targetCY,targetCY',targetBX,targetBX',isCBlocked,isCBlocked',isBBlocked,isBBlocked',isABlocked,isABlocked',$PATTERN:1.ENV_CONSTRAINT.1.S_responds_to_P_globally.state,$PATTERN:1.ENV_CONSTRAINT.1.S_responds_to_P_globally.state',targetBY,targetBY',targetAX,targetAX',MObstacleX,MObstacleX',$PATTERN:2.ENV_CONSTRAINT.2.S_responds_to_P_globally.state,$PATTERN:2.ENV_CONSTRAINT.2.S_responds_to_P_globally.state',targetCX,targetCX'",0,,,,,,7,5,4670920586693680562176,72967013299400998912,18329691488256,5328130073029509120,3185522117228718194688,11252513884962826485760,3014597000571125760,4504441853277372416,CUDD,"Using BDD Package: CUDDFactory, Version: CUDD 3.0","import ""DwyerPatternsNew.spectra""",S_responds_to_P_globally,3,1,false,false,[],[],,null
1670057023,SORTED_JUST,1670057023.spectra,0,REALIZABILITY,SYS_REAL,"TEMP: false, SORT_AFTERWARDS: false, GROUP_OPTION: NO_GROUPING, INCREMENTAL_ADDITION: NO_INCREMENTAL, USE_RABIN: false, GROUP_AUX: NO_GROUPING, STATIC_ORDER: NO_STATIC_ORDERING, ROY_SIFT_MARKER: false, MAKE_LAST: false, MEMORYLESS: true, REORDER_METHOD: SIFT, NEW_PATTERN: false, INCREMENTAL_JUSTICES: INCREMENTAL_GRAPH, REDUCED_ALGORITHM: FALSE, PARALLEL: false, ORIGINAL: false, BUCHI_INTERSECTION: false, NEW_TRIGGER: false, PARTITIONED: SINGLE_FUNC, VERIFICATION: true, CREATE_GRAPH: false",3250,16,719,-1,127833,131818,"[0, 1, 2, 3, 4, 5, 6, 7, 8, 9, 10, 11, 12, 13, 14, 15, 16, 17, 18, 19, 20, 21, 22, 23, 24, 25, 26, 27, 28, 29, 30, 31, 32, 33, 34, 35, 36, 37, 38, 39, 40, 41, 42, 43, 44, 45, 46, 47, 48, 49, 50, 51, 52, 53, 54, 55, 56, 57, 58, 59, 60, 61, 62, 63, 64, 65, 66, 67, 68, 69, 70, 71]","[0, 1, 2, 3, 4, 5, 6, 7, 8, 9, 10, 11, 12, 13, 14, 15, 16, 17, 18, 19, 20, 21, 22, 23, 24, 25, 26, 27, 28, 29, 30, 31, 32, 33, 34, 35, 36, 37, 38, 39, 40, 41, 42, 43, 44, 45, 46, 47, 48, 49, 50, 51, 52, 53, 54, 55, 56, 57, 58, 59, 60, 61, 62, 63, 64, 65, 66, 67, 68, 69, 70, 71]","[57, 56, 36, 2, 1, 4, 5, 55, 3, 0, 11, 8, 9, 6, 15, 12, 17, 14, 16, 13, 27, 24, 29, 52, 53, 28, 54, 25, 65, 64, 10, 7, 26, 20, 63, 23, 61, 18, 38, 21, 22, 19, 40, 37, 39, 62, 34, 59, 41, 58, 60, 33, 35, 30, 31, 32, 51, 66, 67, 68, 69, 70, 71, 44, 50, 49, 48, 43, 42, 46, 47, 45]","[64, 1, 2, 0, 3, 55, 5, 4, 8, 11, 7, 10, 6, 9, 12, 15, 14, 17, 13, 36, 38, 16, 20, 23, 19, 22, 21, 18, 57, 29, 27, 56, 61, 26, 54, 25, 40, 53, 24, 52, 28, 62, 60, 37, 34, 33, 35, 31, 59, 58, 30, 32, 41, 63, 39, 42, 45, 43, 46, 49, 48, 50, 51, 44, 47, 65, 66, 67, 68, 69, 71, 70]",575,575,15960,390983,NOT_IMPLEMENTED,NOT_IMPLEMENTED,NOT_IMPLEMENTED,NOT_IMPLEMENTED,NOT_IMPLEMENTED,NOT_IMPLEMENTED,NOT_IMPLEMENTED,67529.0,16,4220.5625,-8638.375,2,80,1202,0,1,0,127817,0,,,,,,,,,,,,72,,,NOT_IMPLEMENTED,,false,32,"$TRIGGER:0.VAR',$TRIGGER:0.VAR,$PATTERN:0.SYS_CONSTRAINT.0.S_responds_to_P_globally.state,$PATTERN:0.SYS_CONSTRAINT.0.S_responds_to_P_globally.state',robotY,robotY',robotX,robotX'","targetAY,targetAY',targetCY,targetCY',targetBX,targetBX',isCBlocked,isCBlocked',isBBlocked,isBBlocked',isABlocked,isABlocked',$PATTERN:1.ENV_CONSTRAINT.1.S_responds_to_P_globally.state,$PATTERN:1.ENV_CONSTRAINT.1.S_responds_to_P_globally.state',targetBY,targetBY',targetAX,targetAX',MObstacleX,MObstacleX',$PATTERN:2.ENV_CONSTRAINT.2.S_responds_to_P_globally.state,$PATTERN:2.ENV_CONSTRAINT.2.S_responds_to_P_globally.state',targetCX,targetCX'",0,,,,,,7,5,4670920586693680562176,72967013299400998912,18329691488256,5328130073029509120,3185522117228718194688,11252513884962826485760,3014597000571125760,4504441853277372416,CUDD,"Using BDD Package: CUDDFactory, Version: CUDD 3.0","import ""DwyerPatternsNew.spectra""",S_responds_to_P_globally,3,1,false,false,[],[],,null
1670057023,STATIC_PARALLEL,1670057023.spectra,0,REALIZABILITY,SYS_REAL,"TEMP: false, SORT_AFTERWARDS: false, GROUP_OPTION: NO_GROUPING, INCREMENTAL_ADDITION: NO_INCREMENTAL, USE_RABIN: false, GROUP_AUX: NO_GROUPING, STATIC_ORDER: REVERSE_CUTHILL, ROY_SIFT_MARKER: false, MAKE_LAST: false, MEMORYLESS: true, REORDER_METHOD: SIFT, NEW_PATTERN: false, INCREMENTAL_JUSTICES: NO_INCREMENTAL, REDUCED_ALGORITHM: FALSE, PARALLEL: true, ORIGINAL: false, BUCHI_INTERSECTION: false, NEW_TRIGGER: false, PARTITIONED: SINGLE_FUNC, VERIFICATION: true, CREATE_GRAPH: false",3250,156,579,0,256410,261441,"[0, 1, 2, 3, 4, 5, 6, 7, 8, 9, 10, 11, 12, 13, 14, 15, 16, 17, 18, 19, 20, 21, 22, 23, 24, 25, 26, 27, 28, 29, 30, 31, 32, 33, 34, 35, 36, 37, 38, 39, 40, 41, 42, 43, 44, 45, 46, 47, 48, 49, 50, 51, 52, 53, 54, 55, 56, 57, 58, 59, 60, 61, 62, 63, 64, 65, 66, 67, 68, 69, 70, 71]","[50, 51, 48, 49, 9, 10, 11, 3, 4, 5, 21, 22, 23, 16, 17, 15, 45, 46, 47, 38, 36, 39, 37, 66, 67, 68, 69, 70, 71, 61, 62, 63, 55, 56, 57, 42, 43, 44, 41, 0, 1, 2, 6, 7, 8, 12, 13, 14, 18, 19, 20, 33, 34, 35, 27, 28, 29, 40, 58, 59, 60, 52, 53, 54, 24, 25, 26, 32, 30, 31, 65, 64]","[64, 65, 51, 50, 49, 48, 36, 44, 66, 67, 68, 69, 70, 71, 62, 61, 43, 42, 47, 63, 56, 55, 45, 46, 8, 11, 6, 9, 10, 7, 0, 3, 2, 5, 1, 4, 21, 18, 23, 20, 19, 22, 35, 32, 57, 60, 58, 59, 34, 31, 33, 30, 17, 14, 38, 16, 13, 12, 40, 53, 24, 52, 54, 37, 41, 39, 15, 25, 26, 28, 27, 29]","[66, 67, 68, 69, 70, 44, 50, 71, 51, 48, 49, 43, 63, 62, 47, 42, 61, 46, 45, 59, 60, 58, 11, 10, 4, 40, 38, 36, 1, 5, 3, 0, 9, 57, 54, 37, 56, 29, 55, 25, 13, 53, 52, 24, 41, 12, 7, 6, 8, 39, 2, 31, 19, 30, 18, 26, 28, 27, 20, 14, 32, 64, 65, 15, 16, 34, 33, 22, 21, 17, 23, 35]",575,768,20656,188039,NOT_IMPLEMENTED,NOT_IMPLEMENTED,NOT_IMPLEMENTED,NOT_IMPLEMENTED,NOT_IMPLEMENTED,NOT_IMPLEMENTED,NOT_IMPLEMENTED,24400.0,15,1626.6666666666672,-13029.333333333338,2,80,1202,0,1,0,256285,0,,,,,,,,,,,,72,,,NOT_IMPLEMENTED,,false,32,"$TRIGGER:0.VAR',robotX,robotX',robotY,robotY',$TRIGGER:0.VAR,$PATTERN:0.SYS_CONSTRAINT.0.S_responds_to_P_globally.state,$PATTERN:0.SYS_CONSTRAINT.0.S_responds_to_P_globally.state'","isCBlocked,isCBlocked',MObstacleX,MObstacleX',targetBY,targetBY',targetCY,targetCY',targetBX,targetBX',$PATTERN:1.ENV_CONSTRAINT.1.S_responds_to_P_globally.state,$PATTERN:1.ENV_CONSTRAINT.1.S_responds_to_P_globally.state',$PATTERN:2.ENV_CONSTRAINT.2.S_responds_to_P_globally.state,$PATTERN:2.ENV_CONSTRAINT.2.S_responds_to_P_globally.state',targetAY,targetAY',targetAX,targetAX',isABlocked,isABlocked',isBBlocked,isBBlocked',targetCX,targetCX'",0,,,,,,7,5,4670920586693680562176,72967013299400998912,18329691488256,5328130073029509120,3185522117228718194688,11252513884962826485760,3014597000571125760,4504441853277372416,CUDD,"Using BDD Package: CUDDFactory, Version: CUDD 3.0","import ""DwyerPatternsNew.spectra""",S_responds_to_P_globally,3,1,false,false,[],[],true,null
1670057023,NOTHING,1670057023.spectra,0,REALIZABILITY,SYS_REAL,"TEMP: false, SORT_AFTERWARDS: false, GROUP_OPTION: NO_GROUPING, INCREMENTAL_ADDITION: NO_INCREMENTAL, USE_RABIN: false, GROUP_AUX: NO_GROUPING, STATIC_ORDER: NO_STATIC_ORDERING, ROY_SIFT_MARKER: false, MAKE_LAST: false, MEMORYLESS: true, REORDER_METHOD: SIFT, NEW_PATTERN: false, INCREMENTAL_JUSTICES: NO_INCREMENTAL, REDUCED_ALGORITHM: FALSE, PARALLEL: false, ORIGINAL: false, BUCHI_INTERSECTION: false, NEW_TRIGGER: false, PARTITIONED: SINGLE_FUNC, VERIFICATION: true, CREATE_GRAPH: false",3984,16,750,-1,172331,177081,"[0, 1, 2, 3, 4, 5, 6, 7, 8, 9, 10, 11, 12, 13, 14, 15, 16, 17, 18, 19, 20, 21, 22, 23, 24, 25, 26, 27, 28, 29, 30, 31, 32, 33, 34, 35, 36, 37, 38, 39, 40, 41, 42, 43, 44, 45, 46, 47, 48, 49, 50, 51, 52, 53, 54, 55, 56, 57, 58, 59, 60, 61, 62, 63, 64, 65, 66, 67, 68, 69, 70, 71]","[0, 1, 2, 3, 4, 5, 6, 7, 8, 9, 10, 11, 12, 13, 14, 15, 16, 17, 18, 19, 20, 21, 22, 23, 24, 25, 26, 27, 28, 29, 30, 31, 32, 33, 34, 35, 36, 37, 38, 39, 40, 41, 42, 43, 44, 45, 46, 47, 48, 49, 50, 51, 52, 53, 54, 55, 56, 57, 58, 59, 60, 61, 62, 63, 64, 65, 66, 67, 68, 69, 70, 71]","[57, 55, 5, 36, 2, 3, 56, 0, 4, 1, 54, 9, 6, 11, 8, 10, 7, 15, 12, 17, 14, 16, 13, 28, 29, 53, 64, 52, 27, 24, 25, 26, 20, 65, 63, 35, 23, 61, 18, 38, 21, 22, 19, 40, 37, 39, 62, 34, 59, 41, 58, 60, 33, 30, 31, 32, 51, 66, 67, 68, 69, 70, 71, 44, 50, 49, 48, 43, 42, 46, 47, 45]","[64, 1, 2, 5, 57, 4, 0, 3, 8, 11, 7, 10, 6, 9, 16, 13, 14, 17, 12, 38, 36, 15, 20, 23, 19, 22, 21, 18, 56, 29, 28, 55, 61, 62, 26, 25, 54, 24, 40, 53, 27, 39, 37, 31, 30, 32, 52, 59, 58, 65, 60, 34, 41, 33, 35, 63, 46, 45, 43, 42, 47, 51, 50, 48, 49, 44, 66, 67, 68, 69, 71, 70]",575,575,15877,357523,NOT_IMPLEMENTED,NOT_IMPLEMENTED,NOT_IMPLEMENTED,NOT_IMPLEMENTED,NOT_IMPLEMENTED,NOT_IMPLEMENTED,NOT_IMPLEMENTED,105285.0,16,6580.3125,-13377.1875,2,80,1202,0,1,0,172300,0,,,,,,,,,,,,72,,,NOT_IMPLEMENTED,,false,32,"robotX,robotX',robotY,robotY',$TRIGGER:0.VAR',$PATTERN:0.SYS_CONSTRAINT.0.S_responds_to_P_globally.state,$PATTERN:0.SYS_CONSTRAINT.0.S_responds_to_P_globally.state',$TRIGGER:0.VAR","$PATTERN:1.ENV_CONSTRAINT.1.S_responds_to_P_globally.state,$PATTERN:1.ENV_CONSTRAINT.1.S_responds_to_P_globally.state',targetCY,targetCY',targetBX,targetBX',$PATTERN:2.ENV_CONSTRAINT.2.S_responds_to_P_globally.state,$PATTERN:2.ENV_CONSTRAINT.2.S_responds_to_P_globally.state',targetAY,targetAY',isABlocked,isABlocked',targetCX,targetCX',isCBlocked,isCBlocked',targetAX,targetAX',isBBlocked,isBBlocked',MObstacleX,MObstacleX',targetBY,targetBY'",0,,,,,,7,5,4670920586693680562176,72967013299400998912,18329691488256,5328130073029509120,3185522117228718194688,11252513884962826485760,3014597000571125760,4504441853277372416,CUDD,"Using BDD Package: CUDDFactory, Version: CUDD 3.0","import ""DwyerPatternsNew.spectra""",S_responds_to_P_globally,3,1,false,false,[],[],,null
1670057023,STATIC_NO_PARALLEL,1670057023.spectra,0,REALIZABILITY,SYS_REAL,"TEMP: false, SORT_AFTERWARDS: false, GROUP_OPTION: NO_GROUPING, INCREMENTAL_ADDITION: NO_INCREMENTAL, USE_RABIN: false, GROUP_AUX: NO_GROUPING, STATIC_ORDER: REVERSE_CUTHILL, ROY_SIFT_MARKER: false, MAKE_LAST: false, MEMORYLESS: true, REORDER_METHOD: SIFT, NEW_PATTERN: false, INCREMENTAL_JUSTICES: NO_INCREMENTAL, REDUCED_ALGORITHM: FALSE, PARALLEL: false, ORIGINAL: false, BUCHI_INTERSECTION: false, NEW_TRIGGER: false, PARTITIONED: SINGLE_FUNC, VERIFICATION: true, CREATE_GRAPH: false",2781,125,469,-1,220987,224362,"[0, 1, 2, 3, 4, 5, 6, 7, 8, 9, 10, 11, 12, 13, 14, 15, 16, 17, 18, 19, 20, 21, 22, 23, 24, 25, 26, 27, 28, 29, 30, 31, 32, 33, 34, 35, 36, 37, 38, 39, 40, 41, 42, 43, 44, 45, 46, 47, 48, 49, 50, 51, 52, 53, 54, 55, 56, 57, 58, 59, 60, 61, 62, 63, 64, 65, 66, 67, 68, 69, 70, 71]","[50, 51, 48, 49, 9, 10, 11, 3, 4, 5, 21, 22, 23, 16, 17, 15, 45, 46, 47, 38, 36, 39, 37, 66, 67, 68, 69, 70, 71, 61, 62, 63, 55, 56, 57, 42, 43, 44, 41, 0, 1, 2, 6, 7, 8, 12, 13, 14, 18, 19, 20, 33, 34, 35, 27, 28, 29, 40, 58, 59, 60, 52, 53, 54, 24, 25, 26, 32, 30, 31, 65, 64]","[64, 65, 51, 50, 49, 48, 36, 44, 66, 67, 68, 69, 70, 71, 62, 61, 43, 42, 47, 63, 56, 55, 45, 46, 8, 11, 6, 9, 10, 7, 0, 3, 2, 5, 1, 4, 21, 18, 23, 20, 19, 22, 35, 32, 57, 60, 58, 59, 34, 31, 33, 30, 17, 14, 38, 16, 13, 12, 40, 53, 24, 52, 54, 37, 41, 39, 15, 25, 26, 28, 27, 29]","[66, 67, 68, 69, 70, 71, 64, 44, 50, 51, 48, 49, 59, 63, 62, 61, 60, 58, 43, 47, 46, 45, 42, 40, 38, 36, 57, 56, 55, 54, 53, 1, 0, 25, 17, 16, 15, 39, 24, 13, 12, 52, 4, 3, 26, 14, 2, 5, 28, 7, 6, 37, 21, 31, 41, 19, 8, 30, 18, 22, 23, 32, 65, 27, 34, 33, 10, 20, 9, 11, 29, 35]",575,768,20655,159862,NOT_IMPLEMENTED,NOT_IMPLEMENTED,NOT_IMPLEMENTED,NOT_IMPLEMENTED,NOT_IMPLEMENTED,NOT_IMPLEMENTED,NOT_IMPLEMENTED,37753.0,16,2359.5625,-27082.9375,2,80,1202,0,1,0,220972,0,,,,,,,,,,,,72,,,NOT_IMPLEMENTED,,false,32,"$TRIGGER:0.VAR',$TRIGGER:0.VAR,$PATTERN:0.SYS_CONSTRAINT.0.S_responds_to_P_globally.state,$PATTERN:0.SYS_CONSTRAINT.0.S_responds_to_P_globally.state',robotY,robotY',robotX,robotX'","targetAY,targetAY',targetCY,targetCY',targetBX,targetBX',isCBlocked,isCBlocked',isBBlocked,isBBlocked',isABlocked,isABlocked',$PATTERN:1.ENV_CONSTRAINT.1.S_responds_to_P_globally.state,$PATTERN:1.ENV_CONSTRAINT.1.S_responds_to_P_globally.state',targetBY,targetBY',targetAX,targetAX',MObstacleX,MObstacleX',$PATTERN:2.ENV_CONSTRAINT.2.S_responds_to_P_globally.state,$PATTERN:2.ENV_CONSTRAINT.2.S_responds_to_P_globally.state',targetCX,targetCX'",0,,,,,,7,5,4670920586693680562176,72967013299400998912,18329691488256,5328130073029509120,3185522117228718194688,11252513884962826485760,3014597000571125760,4504441853277372416,CUDD,"Using BDD Package: CUDDFactory, Version: CUDD 3.0","import ""DwyerPatternsNew.spectra""",S_responds_to_P_globally,3,1,false,false,[],[],,null
1670057023,SORTED_JUST,1670057023.spectra,0,REALIZABILITY,SYS_REAL,"TEMP: false, SORT_AFTERWARDS: false, GROUP_OPTION: NO_GROUPING, INCREMENTAL_ADDITION: NO_INCREMENTAL, USE_RABIN: false, GROUP_AUX: NO_GROUPING, STATIC_ORDER: NO_STATIC_ORDERING, ROY_SIFT_MARKER: false, MAKE_LAST: false, MEMORYLESS: true, REORDER_METHOD: SIFT, NEW_PATTERN: false, INCREMENTAL_JUSTICES: INCREMENTAL_GRAPH, REDUCED_ALGORITHM: FALSE, PARALLEL: false, ORIGINAL: false, BUCHI_INTERSECTION: false, NEW_TRIGGER: false, PARTITIONED: SINGLE_FUNC, VERIFICATION: true, CREATE_GRAPH: false",3501,0,734,-1,134017,138252,"[0, 1, 2, 3, 4, 5, 6, 7, 8, 9, 10, 11, 12, 13, 14, 15, 16, 17, 18, 19, 20, 21, 22, 23, 24, 25, 26, 27, 28, 29, 30, 31, 32, 33, 34, 35, 36, 37, 38, 39, 40, 41, 42, 43, 44, 45, 46, 47, 48, 49, 50, 51, 52, 53, 54, 55, 56, 57, 58, 59, 60, 61, 62, 63, 64, 65, 66, 67, 68, 69, 70, 71]","[0, 1, 2, 3, 4, 5, 6, 7, 8, 9, 10, 11, 12, 13, 14, 15, 16, 17, 18, 19, 20, 21, 22, 23, 24, 25, 26, 27, 28, 29, 30, 31, 32, 33, 34, 35, 36, 37, 38, 39, 40, 41, 42, 43, 44, 45, 46, 47, 48, 49, 50, 51, 52, 53, 54, 55, 56, 57, 58, 59, 60, 61, 62, 63, 64, 65, 66, 67, 68, 69, 70, 71]","[57, 55, 5, 36, 2, 3, 56, 0, 4, 1, 54, 9, 6, 11, 8, 10, 7, 15, 12, 17, 14, 16, 13, 28, 29, 53, 64, 52, 27, 24, 25, 26, 20, 65, 63, 35, 23, 61, 18, 38, 21, 22, 19, 40, 37, 39, 62, 34, 59, 41, 58, 60, 33, 30, 31, 32, 51, 66, 67, 68, 69, 70, 71, 44, 50, 49, 48, 43, 42, 46, 47, 45]","[64, 4, 1, 2, 0, 29, 28, 57, 56, 5, 3, 8, 11, 7, 10, 6, 9, 14, 17, 12, 15, 13, 36, 38, 16, 20, 19, 18, 26, 25, 54, 24, 40, 53, 52, 22, 37, 23, 39, 21, 27, 55, 62, 61, 34, 33, 41, 35, 63, 31, 30, 32, 65, 58, 59, 60, 45, 46, 47, 43, 42, 49, 48, 51, 50, 44, 66, 67, 68, 69, 71, 70]",575,575,15877,370342,NOT_IMPLEMENTED,NOT_IMPLEMENTED,NOT_IMPLEMENTED,NOT_IMPLEMENTED,NOT_IMPLEMENTED,NOT_IMPLEMENTED,NOT_IMPLEMENTED,69050.0,16,4315.625,-12660.25,2,80,1202,0,1,0,134017,0,,,,,,,,,,,,72,,,NOT_IMPLEMENTED,,false,32,"$TRIGGER:0.VAR',$TRIGGER:0.VAR,$PATTERN:0.SYS_CONSTRAINT.0.S_responds_to_P_globally.state,$PATTERN:0.SYS_CONSTRAINT.0.S_responds_to_P_globally.state',robotY,robotY',robotX,robotX'","targetAY,targetAY',targetCY,targetCY',targetBX,targetBX',isCBlocked,isCBlocked',isBBlocked,isBBlocked',isABlocked,isABlocked',$PATTERN:1.ENV_CONSTRAINT.1.S_responds_to_P_globally.state,$PATTERN:1.ENV_CONSTRAINT.1.S_responds_to_P_globally.state',targetBY,targetBY',targetAX,targetAX',MObstacleX,MObstacleX',$PATTERN:2.ENV_CONSTRAINT.2.S_responds_to_P_globally.state,$PATTERN:2.ENV_CONSTRAINT.2.S_responds_to_P_globally.state',targetCX,targetCX'",0,,,,,,7,5,4670920586693680562176,72967013299400998912,18329691488256,5328130073029509120,3185522117228718194688,11252513884962826485760,3014597000571125760,4504441853277372416,CUDD,"Using BDD Package: CUDDFactory, Version: CUDD 3.0","import ""DwyerPatternsNew.spectra""",S_responds_to_P_globally,3,1,false,false,[],[],,null
1669965418,STATIC_PARALLEL,1669965418.spectra,0,REALIZABILITY,SYS_REAL,"TEMP: false, SORT_AFTERWARDS: false, GROUP_OPTION: NO_GROUPING, INCREMENTAL_ADDITION: NO_INCREMENTAL, USE_RABIN: false, GROUP_AUX: NO_GROUPING, STATIC_ORDER: REVERSE_CUTHILL, ROY_SIFT_MARKER: false, MAKE_LAST: false, MEMORYLESS: true, REORDER_METHOD: SIFT, NEW_PATTERN: false, INCREMENTAL_JUSTICES: NO_INCREMENTAL, REDUCED_ALGORITHM: FALSE, PARALLEL: true, ORIGINAL: false, BUCHI_INTERSECTION: false, NEW_TRIGGER: false, PARTITIONED: SINGLE_FUNC, VERIFICATION: true, CREATE_GRAPH: false",3128,126,642,0,157614,162336,"[0, 1, 2, 3, 4, 5, 6, 7, 8, 9, 10, 11, 12, 13, 14, 15, 16, 17, 18, 19, 20, 21, 22, 23, 24, 25, 26, 27, 28, 29, 30, 31, 32, 33, 34, 35, 36, 37, 38, 39, 40, 41, 42, 43, 44, 45, 46, 47, 48, 49, 50, 51, 52, 53, 54, 55, 56, 57, 58, 59, 60, 61, 62, 63, 64, 65, 66, 67, 68, 69]","[51, 52, 53, 33, 34, 35, 27, 28, 29, 9, 10, 11, 3, 4, 5, 21, 22, 23, 16, 17, 15, 37, 40, 39, 38, 41, 67, 68, 69, 61, 62, 63, 32, 30, 31, 24, 25, 26, 48, 49, 50, 6, 7, 8, 0, 1, 2, 18, 19, 20, 12, 13, 14, 36, 64, 65, 66, 58, 59, 60, 54, 55, 45, 46, 47, 42, 43, 44, 57, 56]","[68, 67, 51, 52, 53, 35, 36, 32, 30, 33, 31, 34, 26, 29, 25, 28, 24, 27, 11, 8, 6, 9, 7, 10, 20, 23, 22, 19, 21, 18, 69, 62, 61, 63, 64, 66, 65, 37, 39, 58, 60, 59, 41, 16, 4, 3, 12, 0, 5, 1, 2, 15, 17, 13, 14, 48, 49, 50, 57, 44, 56, 55, 54, 47, 46, 45, 40, 38, 43, 42]","[69, 68, 53, 52, 51, 67, 40, 38, 36, 32, 35, 30, 33, 31, 34, 26, 29, 25, 28, 24, 27, 20, 23, 19, 22, 11, 8, 7, 10, 18, 21, 17, 14, 13, 16, 12, 15, 66, 41, 39, 6, 5, 2, 9, 4, 63, 62, 1, 0, 59, 60, 58, 37, 64, 65, 61, 3, 43, 42, 45, 54, 48, 49, 50, 46, 55, 47, 44, 56, 57]",314,310,16241,274845,NOT_IMPLEMENTED,NOT_IMPLEMENTED,NOT_IMPLEMENTED,NOT_IMPLEMENTED,NOT_IMPLEMENTED,NOT_IMPLEMENTED,NOT_IMPLEMENTED,52551.0,18,2919.5,-19378.05555555555,3,86,1985,0,1,0,157455,0,,,,,,,,,,,,70,,,NOT_IMPLEMENTED,,false,30,"robotX,robotX',robotY,robotY'","MObstacleX,MObstacleX',$PATTERN:1.ENV_CONSTRAINT.1.S_responds_to_P_globally.state,$PATTERN:1.ENV_CONSTRAINT.1.S_responds_to_P_globally.state',targetCY,targetCY',targetBX,targetBX',isABlocked,isABlocked',$PATTERN:0.ENV_CONSTRAINT.0.S_responds_to_P_globally.state,$PATTERN:0.ENV_CONSTRAINT.0.S_responds_to_P_globally.state',targetCX,targetCX',isBBlocked,isBBlocked',targetAX,targetAX',MObstacleY,MObstacleY',isCBlocked,isCBlocked',targetBY,targetBY',targetAY,targetAY'",0,,,,,,4,8,1173009025143675027456,293069289442158575616,420753899520,35226142930708201472,40064022285087932416,6475960091376659464192,15041319067975680,18017767413109489664,CUDD,"Using BDD Package: CUDDFactory, Version: CUDD 3.0","import ""DwyerPatternsNew.spectra""",S_responds_to_P_globally,2,0,false,false,[],[],true,null
