Spec,RunConfig,UniqueIdentifier,TIMEOUT,ActionType,Result,CONFIG_TXT,INITIAL_BDD_TIME,HEURISTICS_TIME,SECOND_STEP_TIME,PARALLEL_OVERHEAD_TIME,WORK_TIME,TOTAL_TIME,PRE_ROYBDD_ORDER,POST_HEURISTICS_ORDER,POST_SECOND_STEP_ORDER,POST_WORK_ORDER,PRE_ROYBDD_NODE_SIZE,POST_HEURISTICS_NODE_SIZE,POST_SECOND_STEP_NODE_SIZE,POST_WORK_NODE_SIZE,AVERAGE_AUX_SIZE,AVERAGE_SYS_DOM_IN_CONSTRAINT,AVERAGE_ENV_DOM_IN_CONSTRAINT,AVERAGE_SYS_DOM_SIZE,AVERAGE_ENV_DOM_SIZE,AVERAGE_CONSTRAINT_COMPLEXITY,INTERCONNECTNESS_INDEX,TOTAL_REORDER_TIME,REORDER_CALL_AMOUNT,AVERAGE_REORDER_TIME,AVERAGE_REORDER_GAIN,Z_FIXPOINTS,Y_FIXPOINTS,X_FIXPOINTS,W_FIXPOINTS,REAL_CASES,UNREAL_CASES,REAL_TIME,UNREAL_TIME,GRAPH_DATA,CLUSTER_INC_DATA,CLUSTER_VAR_DATA,DOMAIN_GRAPH_DATA,CONSTRAINT_GRAPH_DATA,JUST_STRING_COUNT,JUST_STRING_ENV_COUNT,TRANS_STRING_SYS_COUNT,TRANS_STRING_ENV_COUNT,INI_STRING_ENV_COUNT,INI_STRING_SYS_COUNT,TOTAL_VARS,SYS_VARS,ENV_VARS,AUX_VARS,UNUSED_CONS_VARS,ARRAYS_INSTANCES,TOTAL_DOMS,SYS_DOMS,ENV_DOMS,AUX_DOMS,DOMS_NOT_QUANTIFIED,INI_SYS_CONSTRAINTS,INI_ENV_CONSTRAINTS,TRANS_ENV_CONSTRAINTS,TRANS_SYS_CONSTRAINTS,JUSTICE_SYS_AMOUNT,JUSTICE_ENV_AMOUNT,Z_SAT_COUNT,Z_SAT_COUNT_START_S0,TRANS_ENV_SAT,TRANS_SYS_SAT,JUSTS_SYS_SAT,JUSTS_ENV_SAT,INI_ENV_SAT,INI_SYS_SAT,FACTORY_TYPE,BDDPACKAGE,IMPORT,UNIQUE_PATTERNS,PATTERN_INSTANCES,TRIGGER_INSTANCES,MONITORS_INSTANCES,COUNTERS_INSTANCES,REDUCED_PATTERN,REDUCED_TRIGGER,SWAPPED_TO_ORIGINAL,ADDITIONAL
variant-2-4,STATIC_PARALLEL,variant-2-4.spectra,0,REALIZABILITY,SYS_REAL,"TEMP: false, SORT_AFTERWARDS: false, GROUP_OPTION: NO_GROUPING, INCREMENTAL_ADDITION: NO_INCREMENTAL, USE_RABIN: false, GROUP_AUX: NO_GROUPING, STATIC_ORDER: REVERSE_CUTHILL, ROY_SIFT_MARKER: false, MAKE_LAST: false, MEMORYLESS: true, REORDER_METHOD: SIFT, NEW_PATTERN: false, INCREMENTAL_JUSTICES: NO_INCREMENTAL, REDUCED_ALGORITHM: FALSE, PARALLEL: true, ORIGINAL: false, BUCHI_INTERSECTION: false, NEW_TRIGGER: false, PARTITIONED: SINGLE_FUNC, VERIFICATION: true, CREATE_GRAPH: false",2547,125,515,0,254456,258237,"[0, 1, 2, 3, 4, 5, 6, 7, 8, 9, 10, 11, 12, 13, 14, 15, 16, 17, 18, 19, 20, 21, 22, 23, 24, 25, 26, 27, 28, 29, 30, 31, 32, 33, 34, 35, 36, 37, 38, 39, 40, 41, 42, 43, 44, 45, 46, 47, 48, 49, 50, 51, 52, 53, 54, 55, 56, 57, 58, 59, 60, 61, 62, 63, 64, 65, 66, 67, 68, 69, 70, 71, 72, 73, 74, 75, 76, 77, 78, 79]","[73, 77, 45, 46, 47, 39, 40, 41, 64, 65, 76, 66, 67, 75, 9, 10, 11, 3, 4, 5, 33, 34, 35, 27, 28, 29, 21, 22, 23, 16, 17, 15, 52, 53, 54, 55, 48, 49, 50, 51, 72, 56, 57, 58, 59, 68, 69, 78, 70, 71, 18, 19, 20, 12, 13, 14, 79, 42, 43, 44, 36, 37, 38, 6, 7, 8, 0, 1, 2, 32, 30, 31, 24, 25, 26, 60, 61, 62, 63, 74]","[79, 77, 72, 43, 44, 7, 8, 47, 46, 10, 11, 45, 9, 42, 6, 18, 21, 20, 23, 19, 22, 31, 34, 32, 35, 17, 16, 15, 30, 37, 36, 13, 12, 14, 41, 40, 33, 27, 3, 39, 4, 28, 5, 73, 0, 29, 24, 1, 2, 75, 25, 38, 26, 78, 65, 76, 64, 67, 66, 52, 53, 54, 55, 48, 49, 50, 51, 56, 57, 58, 59, 69, 68, 71, 70, 61, 74, 60, 63, 62]","[43, 44, 8, 7, 11, 42, 10, 6, 9, 20, 19, 23, 22, 18, 21, 17, 16, 15, 5, 4, 3, 35, 34, 47, 46, 45, 41, 33, 40, 39, 28, 12, 27, 29, 14, 13, 77, 32, 31, 38, 2, 26, 30, 24, 36, 0, 37, 1, 25, 66, 72, 73, 64, 76, 65, 67, 55, 54, 53, 52, 51, 50, 49, 48, 75, 57, 56, 59, 58, 69, 78, 68, 71, 70, 79, 74, 61, 60, 63, 62]",346,331,11402,744262,NOT_IMPLEMENTED,NOT_IMPLEMENTED,NOT_IMPLEMENTED,NOT_IMPLEMENTED,NOT_IMPLEMENTED,NOT_IMPLEMENTED,NOT_IMPLEMENTED,185186.0,17,10893.294117647058,-10403.529411764708,3,203,359,0,1,0,254112,0,,,,,,,,,,,,80,,,NOT_IMPLEMENTED,,false,36,"$PAST_PREV_aux_9,$PAST_PREV_aux_9',$PATTERN:4.SYS_CONSTRAINT.4.P_is_false_after_Q_until_R.state,$PATTERN:4.SYS_CONSTRAINT.4.P_is_false_after_Q_until_R.state',$PATTERN:1.SYS_CONSTRAINT.1.P_becomes_true_after_Q_until_R.state,$PATTERN:1.SYS_CONSTRAINT.1.P_becomes_true_after_Q_until_R.state',robotX,robotX',$PAST_PREV_aux_7,$PAST_PREV_aux_7',$PATTERN:3.SYS_CONSTRAINT.3.P_is_false_after_Q_until_R.state,$PATTERN:3.SYS_CONSTRAINT.3.P_is_false_after_Q_until_R.state',$PATTERN:2.SYS_CONSTRAINT.2.P_becomes_true_after_Q_until_R.state,$PATTERN:2.SYS_CONSTRAINT.2.P_becomes_true_after_Q_until_R.state',$PAST_ONCE_aux_6,$PAST_ONCE_aux_6',$PATTERN:0.SYS_CONSTRAINT.0.P_becomes_true_after_Q_until_R.state,$PATTERN:0.SYS_CONSTRAINT.0.P_becomes_true_after_Q_until_R.state',$PAST_PREV_aux_8,$PAST_PREV_aux_8',robotY,robotY',$PATTERN:5.SYS_CONSTRAINT.5.P_is_false_after_Q_until_R.state,$PATTERN:5.SYS_CONSTRAINT.5.P_is_false_after_Q_until_R.state'","targetB_X,targetB_X',targetC_X,targetC_X',targetB_Y,targetB_Y',targetC_Y,targetC_Y',targetA_Y,targetA_Y',targetA_X,targetA_X'",8,,,,,,9,1,1182660498526520062509056,290358841547086102528,100381013569437696,104200716964331520,2742219187021367105028096,1208925819614629174706176,26314280421146675380224,288230376151711744,CUDD,"Using BDD Package: CUDDFactory, Version: CUDD 3.0","import ""DwyerPatternsNew.spectra""","P_becomes_true_after_Q_until_R,P_is_false_after_Q_until_R",6,0,false,false,[],[],true,null
variant-2-4,NOTHING,variant-2-4.spectra,0,REALIZABILITY,SYS_REAL,"TEMP: false, SORT_AFTERWARDS: false, GROUP_OPTION: NO_GROUPING, INCREMENTAL_ADDITION: NO_INCREMENTAL, USE_RABIN: false, GROUP_AUX: NO_GROUPING, STATIC_ORDER: NO_STATIC_ORDERING, ROY_SIFT_MARKER: false, MAKE_LAST: false, MEMORYLESS: true, REORDER_METHOD: SIFT, NEW_PATTERN: false, INCREMENTAL_JUSTICES: NO_INCREMENTAL, REDUCED_ALGORITHM: FALSE, PARALLEL: false, ORIGINAL: false, BUCHI_INTERSECTION: false, NEW_TRIGGER: false, PARTITIONED: SINGLE_FUNC, VERIFICATION: true, CREATE_GRAPH: false",2531,16,297,-1,160657,163501,"[0, 1, 2, 3, 4, 5, 6, 7, 8, 9, 10, 11, 12, 13, 14, 15, 16, 17, 18, 19, 20, 21, 22, 23, 24, 25, 26, 27, 28, 29, 30, 31, 32, 33, 34, 35, 36, 37, 38, 39, 40, 41, 42, 43, 44, 45, 46, 47, 48, 49, 50, 51, 52, 53, 54, 55, 56, 57, 58, 59, 60, 61, 62, 63, 64, 65, 66, 67, 68, 69, 70, 71, 72, 73, 74, 75, 76, 77, 78, 79]","[0, 1, 2, 3, 4, 5, 6, 7, 8, 9, 10, 11, 12, 13, 14, 15, 16, 17, 18, 19, 20, 21, 22, 23, 24, 25, 26, 27, 28, 29, 30, 31, 32, 33, 34, 35, 36, 37, 38, 39, 40, 41, 42, 43, 44, 45, 46, 47, 48, 49, 50, 51, 52, 53, 54, 55, 56, 57, 58, 59, 60, 61, 62, 63, 64, 65, 66, 67, 68, 69, 70, 71, 72, 73, 74, 75, 76, 77, 78, 79]","[79, 77, 75, 38, 36, 41, 0, 2, 37, 40, 39, 3, 4, 5, 1, 12, 14, 17, 15, 13, 16, 24, 27, 25, 28, 26, 29, 44, 8, 43, 11, 7, 42, 10, 6, 31, 34, 30, 22, 33, 35, 21, 23, 18, 46, 9, 45, 47, 19, 20, 32, 72, 73, 48, 50, 49, 51, 52, 53, 54, 55, 56, 57, 58, 59, 61, 74, 60, 63, 62, 65, 64, 76, 67, 66, 69, 68, 78, 71, 70]","[37, 38, 41, 40, 39, 3, 5, 2, 1, 4, 36, 0, 14, 13, 17, 16, 12, 15, 26, 25, 24, 29, 27, 28, 35, 34, 33, 11, 47, 23, 46, 10, 9, 22, 21, 44, 43, 45, 42, 32, 31, 30, 7, 19, 6, 8, 20, 18, 72, 73, 51, 50, 49, 48, 55, 54, 53, 52, 57, 56, 59, 58, 79, 75, 61, 74, 60, 62, 63, 77, 65, 76, 64, 66, 67, 78, 69, 68, 71, 70]",346,346,11014,743072,NOT_IMPLEMENTED,NOT_IMPLEMENTED,NOT_IMPLEMENTED,NOT_IMPLEMENTED,NOT_IMPLEMENTED,NOT_IMPLEMENTED,NOT_IMPLEMENTED,87267.0,13,6712.846153846152,-9854.23076923077,3,203,359,0,1,0,160610,0,,,,,,,,,,,,80,,,NOT_IMPLEMENTED,,false,36,"$PATTERN:0.SYS_CONSTRAINT.0.P_becomes_true_after_Q_until_R.state,$PATTERN:0.SYS_CONSTRAINT.0.P_becomes_true_after_Q_until_R.state',$PATTERN:5.SYS_CONSTRAINT.5.P_is_false_after_Q_until_R.state,$PATTERN:5.SYS_CONSTRAINT.5.P_is_false_after_Q_until_R.state',robotY,robotY',$PAST_PREV_aux_9,$PAST_PREV_aux_9',$PATTERN:2.SYS_CONSTRAINT.2.P_becomes_true_after_Q_until_R.state,$PATTERN:2.SYS_CONSTRAINT.2.P_becomes_true_after_Q_until_R.state',$PATTERN:4.SYS_CONSTRAINT.4.P_is_false_after_Q_until_R.state,$PATTERN:4.SYS_CONSTRAINT.4.P_is_false_after_Q_until_R.state',$PAST_PREV_aux_8,$PAST_PREV_aux_8',$PAST_ONCE_aux_6,$PAST_ONCE_aux_6',$PAST_PREV_aux_7,$PAST_PREV_aux_7',$PATTERN:3.SYS_CONSTRAINT.3.P_is_false_after_Q_until_R.state,$PATTERN:3.SYS_CONSTRAINT.3.P_is_false_after_Q_until_R.state',robotX,robotX',$PATTERN:1.SYS_CONSTRAINT.1.P_becomes_true_after_Q_until_R.state,$PATTERN:1.SYS_CONSTRAINT.1.P_becomes_true_after_Q_until_R.state'","targetB_Y,targetB_Y',targetC_Y,targetC_Y',targetA_Y,targetA_Y',targetA_X,targetA_X',targetB_X,targetB_X',targetC_X,targetC_X'",8,,,,,,9,1,1182660498526520062509056,290358841547086102528,100381013569437696,104200716964331520,2742219187021367105028096,1208925819614629174706176,26314280421146675380224,288230376151711744,CUDD,"Using BDD Package: CUDDFactory, Version: CUDD 3.0","import ""DwyerPatternsNew.spectra""","P_becomes_true_after_Q_until_R,P_is_false_after_Q_until_R",6,0,false,false,[],[],,null
variant-2-4,STATIC_NO_PARALLEL,variant-2-4.spectra,0,REALIZABILITY,SYS_REAL,"TEMP: false, SORT_AFTERWARDS: false, GROUP_OPTION: NO_GROUPING, INCREMENTAL_ADDITION: NO_INCREMENTAL, USE_RABIN: false, GROUP_AUX: NO_GROUPING, STATIC_ORDER: REVERSE_CUTHILL, ROY_SIFT_MARKER: false, MAKE_LAST: false, MEMORYLESS: true, REORDER_METHOD: SIFT, NEW_PATTERN: false, INCREMENTAL_JUSTICES: NO_INCREMENTAL, REDUCED_ALGORITHM: FALSE, PARALLEL: false, ORIGINAL: false, BUCHI_INTERSECTION: false, NEW_TRIGGER: false, PARTITIONED: SINGLE_FUNC, VERIFICATION: true, CREATE_GRAPH: false",2438,109,375,-1,249770,252692,"[0, 1, 2, 3, 4, 5, 6, 7, 8, 9, 10, 11, 12, 13, 14, 15, 16, 17, 18, 19, 20, 21, 22, 23, 24, 25, 26, 27, 28, 29, 30, 31, 32, 33, 34, 35, 36, 37, 38, 39, 40, 41, 42, 43, 44, 45, 46, 47, 48, 49, 50, 51, 52, 53, 54, 55, 56, 57, 58, 59, 60, 61, 62, 63, 64, 65, 66, 67, 68, 69, 70, 71, 72, 73, 74, 75, 76, 77, 78, 79]","[73, 77, 45, 46, 47, 39, 40, 41, 64, 65, 76, 66, 67, 75, 9, 10, 11, 3, 4, 5, 33, 34, 35, 27, 28, 29, 21, 22, 23, 16, 17, 15, 52, 53, 54, 55, 48, 49, 50, 51, 72, 56, 57, 58, 59, 68, 69, 78, 70, 71, 18, 19, 20, 12, 13, 14, 79, 42, 43, 44, 36, 37, 38, 6, 7, 8, 0, 1, 2, 32, 30, 31, 24, 25, 26, 60, 61, 62, 63, 74]","[79, 77, 72, 43, 44, 7, 8, 47, 46, 10, 11, 45, 9, 42, 6, 18, 21, 20, 23, 19, 22, 31, 34, 32, 35, 17, 16, 15, 30, 37, 36, 13, 12, 14, 41, 40, 33, 27, 3, 39, 4, 28, 5, 73, 0, 29, 24, 1, 2, 75, 25, 38, 26, 78, 65, 76, 64, 67, 66, 52, 53, 54, 55, 48, 49, 50, 51, 56, 57, 58, 59, 69, 68, 71, 70, 61, 74, 60, 63, 62]","[43, 44, 8, 7, 11, 42, 10, 6, 9, 20, 19, 23, 22, 18, 21, 17, 16, 15, 5, 4, 3, 35, 34, 47, 46, 45, 41, 33, 40, 39, 28, 12, 27, 29, 14, 13, 77, 32, 31, 38, 2, 26, 30, 24, 36, 0, 37, 1, 25, 66, 72, 73, 64, 76, 65, 67, 55, 54, 53, 52, 51, 50, 49, 48, 75, 57, 56, 59, 58, 69, 78, 68, 71, 70, 79, 74, 61, 60, 63, 62]",346,331,11402,744262,NOT_IMPLEMENTED,NOT_IMPLEMENTED,NOT_IMPLEMENTED,NOT_IMPLEMENTED,NOT_IMPLEMENTED,NOT_IMPLEMENTED,NOT_IMPLEMENTED,181195.0,17,10658.52941176471,-10402.941176470587,3,203,359,0,1,0,249473,0,,,,,,,,,,,,80,,,NOT_IMPLEMENTED,,false,36,"$PATTERN:5.SYS_CONSTRAINT.5.P_is_false_after_Q_until_R.state,$PATTERN:5.SYS_CONSTRAINT.5.P_is_false_after_Q_until_R.state',$PAST_PREV_aux_9,$PAST_PREV_aux_9',$PATTERN:0.SYS_CONSTRAINT.0.P_becomes_true_after_Q_until_R.state,$PATTERN:0.SYS_CONSTRAINT.0.P_becomes_true_after_Q_until_R.state',$PATTERN:1.SYS_CONSTRAINT.1.P_becomes_true_after_Q_until_R.state,$PATTERN:1.SYS_CONSTRAINT.1.P_becomes_true_after_Q_until_R.state',$PATTERN:3.SYS_CONSTRAINT.3.P_is_false_after_Q_until_R.state,$PATTERN:3.SYS_CONSTRAINT.3.P_is_false_after_Q_until_R.state',$PAST_PREV_aux_7,$PAST_PREV_aux_7',$PAST_ONCE_aux_6,$PAST_ONCE_aux_6',robotX,robotX',robotY,robotY',$PAST_PREV_aux_8,$PAST_PREV_aux_8',$PATTERN:4.SYS_CONSTRAINT.4.P_is_false_after_Q_until_R.state,$PATTERN:4.SYS_CONSTRAINT.4.P_is_false_after_Q_until_R.state',$PATTERN:2.SYS_CONSTRAINT.2.P_becomes_true_after_Q_until_R.state,$PATTERN:2.SYS_CONSTRAINT.2.P_becomes_true_after_Q_until_R.state'","targetC_Y,targetC_Y',targetA_Y,targetA_Y',targetB_Y,targetB_Y',targetB_X,targetB_X',targetA_X,targetA_X',targetC_X,targetC_X'",8,,,,,,9,1,1182660498526520062509056,290358841547086102528,100381013569437696,104200716964331520,2742219187021367105028096,1208925819614629174706176,26314280421146675380224,288230376151711744,CUDD,"Using BDD Package: CUDDFactory, Version: CUDD 3.0","import ""DwyerPatternsNew.spectra""","P_becomes_true_after_Q_until_R,P_is_false_after_Q_until_R",6,0,false,false,[],[],,null
variant-2-4,SORTED_JUST,variant-2-4.spectra,0,REALIZABILITY,SYS_REAL,"TEMP: false, SORT_AFTERWARDS: false, GROUP_OPTION: NO_GROUPING, INCREMENTAL_ADDITION: NO_INCREMENTAL, USE_RABIN: false, GROUP_AUX: NO_GROUPING, STATIC_ORDER: NO_STATIC_ORDERING, ROY_SIFT_MARKER: false, MAKE_LAST: false, MEMORYLESS: true, REORDER_METHOD: SIFT, NEW_PATTERN: false, INCREMENTAL_JUSTICES: INCREMENTAL_GRAPH, REDUCED_ALGORITHM: FALSE, PARALLEL: false, ORIGINAL: false, BUCHI_INTERSECTION: false, NEW_TRIGGER: false, PARTITIONED: SINGLE_FUNC, VERIFICATION: true, CREATE_GRAPH: false",2297,16,376,-1,158640,161329,"[0, 1, 2, 3, 4, 5, 6, 7, 8, 9, 10, 11, 12, 13, 14, 15, 16, 17, 18, 19, 20, 21, 22, 23, 24, 25, 26, 27, 28, 29, 30, 31, 32, 33, 34, 35, 36, 37, 38, 39, 40, 41, 42, 43, 44, 45, 46, 47, 48, 49, 50, 51, 52, 53, 54, 55, 56, 57, 58, 59, 60, 61, 62, 63, 64, 65, 66, 67, 68, 69, 70, 71, 72, 73, 74, 75, 76, 77, 78, 79]","[0, 1, 2, 3, 4, 5, 6, 7, 8, 9, 10, 11, 12, 13, 14, 15, 16, 17, 18, 19, 20, 21, 22, 23, 24, 25, 26, 27, 28, 29, 30, 31, 32, 33, 34, 35, 36, 37, 38, 39, 40, 41, 42, 43, 44, 45, 46, 47, 48, 49, 50, 51, 52, 53, 54, 55, 56, 57, 58, 59, 60, 61, 62, 63, 64, 65, 66, 67, 68, 69, 70, 71, 72, 73, 74, 75, 76, 77, 78, 79]","[79, 77, 75, 38, 36, 41, 0, 2, 37, 40, 39, 3, 4, 5, 1, 12, 14, 17, 15, 13, 16, 24, 27, 25, 28, 26, 29, 44, 8, 43, 11, 7, 42, 10, 6, 31, 34, 30, 22, 33, 35, 21, 23, 18, 46, 9, 45, 47, 19, 20, 32, 72, 73, 48, 50, 49, 51, 52, 53, 54, 55, 56, 57, 58, 59, 61, 74, 60, 63, 62, 65, 64, 76, 67, 66, 69, 68, 78, 71, 70]","[37, 38, 41, 40, 39, 3, 5, 2, 1, 4, 36, 0, 14, 13, 17, 16, 12, 15, 26, 25, 24, 29, 27, 28, 35, 34, 33, 11, 47, 23, 46, 10, 9, 22, 21, 44, 43, 45, 42, 32, 31, 30, 7, 19, 6, 8, 20, 18, 72, 73, 51, 50, 49, 48, 55, 54, 53, 52, 57, 56, 59, 58, 79, 75, 61, 74, 60, 62, 63, 77, 65, 76, 64, 66, 67, 78, 69, 68, 71, 70]",346,346,11014,734042,NOT_IMPLEMENTED,NOT_IMPLEMENTED,NOT_IMPLEMENTED,NOT_IMPLEMENTED,NOT_IMPLEMENTED,NOT_IMPLEMENTED,NOT_IMPLEMENTED,85128.0,13,6548.307692307691,-9854.23076923077,3,203,359,0,1,0,158609,0,,,,,,,,,,,,80,,,NOT_IMPLEMENTED,,false,36,"$PATTERN:0.SYS_CONSTRAINT.0.P_becomes_true_after_Q_until_R.state,$PATTERN:0.SYS_CONSTRAINT.0.P_becomes_true_after_Q_until_R.state',$PATTERN:5.SYS_CONSTRAINT.5.P_is_false_after_Q_until_R.state,$PATTERN:5.SYS_CONSTRAINT.5.P_is_false_after_Q_until_R.state',robotY,robotY',$PAST_PREV_aux_9,$PAST_PREV_aux_9',$PATTERN:2.SYS_CONSTRAINT.2.P_becomes_true_after_Q_until_R.state,$PATTERN:2.SYS_CONSTRAINT.2.P_becomes_true_after_Q_until_R.state',$PATTERN:4.SYS_CONSTRAINT.4.P_is_false_after_Q_until_R.state,$PATTERN:4.SYS_CONSTRAINT.4.P_is_false_after_Q_until_R.state',$PAST_PREV_aux_8,$PAST_PREV_aux_8',$PAST_ONCE_aux_6,$PAST_ONCE_aux_6',$PAST_PREV_aux_7,$PAST_PREV_aux_7',$PATTERN:3.SYS_CONSTRAINT.3.P_is_false_after_Q_until_R.state,$PATTERN:3.SYS_CONSTRAINT.3.P_is_false_after_Q_until_R.state',robotX,robotX',$PATTERN:1.SYS_CONSTRAINT.1.P_becomes_true_after_Q_until_R.state,$PATTERN:1.SYS_CONSTRAINT.1.P_becomes_true_after_Q_until_R.state'","targetB_Y,targetB_Y',targetC_Y,targetC_Y',targetA_Y,targetA_Y',targetA_X,targetA_X',targetB_X,targetB_X',targetC_X,targetC_X'",8,,,,,,9,1,1182660498526520062509056,290358841547086102528,100381013569437696,104200716964331520,2742219187021367105028096,1208925819614629174706176,26314280421146675380224,288230376151711744,CUDD,"Using BDD Package: CUDDFactory, Version: CUDD 3.0","import ""DwyerPatternsNew.spectra""","P_becomes_true_after_Q_until_R,P_is_false_after_Q_until_R",6,0,false,false,[],[],,null
variant-2-4,STATIC_PARALLEL,variant-2-4.spectra,0,REALIZABILITY,SYS_REAL,"TEMP: false, SORT_AFTERWARDS: false, GROUP_OPTION: NO_GROUPING, INCREMENTAL_ADDITION: NO_INCREMENTAL, USE_RABIN: false, GROUP_AUX: NO_GROUPING, STATIC_ORDER: REVERSE_CUTHILL, ROY_SIFT_MARKER: false, MAKE_LAST: false, MEMORYLESS: true, REORDER_METHOD: SIFT, NEW_PATTERN: false, INCREMENTAL_JUSTICES: NO_INCREMENTAL, REDUCED_ALGORITHM: FALSE, PARALLEL: true, ORIGINAL: false, BUCHI_INTERSECTION: false, NEW_TRIGGER: false, PARTITIONED: SINGLE_FUNC, VERIFICATION: true, CREATE_GRAPH: false",2468,125,438,0,136750,140406,"[0, 1, 2, 3, 4, 5, 6, 7, 8, 9, 10, 11, 12, 13, 14, 15, 16, 17, 18, 19, 20, 21, 22, 23, 24, 25, 26, 27, 28, 29, 30, 31, 32, 33, 34, 35, 36, 37, 38, 39, 40, 41, 42, 43, 44, 45, 46, 47, 48, 49, 50, 51, 52, 53, 54, 55, 56, 57, 58, 59, 60, 61, 62, 63, 64, 65, 66, 67, 68, 69, 70, 71, 72, 73, 74, 75, 76, 77, 78, 79]","[73, 77, 45, 46, 47, 39, 40, 41, 64, 65, 76, 66, 67, 75, 9, 10, 11, 3, 4, 5, 33, 34, 35, 27, 28, 29, 21, 22, 23, 16, 17, 15, 52, 53, 54, 55, 48, 49, 50, 51, 72, 56, 57, 58, 59, 68, 69, 78, 70, 71, 18, 19, 20, 12, 13, 14, 79, 42, 43, 44, 36, 37, 38, 6, 7, 8, 0, 1, 2, 32, 30, 31, 24, 25, 26, 60, 61, 62, 63, 74]","[79, 77, 43, 44, 7, 8, 47, 46, 72, 10, 11, 45, 9, 42, 6, 18, 21, 20, 23, 19, 22, 31, 34, 32, 35, 17, 16, 15, 30, 37, 36, 13, 12, 14, 38, 0, 24, 33, 28, 39, 3, 40, 4, 5, 27, 29, 73, 41, 1, 2, 75, 78, 26, 25, 65, 76, 64, 67, 66, 52, 53, 54, 55, 48, 49, 50, 51, 56, 57, 58, 59, 69, 68, 71, 70, 61, 74, 60, 63, 62]","[44, 43, 8, 7, 47, 46, 10, 11, 45, 42, 37, 38, 36, 32, 31, 20, 19, 23, 22, 18, 21, 14, 13, 12, 30, 6, 9, 1, 25, 0, 2, 24, 26, 34, 35, 17, 16, 15, 29, 5, 33, 4, 3, 41, 27, 40, 39, 28, 77, 72, 73, 65, 76, 64, 67, 66, 75, 55, 54, 53, 52, 51, 50, 49, 48, 57, 56, 59, 58, 69, 78, 68, 71, 70, 79, 74, 61, 60, 62, 63]",346,331,11378,776196,NOT_IMPLEMENTED,NOT_IMPLEMENTED,NOT_IMPLEMENTED,NOT_IMPLEMENTED,NOT_IMPLEMENTED,NOT_IMPLEMENTED,NOT_IMPLEMENTED,57302.0,18,3183.444444444444,-12143.944444444447,3,203,359,0,1,0,136672,0,,,,,,,,,,,,80,,,NOT_IMPLEMENTED,,false,36,"$PAST_PREV_aux_9,$PAST_PREV_aux_9',$PATTERN:4.SYS_CONSTRAINT.4.P_is_false_after_Q_until_R.state,$PATTERN:4.SYS_CONSTRAINT.4.P_is_false_after_Q_until_R.state',$PATTERN:1.SYS_CONSTRAINT.1.P_becomes_true_after_Q_until_R.state,$PATTERN:1.SYS_CONSTRAINT.1.P_becomes_true_after_Q_until_R.state',robotX,robotX',$PAST_PREV_aux_7,$PAST_PREV_aux_7',$PATTERN:3.SYS_CONSTRAINT.3.P_is_false_after_Q_until_R.state,$PATTERN:3.SYS_CONSTRAINT.3.P_is_false_after_Q_until_R.state',$PATTERN:2.SYS_CONSTRAINT.2.P_becomes_true_after_Q_until_R.state,$PATTERN:2.SYS_CONSTRAINT.2.P_becomes_true_after_Q_until_R.state',$PAST_ONCE_aux_6,$PAST_ONCE_aux_6',$PATTERN:0.SYS_CONSTRAINT.0.P_becomes_true_after_Q_until_R.state,$PATTERN:0.SYS_CONSTRAINT.0.P_becomes_true_after_Q_until_R.state',$PAST_PREV_aux_8,$PAST_PREV_aux_8',robotY,robotY',$PATTERN:5.SYS_CONSTRAINT.5.P_is_false_after_Q_until_R.state,$PATTERN:5.SYS_CONSTRAINT.5.P_is_false_after_Q_until_R.state'","targetB_X,targetB_X',targetC_X,targetC_X',targetB_Y,targetB_Y',targetC_Y,targetC_Y',targetA_Y,targetA_Y',targetA_X,targetA_X'",8,,,,,,9,1,1182660498526520062509056,290358841547086102528,100381013569437696,104200716964331520,2742219187021367105028096,1208925819614629174706176,26314280421146675380224,288230376151711744,CUDD,"Using BDD Package: CUDDFactory, Version: CUDD 3.0","import ""DwyerPatternsNew.spectra""","P_becomes_true_after_Q_until_R,P_is_false_after_Q_until_R",6,0,false,false,[],[],true,null
variant-2-4,NOTHING,variant-2-4.spectra,0,REALIZABILITY,SYS_REAL,"TEMP: false, SORT_AFTERWARDS: false, GROUP_OPTION: NO_GROUPING, INCREMENTAL_ADDITION: NO_INCREMENTAL, USE_RABIN: false, GROUP_AUX: NO_GROUPING, STATIC_ORDER: NO_STATIC_ORDERING, ROY_SIFT_MARKER: false, MAKE_LAST: false, MEMORYLESS: true, REORDER_METHOD: SIFT, NEW_PATTERN: false, INCREMENTAL_JUSTICES: NO_INCREMENTAL, REDUCED_ALGORITHM: FALSE, PARALLEL: false, ORIGINAL: false, BUCHI_INTERSECTION: false, NEW_TRIGGER: false, PARTITIONED: SINGLE_FUNC, VERIFICATION: true, CREATE_GRAPH: false",2406,0,297,-1,160144,162863,"[0, 1, 2, 3, 4, 5, 6, 7, 8, 9, 10, 11, 12, 13, 14, 15, 16, 17, 18, 19, 20, 21, 22, 23, 24, 25, 26, 27, 28, 29, 30, 31, 32, 33, 34, 35, 36, 37, 38, 39, 40, 41, 42, 43, 44, 45, 46, 47, 48, 49, 50, 51, 52, 53, 54, 55, 56, 57, 58, 59, 60, 61, 62, 63, 64, 65, 66, 67, 68, 69, 70, 71, 72, 73, 74, 75, 76, 77, 78, 79]","[0, 1, 2, 3, 4, 5, 6, 7, 8, 9, 10, 11, 12, 13, 14, 15, 16, 17, 18, 19, 20, 21, 22, 23, 24, 25, 26, 27, 28, 29, 30, 31, 32, 33, 34, 35, 36, 37, 38, 39, 40, 41, 42, 43, 44, 45, 46, 47, 48, 49, 50, 51, 52, 53, 54, 55, 56, 57, 58, 59, 60, 61, 62, 63, 64, 65, 66, 67, 68, 69, 70, 71, 72, 73, 74, 75, 76, 77, 78, 79]","[79, 77, 75, 38, 36, 41, 0, 2, 37, 40, 39, 3, 4, 5, 1, 12, 14, 17, 15, 13, 16, 24, 27, 25, 28, 26, 29, 44, 8, 43, 11, 7, 42, 10, 6, 31, 34, 30, 22, 33, 35, 21, 23, 18, 46, 9, 45, 47, 19, 20, 32, 72, 73, 48, 50, 49, 51, 52, 53, 54, 55, 56, 57, 58, 59, 61, 74, 60, 63, 62, 65, 64, 76, 67, 66, 69, 68, 78, 71, 70]","[37, 38, 41, 40, 39, 3, 5, 2, 1, 4, 36, 0, 14, 13, 17, 16, 12, 15, 26, 25, 24, 29, 27, 28, 35, 34, 33, 11, 47, 23, 46, 10, 9, 22, 21, 44, 43, 45, 42, 32, 31, 30, 7, 19, 6, 8, 20, 18, 72, 73, 51, 50, 49, 48, 55, 54, 53, 52, 57, 56, 59, 58, 79, 75, 61, 74, 60, 62, 63, 77, 65, 76, 64, 66, 67, 78, 69, 68, 71, 70]",346,346,11014,734042,NOT_IMPLEMENTED,NOT_IMPLEMENTED,NOT_IMPLEMENTED,NOT_IMPLEMENTED,NOT_IMPLEMENTED,NOT_IMPLEMENTED,NOT_IMPLEMENTED,86208.0,13,6631.384615384614,-9854.23076923077,3,203,359,0,1,0,160113,0,,,,,,,,,,,,80,,,NOT_IMPLEMENTED,,false,36,"$PATTERN:0.SYS_CONSTRAINT.0.P_becomes_true_after_Q_until_R.state,$PATTERN:0.SYS_CONSTRAINT.0.P_becomes_true_after_Q_until_R.state',$PATTERN:5.SYS_CONSTRAINT.5.P_is_false_after_Q_until_R.state,$PATTERN:5.SYS_CONSTRAINT.5.P_is_false_after_Q_until_R.state',robotY,robotY',$PAST_PREV_aux_9,$PAST_PREV_aux_9',$PATTERN:2.SYS_CONSTRAINT.2.P_becomes_true_after_Q_until_R.state,$PATTERN:2.SYS_CONSTRAINT.2.P_becomes_true_after_Q_until_R.state',$PATTERN:4.SYS_CONSTRAINT.4.P_is_false_after_Q_until_R.state,$PATTERN:4.SYS_CONSTRAINT.4.P_is_false_after_Q_until_R.state',$PAST_PREV_aux_8,$PAST_PREV_aux_8',$PAST_ONCE_aux_6,$PAST_ONCE_aux_6',$PAST_PREV_aux_7,$PAST_PREV_aux_7',$PATTERN:3.SYS_CONSTRAINT.3.P_is_false_after_Q_until_R.state,$PATTERN:3.SYS_CONSTRAINT.3.P_is_false_after_Q_until_R.state',robotX,robotX',$PATTERN:1.SYS_CONSTRAINT.1.P_becomes_true_after_Q_until_R.state,$PATTERN:1.SYS_CONSTRAINT.1.P_becomes_true_after_Q_until_R.state'","targetB_Y,targetB_Y',targetC_Y,targetC_Y',targetA_Y,targetA_Y',targetA_X,targetA_X',targetB_X,targetB_X',targetC_X,targetC_X'",8,,,,,,9,1,1182660498526520062509056,290358841547086102528,100381013569437696,104200716964331520,2742219187021367105028096,1208925819614629174706176,26314280421146675380224,288230376151711744,CUDD,"Using BDD Package: CUDDFactory, Version: CUDD 3.0","import ""DwyerPatternsNew.spectra""","P_becomes_true_after_Q_until_R,P_is_false_after_Q_until_R",6,0,false,false,[],[],,null
variant-2-4,STATIC_NO_PARALLEL,variant-2-4.spectra,0,REALIZABILITY,SYS_REAL,"TEMP: false, SORT_AFTERWARDS: false, GROUP_OPTION: NO_GROUPING, INCREMENTAL_ADDITION: NO_INCREMENTAL, USE_RABIN: false, GROUP_AUX: NO_GROUPING, STATIC_ORDER: REVERSE_CUTHILL, ROY_SIFT_MARKER: false, MAKE_LAST: false, MEMORYLESS: true, REORDER_METHOD: SIFT, NEW_PATTERN: false, INCREMENTAL_JUSTICES: NO_INCREMENTAL, REDUCED_ALGORITHM: FALSE, PARALLEL: false, ORIGINAL: false, BUCHI_INTERSECTION: false, NEW_TRIGGER: false, PARTITIONED: SINGLE_FUNC, VERIFICATION: true, CREATE_GRAPH: false",2437,125,375,-1,251724,254661,"[0, 1, 2, 3, 4, 5, 6, 7, 8, 9, 10, 11, 12, 13, 14, 15, 16, 17, 18, 19, 20, 21, 22, 23, 24, 25, 26, 27, 28, 29, 30, 31, 32, 33, 34, 35, 36, 37, 38, 39, 40, 41, 42, 43, 44, 45, 46, 47, 48, 49, 50, 51, 52, 53, 54, 55, 56, 57, 58, 59, 60, 61, 62, 63, 64, 65, 66, 67, 68, 69, 70, 71, 72, 73, 74, 75, 76, 77, 78, 79]","[73, 77, 45, 46, 47, 39, 40, 41, 64, 65, 76, 66, 67, 75, 9, 10, 11, 3, 4, 5, 33, 34, 35, 27, 28, 29, 21, 22, 23, 16, 17, 15, 52, 53, 54, 55, 48, 49, 50, 51, 72, 56, 57, 58, 59, 68, 69, 78, 70, 71, 18, 19, 20, 12, 13, 14, 79, 42, 43, 44, 36, 37, 38, 6, 7, 8, 0, 1, 2, 32, 30, 31, 24, 25, 26, 60, 61, 62, 63, 74]","[79, 77, 72, 43, 44, 7, 8, 47, 46, 10, 11, 45, 9, 42, 6, 18, 21, 20, 23, 19, 22, 31, 34, 32, 35, 17, 16, 15, 30, 37, 36, 13, 12, 14, 41, 40, 33, 27, 3, 39, 4, 28, 5, 73, 0, 29, 24, 1, 2, 75, 25, 38, 26, 78, 65, 76, 64, 67, 66, 52, 53, 54, 55, 48, 49, 50, 51, 56, 57, 58, 59, 69, 68, 71, 70, 61, 74, 60, 63, 62]","[43, 44, 8, 7, 11, 42, 10, 6, 9, 20, 19, 23, 22, 18, 21, 17, 16, 15, 5, 4, 3, 35, 34, 47, 46, 45, 41, 33, 40, 39, 28, 12, 27, 29, 14, 13, 77, 32, 31, 38, 2, 26, 30, 24, 36, 0, 37, 1, 25, 66, 72, 73, 64, 76, 65, 67, 55, 54, 53, 52, 51, 50, 49, 48, 75, 57, 56, 59, 58, 69, 78, 68, 71, 70, 79, 74, 61, 60, 63, 62]",346,331,11402,744262,NOT_IMPLEMENTED,NOT_IMPLEMENTED,NOT_IMPLEMENTED,NOT_IMPLEMENTED,NOT_IMPLEMENTED,NOT_IMPLEMENTED,NOT_IMPLEMENTED,183764.0,17,10809.647058823532,-10402.941176470587,3,203,359,0,1,0,251427,0,,,,,,,,,,,,80,,,NOT_IMPLEMENTED,,false,36,"$PATTERN:5.SYS_CONSTRAINT.5.P_is_false_after_Q_until_R.state,$PATTERN:5.SYS_CONSTRAINT.5.P_is_false_after_Q_until_R.state',$PAST_PREV_aux_9,$PAST_PREV_aux_9',$PATTERN:0.SYS_CONSTRAINT.0.P_becomes_true_after_Q_until_R.state,$PATTERN:0.SYS_CONSTRAINT.0.P_becomes_true_after_Q_until_R.state',$PATTERN:1.SYS_CONSTRAINT.1.P_becomes_true_after_Q_until_R.state,$PATTERN:1.SYS_CONSTRAINT.1.P_becomes_true_after_Q_until_R.state',$PATTERN:3.SYS_CONSTRAINT.3.P_is_false_after_Q_until_R.state,$PATTERN:3.SYS_CONSTRAINT.3.P_is_false_after_Q_until_R.state',$PAST_PREV_aux_7,$PAST_PREV_aux_7',$PAST_ONCE_aux_6,$PAST_ONCE_aux_6',robotX,robotX',robotY,robotY',$PAST_PREV_aux_8,$PAST_PREV_aux_8',$PATTERN:4.SYS_CONSTRAINT.4.P_is_false_after_Q_until_R.state,$PATTERN:4.SYS_CONSTRAINT.4.P_is_false_after_Q_until_R.state',$PATTERN:2.SYS_CONSTRAINT.2.P_becomes_true_after_Q_until_R.state,$PATTERN:2.SYS_CONSTRAINT.2.P_becomes_true_after_Q_until_R.state'","targetC_Y,targetC_Y',targetA_Y,targetA_Y',targetB_Y,targetB_Y',targetB_X,targetB_X',targetA_X,targetA_X',targetC_X,targetC_X'",8,,,,,,9,1,1182660498526520062509056,290358841547086102528,100381013569437696,104200716964331520,2742219187021367105028096,1208925819614629174706176,26314280421146675380224,288230376151711744,CUDD,"Using BDD Package: CUDDFactory, Version: CUDD 3.0","import ""DwyerPatternsNew.spectra""","P_becomes_true_after_Q_until_R,P_is_false_after_Q_until_R",6,0,false,false,[],[],,null
variant-2-4,SORTED_JUST,variant-2-4.spectra,0,REALIZABILITY,SYS_REAL,"TEMP: false, SORT_AFTERWARDS: false, GROUP_OPTION: NO_GROUPING, INCREMENTAL_ADDITION: NO_INCREMENTAL, USE_RABIN: false, GROUP_AUX: NO_GROUPING, STATIC_ORDER: NO_STATIC_ORDERING, ROY_SIFT_MARKER: false, MAKE_LAST: false, MEMORYLESS: true, REORDER_METHOD: SIFT, NEW_PATTERN: false, INCREMENTAL_JUSTICES: INCREMENTAL_GRAPH, REDUCED_ALGORITHM: FALSE, PARALLEL: false, ORIGINAL: false, BUCHI_INTERSECTION: false, NEW_TRIGGER: false, PARTITIONED: SINGLE_FUNC, VERIFICATION: true, CREATE_GRAPH: false",2282,0,359,-1,158127,160768,"[0, 1, 2, 3, 4, 5, 6, 7, 8, 9, 10, 11, 12, 13, 14, 15, 16, 17, 18, 19, 20, 21, 22, 23, 24, 25, 26, 27, 28, 29, 30, 31, 32, 33, 34, 35, 36, 37, 38, 39, 40, 41, 42, 43, 44, 45, 46, 47, 48, 49, 50, 51, 52, 53, 54, 55, 56, 57, 58, 59, 60, 61, 62, 63, 64, 65, 66, 67, 68, 69, 70, 71, 72, 73, 74, 75, 76, 77, 78, 79]","[0, 1, 2, 3, 4, 5, 6, 7, 8, 9, 10, 11, 12, 13, 14, 15, 16, 17, 18, 19, 20, 21, 22, 23, 24, 25, 26, 27, 28, 29, 30, 31, 32, 33, 34, 35, 36, 37, 38, 39, 40, 41, 42, 43, 44, 45, 46, 47, 48, 49, 50, 51, 52, 53, 54, 55, 56, 57, 58, 59, 60, 61, 62, 63, 64, 65, 66, 67, 68, 69, 70, 71, 72, 73, 74, 75, 76, 77, 78, 79]","[79, 77, 75, 38, 36, 41, 0, 2, 37, 40, 39, 3, 4, 5, 1, 12, 14, 17, 15, 13, 16, 24, 27, 25, 28, 26, 29, 44, 8, 43, 11, 7, 42, 10, 6, 31, 34, 30, 22, 33, 35, 21, 23, 18, 46, 9, 45, 47, 19, 20, 32, 72, 73, 48, 50, 49, 51, 52, 53, 54, 55, 56, 57, 58, 59, 61, 74, 60, 63, 62, 65, 64, 76, 67, 66, 69, 68, 78, 71, 70]","[37, 38, 41, 40, 39, 3, 5, 2, 1, 4, 36, 0, 14, 13, 17, 16, 12, 15, 26, 25, 24, 29, 27, 28, 35, 34, 33, 11, 47, 23, 46, 10, 9, 22, 21, 44, 43, 45, 42, 32, 31, 30, 7, 19, 6, 8, 20, 18, 72, 73, 51, 50, 49, 48, 55, 54, 53, 52, 57, 56, 59, 58, 79, 75, 61, 74, 60, 62, 63, 77, 65, 76, 64, 66, 67, 78, 69, 68, 71, 70]",346,346,11014,734042,NOT_IMPLEMENTED,NOT_IMPLEMENTED,NOT_IMPLEMENTED,NOT_IMPLEMENTED,NOT_IMPLEMENTED,NOT_IMPLEMENTED,NOT_IMPLEMENTED,84474.0,13,6498.0,-9854.23076923077,3,203,359,0,1,0,158096,0,,,,,,,,,,,,80,,,NOT_IMPLEMENTED,,false,36,"$PATTERN:0.SYS_CONSTRAINT.0.P_becomes_true_after_Q_until_R.state,$PATTERN:0.SYS_CONSTRAINT.0.P_becomes_true_after_Q_until_R.state',$PATTERN:5.SYS_CONSTRAINT.5.P_is_false_after_Q_until_R.state,$PATTERN:5.SYS_CONSTRAINT.5.P_is_false_after_Q_until_R.state',robotY,robotY',$PAST_PREV_aux_9,$PAST_PREV_aux_9',$PATTERN:2.SYS_CONSTRAINT.2.P_becomes_true_after_Q_until_R.state,$PATTERN:2.SYS_CONSTRAINT.2.P_becomes_true_after_Q_until_R.state',$PATTERN:4.SYS_CONSTRAINT.4.P_is_false_after_Q_until_R.state,$PATTERN:4.SYS_CONSTRAINT.4.P_is_false_after_Q_until_R.state',$PAST_PREV_aux_8,$PAST_PREV_aux_8',$PAST_ONCE_aux_6,$PAST_ONCE_aux_6',$PAST_PREV_aux_7,$PAST_PREV_aux_7',$PATTERN:3.SYS_CONSTRAINT.3.P_is_false_after_Q_until_R.state,$PATTERN:3.SYS_CONSTRAINT.3.P_is_false_after_Q_until_R.state',robotX,robotX',$PATTERN:1.SYS_CONSTRAINT.1.P_becomes_true_after_Q_until_R.state,$PATTERN:1.SYS_CONSTRAINT.1.P_becomes_true_after_Q_until_R.state'","targetB_Y,targetB_Y',targetC_Y,targetC_Y',targetA_Y,targetA_Y',targetA_X,targetA_X',targetB_X,targetB_X',targetC_X,targetC_X'",8,,,,,,9,1,1182660498526520062509056,290358841547086102528,100381013569437696,104200716964331520,2742219187021367105028096,1208925819614629174706176,26314280421146675380224,288230376151711744,CUDD,"Using BDD Package: CUDDFactory, Version: CUDD 3.0","import ""DwyerPatternsNew.spectra""","P_becomes_true_after_Q_until_R,P_is_false_after_Q_until_R",6,0,false,false,[],[],,null
variant-2-4,STATIC_PARALLEL,variant-2-4.spectra,0,REALIZABILITY,SYS_REAL,"TEMP: false, SORT_AFTERWARDS: false, GROUP_OPTION: NO_GROUPING, INCREMENTAL_ADDITION: NO_INCREMENTAL, USE_RABIN: false, GROUP_AUX: NO_GROUPING, STATIC_ORDER: REVERSE_CUTHILL, ROY_SIFT_MARKER: false, MAKE_LAST: false, MEMORYLESS: true, REORDER_METHOD: SIFT, NEW_PATTERN: false, INCREMENTAL_JUSTICES: NO_INCREMENTAL, REDUCED_ALGORITHM: FALSE, PARALLEL: true, ORIGINAL: false, BUCHI_INTERSECTION: false, NEW_TRIGGER: false, PARTITIONED: SINGLE_FUNC, VERIFICATION: true, CREATE_GRAPH: false",2657,109,406,0,257159,261003,"[0, 1, 2, 3, 4, 5, 6, 7, 8, 9, 10, 11, 12, 13, 14, 15, 16, 17, 18, 19, 20, 21, 22, 23, 24, 25, 26, 27, 28, 29, 30, 31, 32, 33, 34, 35, 36, 37, 38, 39, 40, 41, 42, 43, 44, 45, 46, 47, 48, 49, 50, 51, 52, 53, 54, 55, 56, 57, 58, 59, 60, 61, 62, 63, 64, 65, 66, 67, 68, 69, 70, 71, 72, 73, 74, 75, 76, 77, 78, 79]","[73, 77, 45, 46, 47, 39, 40, 41, 64, 65, 76, 66, 67, 75, 9, 10, 11, 3, 4, 5, 33, 34, 35, 27, 28, 29, 21, 22, 23, 16, 17, 15, 52, 53, 54, 55, 48, 49, 50, 51, 72, 56, 57, 58, 59, 68, 69, 78, 70, 71, 18, 19, 20, 12, 13, 14, 79, 42, 43, 44, 36, 37, 38, 6, 7, 8, 0, 1, 2, 32, 30, 31, 24, 25, 26, 60, 61, 62, 63, 74]","[79, 77, 72, 43, 44, 7, 8, 47, 46, 10, 11, 45, 9, 42, 6, 18, 21, 20, 23, 19, 22, 31, 34, 32, 35, 17, 16, 15, 30, 37, 36, 13, 12, 14, 41, 40, 33, 27, 3, 39, 4, 28, 5, 73, 0, 29, 24, 1, 2, 75, 25, 38, 26, 78, 65, 76, 64, 67, 66, 52, 53, 54, 55, 48, 49, 50, 51, 56, 57, 58, 59, 69, 68, 71, 70, 61, 74, 60, 63, 62]","[43, 44, 8, 7, 11, 42, 10, 6, 9, 20, 19, 23, 22, 18, 21, 17, 16, 15, 5, 4, 3, 35, 34, 47, 46, 45, 41, 33, 40, 39, 28, 12, 27, 29, 14, 13, 77, 32, 31, 38, 2, 26, 30, 24, 36, 0, 37, 1, 25, 66, 72, 73, 64, 76, 65, 67, 55, 54, 53, 52, 51, 50, 49, 48, 75, 57, 56, 59, 58, 69, 78, 68, 71, 70, 79, 74, 61, 60, 63, 62]",346,331,11402,744262,NOT_IMPLEMENTED,NOT_IMPLEMENTED,NOT_IMPLEMENTED,NOT_IMPLEMENTED,NOT_IMPLEMENTED,NOT_IMPLEMENTED,NOT_IMPLEMENTED,187231.0,17,11013.588235294117,-10403.470588235292,3,203,359,0,1,0,256784,0,,,,,,,,,,,,80,,,NOT_IMPLEMENTED,,false,36,"$PAST_PREV_aux_8,$PAST_PREV_aux_8',$PAST_ONCE_aux_6,$PAST_ONCE_aux_6',$PATTERN:3.SYS_CONSTRAINT.3.P_is_false_after_Q_until_R.state,$PATTERN:3.SYS_CONSTRAINT.3.P_is_false_after_Q_until_R.state',$PATTERN:0.SYS_CONSTRAINT.0.P_becomes_true_after_Q_until_R.state,$PATTERN:0.SYS_CONSTRAINT.0.P_becomes_true_after_Q_until_R.state',$PATTERN:2.SYS_CONSTRAINT.2.P_becomes_true_after_Q_until_R.state,$PATTERN:2.SYS_CONSTRAINT.2.P_becomes_true_after_Q_until_R.state',robotY,robotY',$PATTERN:5.SYS_CONSTRAINT.5.P_is_false_after_Q_until_R.state,$PATTERN:5.SYS_CONSTRAINT.5.P_is_false_after_Q_until_R.state',$PAST_PREV_aux_7,$PAST_PREV_aux_7',$PATTERN:1.SYS_CONSTRAINT.1.P_becomes_true_after_Q_until_R.state,$PATTERN:1.SYS_CONSTRAINT.1.P_becomes_true_after_Q_until_R.state',$PATTERN:4.SYS_CONSTRAINT.4.P_is_false_after_Q_until_R.state,$PATTERN:4.SYS_CONSTRAINT.4.P_is_false_after_Q_until_R.state',robotX,robotX',$PAST_PREV_aux_9,$PAST_PREV_aux_9'","targetA_Y,targetA_Y',targetB_Y,targetB_Y',targetC_Y,targetC_Y',targetB_X,targetB_X',targetA_X,targetA_X',targetC_X,targetC_X'",8,,,,,,9,1,1182660498526520062509056,290358841547086102528,100381013569437696,104200716964331520,2742219187021367105028096,1208925819614629174706176,26314280421146675380224,288230376151711744,CUDD,"Using BDD Package: CUDDFactory, Version: CUDD 3.0","import ""DwyerPatternsNew.spectra""","P_becomes_true_after_Q_until_R,P_is_false_after_Q_until_R",6,0,false,false,[],[],true,null
variant-2-4,NOTHING,variant-2-4.spectra,0,REALIZABILITY,SYS_REAL,"TEMP: false, SORT_AFTERWARDS: false, GROUP_OPTION: NO_GROUPING, INCREMENTAL_ADDITION: NO_INCREMENTAL, USE_RABIN: false, GROUP_AUX: NO_GROUPING, STATIC_ORDER: NO_STATIC_ORDERING, ROY_SIFT_MARKER: false, MAKE_LAST: false, MEMORYLESS: true, REORDER_METHOD: SIFT, NEW_PATTERN: false, INCREMENTAL_JUSTICES: NO_INCREMENTAL, REDUCED_ALGORITHM: FALSE, PARALLEL: false, ORIGINAL: false, BUCHI_INTERSECTION: false, NEW_TRIGGER: false, PARTITIONED: SINGLE_FUNC, VERIFICATION: true, CREATE_GRAPH: false",2683,15,313,-1,152205,155216,"[0, 1, 2, 3, 4, 5, 6, 7, 8, 9, 10, 11, 12, 13, 14, 15, 16, 17, 18, 19, 20, 21, 22, 23, 24, 25, 26, 27, 28, 29, 30, 31, 32, 33, 34, 35, 36, 37, 38, 39, 40, 41, 42, 43, 44, 45, 46, 47, 48, 49, 50, 51, 52, 53, 54, 55, 56, 57, 58, 59, 60, 61, 62, 63, 64, 65, 66, 67, 68, 69, 70, 71, 72, 73, 74, 75, 76, 77, 78, 79]","[0, 1, 2, 3, 4, 5, 6, 7, 8, 9, 10, 11, 12, 13, 14, 15, 16, 17, 18, 19, 20, 21, 22, 23, 24, 25, 26, 27, 28, 29, 30, 31, 32, 33, 34, 35, 36, 37, 38, 39, 40, 41, 42, 43, 44, 45, 46, 47, 48, 49, 50, 51, 52, 53, 54, 55, 56, 57, 58, 59, 60, 61, 62, 63, 64, 65, 66, 67, 68, 69, 70, 71, 72, 73, 74, 75, 76, 77, 78, 79]","[79, 77, 75, 38, 37, 41, 36, 40, 4, 5, 39, 3, 1, 2, 0, 12, 14, 17, 15, 13, 16, 24, 27, 25, 28, 26, 29, 44, 8, 43, 11, 7, 42, 10, 6, 46, 9, 22, 34, 33, 21, 30, 35, 23, 45, 47, 18, 19, 20, 32, 31, 72, 73, 48, 50, 49, 51, 52, 53, 54, 55, 56, 57, 58, 59, 61, 74, 60, 63, 62, 65, 64, 76, 67, 66, 69, 68, 78, 71, 70]","[38, 37, 41, 36, 40, 4, 5, 39, 3, 2, 1, 14, 13, 12, 0, 26, 25, 24, 17, 16, 11, 10, 9, 15, 29, 23, 47, 46, 22, 21, 28, 27, 45, 33, 34, 44, 43, 35, 42, 32, 31, 30, 7, 6, 8, 19, 20, 18, 72, 73, 51, 50, 49, 48, 55, 54, 53, 52, 57, 56, 59, 58, 79, 75, 61, 74, 60, 62, 63, 77, 65, 76, 64, 66, 67, 78, 69, 68, 71, 70]",346,346,10766,751387,NOT_IMPLEMENTED,NOT_IMPLEMENTED,NOT_IMPLEMENTED,NOT_IMPLEMENTED,NOT_IMPLEMENTED,NOT_IMPLEMENTED,NOT_IMPLEMENTED,66343.0,13,5103.3076923076915,-14392.153846153848,3,203,359,0,1,0,152174,0,,,,,,,,,,,,80,,,NOT_IMPLEMENTED,,false,36,"$PATTERN:0.SYS_CONSTRAINT.0.P_becomes_true_after_Q_until_R.state,$PATTERN:0.SYS_CONSTRAINT.0.P_becomes_true_after_Q_until_R.state',$PATTERN:5.SYS_CONSTRAINT.5.P_is_false_after_Q_until_R.state,$PATTERN:5.SYS_CONSTRAINT.5.P_is_false_after_Q_until_R.state',robotY,robotY',$PAST_PREV_aux_9,$PAST_PREV_aux_9',$PATTERN:2.SYS_CONSTRAINT.2.P_becomes_true_after_Q_until_R.state,$PATTERN:2.SYS_CONSTRAINT.2.P_becomes_true_after_Q_until_R.state',$PATTERN:4.SYS_CONSTRAINT.4.P_is_false_after_Q_until_R.state,$PATTERN:4.SYS_CONSTRAINT.4.P_is_false_after_Q_until_R.state',$PAST_PREV_aux_8,$PAST_PREV_aux_8',$PAST_ONCE_aux_6,$PAST_ONCE_aux_6',$PAST_PREV_aux_7,$PAST_PREV_aux_7',$PATTERN:3.SYS_CONSTRAINT.3.P_is_false_after_Q_until_R.state,$PATTERN:3.SYS_CONSTRAINT.3.P_is_false_after_Q_until_R.state',robotX,robotX',$PATTERN:1.SYS_CONSTRAINT.1.P_becomes_true_after_Q_until_R.state,$PATTERN:1.SYS_CONSTRAINT.1.P_becomes_true_after_Q_until_R.state'","targetB_Y,targetB_Y',targetC_Y,targetC_Y',targetA_Y,targetA_Y',targetA_X,targetA_X',targetB_X,targetB_X',targetC_X,targetC_X'",8,,,,,,9,1,1182660498526520062509056,290358841547086102528,100381013569437696,104200716964331520,2742219187021367105028096,1208925819614629174706176,26314280421146675380224,288230376151711744,CUDD,"Using BDD Package: CUDDFactory, Version: CUDD 3.0","import ""DwyerPatternsNew.spectra""","P_becomes_true_after_Q_until_R,P_is_false_after_Q_until_R",6,0,false,false,[],[],,null
