Spec,RunConfig,UniqueIdentifier,TIMEOUT,ActionType,Result,CONFIG_TXT,INITIAL_BDD_TIME,HEURISTICS_TIME,SECOND_STEP_TIME,PARALLEL_OVERHEAD_TIME,WORK_TIME,TOTAL_TIME,PRE_ROYBDD_ORDER,POST_HEURISTICS_ORDER,POST_SECOND_STEP_ORDER,POST_WORK_ORDER,PRE_ROYBDD_NODE_SIZE,POST_HEURISTICS_NODE_SIZE,POST_SECOND_STEP_NODE_SIZE,POST_WORK_NODE_SIZE,AVERAGE_AUX_SIZE,AVERAGE_SYS_DOM_IN_CONSTRAINT,AVERAGE_ENV_DOM_IN_CONSTRAINT,AVERAGE_SYS_DOM_SIZE,AVERAGE_ENV_DOM_SIZE,AVERAGE_CONSTRAINT_COMPLEXITY,INTERCONNECTNESS_INDEX,TOTAL_REORDER_TIME,REORDER_CALL_AMOUNT,AVERAGE_REORDER_TIME,AVERAGE_REORDER_GAIN,Z_FIXPOINTS,Y_FIXPOINTS,X_FIXPOINTS,W_FIXPOINTS,REAL_CASES,UNREAL_CASES,REAL_TIME,UNREAL_TIME,GRAPH_DATA,CLUSTER_INC_DATA,CLUSTER_VAR_DATA,DOMAIN_GRAPH_DATA,CONSTRAINT_GRAPH_DATA,JUST_STRING_COUNT,JUST_STRING_ENV_COUNT,TRANS_STRING_SYS_COUNT,TRANS_STRING_ENV_COUNT,INI_STRING_ENV_COUNT,INI_STRING_SYS_COUNT,TOTAL_VARS,SYS_VARS,ENV_VARS,AUX_VARS,UNUSED_CONS_VARS,ARRAYS_INSTANCES,TOTAL_DOMS,SYS_DOMS,ENV_DOMS,AUX_DOMS,DOMS_NOT_QUANTIFIED,INI_SYS_CONSTRAINTS,INI_ENV_CONSTRAINTS,TRANS_ENV_CONSTRAINTS,TRANS_SYS_CONSTRAINTS,JUSTICE_SYS_AMOUNT,JUSTICE_ENV_AMOUNT,Z_SAT_COUNT,Z_SAT_COUNT_START_S0,TRANS_ENV_SAT,TRANS_SYS_SAT,JUSTS_SYS_SAT,JUSTS_ENV_SAT,INI_ENV_SAT,INI_SYS_SAT,FACTORY_TYPE,BDDPACKAGE,IMPORT,UNIQUE_PATTERNS,PATTERN_INSTANCES,TRIGGER_INSTANCES,MONITORS_INSTANCES,COUNTERS_INSTANCES,REDUCED_PATTERN,REDUCED_TRIGGER,SWAPPED_TO_ORIGINAL,ADDITIONAL
1670057023,NOTHING,1670057023.spectra,0,WELL_SEPARATION,NOT_STRONG,"TEMP: false, SORT_AFTERWARDS: false, GROUP_OPTION: NO_GROUPING, INCREMENTAL_ADDITION: NO_INCREMENTAL, USE_RABIN: false, GROUP_AUX: NO_GROUPING, STATIC_ORDER: NO_STATIC_ORDERING, ROY_SIFT_MARKER: false, MAKE_LAST: false, MEMORYLESS: false, REORDER_METHOD: SIFT, NEW_PATTERN: false, INCREMENTAL_JUSTICES: NO_INCREMENTAL, REDUCED_ALGORITHM: FALSE, PARALLEL: false, ORIGINAL: false, BUCHI_INTERSECTION: false, NEW_TRIGGER: false, PARTITIONED: SINGLE_FUNC, VERIFICATION: true, CREATE_GRAPH: false",1906,0,531,-1,844,3281,"[0, 1, 2, 3, 4, 5, 6, 7, 8, 9, 10, 11, 12, 13, 14, 15, 16, 17, 18, 19, 20, 21, 22, 23, 24, 25, 26, 27, 28, 29, 30, 31, 32, 33, 34, 35, 36, 37, 38, 39, 40, 41, 42, 43, 44, 45, 46, 47, 48, 49, 50, 51, 52, 53, 54, 55, 56, 57, 58, 59, 60, 61, 62, 63, 64, 65, 66, 67, 68, 69, 70, 71]","[0, 1, 2, 3, 4, 5, 6, 7, 8, 9, 10, 11, 12, 13, 14, 15, 16, 17, 18, 19, 20, 21, 22, 23, 24, 25, 26, 27, 28, 29, 30, 31, 32, 33, 34, 35, 36, 37, 38, 39, 40, 41, 42, 43, 44, 45, 46, 47, 48, 49, 50, 51, 52, 53, 54, 55, 56, 57, 58, 59, 60, 61, 62, 63, 64, 65, 66, 67, 68, 69, 70, 71]","[57, 55, 5, 36, 2, 3, 56, 0, 4, 1, 54, 9, 6, 11, 8, 10, 7, 15, 12, 17, 14, 16, 13, 28, 29, 53, 64, 52, 27, 24, 25, 26, 20, 65, 63, 35, 23, 61, 18, 38, 21, 22, 19, 40, 37, 39, 62, 34, 59, 41, 58, 60, 33, 30, 31, 32, 51, 66, 67, 68, 69, 70, 71, 44, 50, 49, 48, 43, 42, 46, 47, 45]","[57, 65, 56, 55, 5, 64, 2, 3, 0, 4, 1, 11, 8, 9, 6, 10, 7, 15, 12, 17, 14, 16, 13, 28, 25, 54, 53, 52, 27, 24, 29, 26, 20, 35, 23, 18, 38, 21, 22, 19, 40, 30, 58, 33, 59, 60, 41, 39, 34, 32, 63, 62, 61, 37, 31, 66, 67, 68, 69, 70, 71, 47, 36, 44, 50, 51, 49, 48, 43, 42, 45, 46]",575,575,15877,28345,NOT_IMPLEMENTED,NOT_IMPLEMENTED,NOT_IMPLEMENTED,NOT_IMPLEMENTED,NOT_IMPLEMENTED,NOT_IMPLEMENTED,NOT_IMPLEMENTED,1040.0,11,94.54545454545453,-4204.181818181818,,,,,1,1,563,15,,,,,,,,,,,,72,,,NOT_IMPLEMENTED,,false,32,"$TRIGGER:0.VAR',$TRIGGER:0.VAR,$PATTERN:0.SYS_CONSTRAINT.0.S_responds_to_P_globally.state,$PATTERN:0.SYS_CONSTRAINT.0.S_responds_to_P_globally.state',robotY,robotY',robotX,robotX'","targetAY,targetAY',targetCY,targetCY',targetBX,targetBX',isCBlocked,isCBlocked',isBBlocked,isBBlocked',isABlocked,isABlocked',$PATTERN:1.ENV_CONSTRAINT.1.S_responds_to_P_globally.state,$PATTERN:1.ENV_CONSTRAINT.1.S_responds_to_P_globally.state',targetBY,targetBY',targetAX,targetAX',MObstacleX,MObstacleX',$PATTERN:2.ENV_CONSTRAINT.2.S_responds_to_P_globally.state,$PATTERN:2.ENV_CONSTRAINT.2.S_responds_to_P_globally.state',targetCX,targetCX'",0,,,,,,1,5,,,18329691488256,281474976710656000000,0,11252513884962826485760,3014597000571125760,1152921504606846976000,CUDD,"Using BDD Package: CUDDFactory, Version: CUDD 3.0","import ""DwyerPatternsNew.spectra""",S_responds_to_P_globally,3,1,false,false,[],[],,null
1670057023,FINAL,1670057023.spectra,0,WELL_SEPARATION,NOT_STRONG,"TEMP: false, SORT_AFTERWARDS: false, GROUP_OPTION: NO_GROUPING, INCREMENTAL_ADDITION: NO_INCREMENTAL, USE_RABIN: false, GROUP_AUX: GROUP_PAIR, STATIC_ORDER: REVERSE_CUTHILL, ROY_SIFT_MARKER: false, MAKE_LAST: false, MEMORYLESS: true, REORDER_METHOD: SIFT, NEW_PATTERN: true, INCREMENTAL_JUSTICES: INCREMENTAL_GRAPH, REDUCED_ALGORITHM: TRUE, PARALLEL: false, ORIGINAL: false, BUCHI_INTERSECTION: false, NEW_TRIGGER: true, PARTITIONED: SINGLE_FUNC, VERIFICATION: false, CREATE_GRAPH: false",1859,94,375,-1,1391,3719,"[0, 1, 2, 3, 4, 5, 6, 7, 8, 9, 10, 11, 12, 13, 14, 15, 16, 17, 18, 19, 20, 21, 22, 23, 24, 25, 26, 27, 28, 29, 30, 31, 32, 33, 34, 35, 36, 37, 38, 39, 40, 41, 42, 43, 44, 45, 46, 47, 48, 49, 50, 51, 52, 53, 54, 55, 56, 57, 58, 59, 60, 61, 62, 63, 64, 65, 66, 67, 68, 69]","[61, 62, 63, 55, 56, 57, 64, 65, 48, 49, 50, 51, 45, 46, 47, 66, 67, 68, 69, 41, 40, 39, 38, 42, 43, 44, 58, 59, 60, 52, 53, 54, 37, 36, 24, 25, 26, 32, 30, 31, 12, 13, 14, 18, 19, 20, 0, 1, 2, 6, 7, 8, 33, 34, 35, 27, 28, 29, 21, 22, 23, 16, 17, 15, 9, 10, 11, 3, 4, 5]","[64, 65, 51, 50, 49, 48, 40, 44, 43, 42, 46, 61, 62, 45, 47, 32, 35, 31, 34, 30, 33, 27, 24, 26, 29, 25, 28, 3, 0, 2, 5, 17, 14, 16, 13, 63, 57, 56, 55, 54, 53, 52, 4, 15, 12, 1, 59, 21, 6, 36, 58, 41, 37, 39, 60, 22, 7, 8, 23, 18, 38, 19, 20, 9, 10, 11, 68, 69, 67, 66]","[68, 69, 66, 67, 64, 65, 44, 50, 51, 49, 48, 61, 62, 63, 43, 36, 42, 46, 45, 47, 56, 55, 57, 32, 35, 31, 34, 30, 33, 27, 24, 26, 29, 25, 40, 28, 5, 4, 0, 59, 58, 60, 21, 54, 52, 41, 53, 37, 16, 39, 12, 3, 9, 22, 15, 1, 13, 14, 17, 2, 7, 6, 8, 23, 38, 19, 18, 20, 11, 10]",488,553,13521,29225,NOT_IMPLEMENTED,NOT_IMPLEMENTED,NOT_IMPLEMENTED,NOT_IMPLEMENTED,NOT_IMPLEMENTED,NOT_IMPLEMENTED,NOT_IMPLEMENTED,1405.0,13,108.07692307692307,-5749.6923076923085,,,,,1,1,1094,0,,,,,,,,,,,,70,,,NOT_IMPLEMENTED,,false,32,"robotY,robotY',$TRIGGER:0.VAR',$TRIGGER:0.VAR,$PATTERN:0.SYS_CONSTRAINT.0.S_responds_to_P_globally.state,$PATTERN:0.SYS_CONSTRAINT.0.S_responds_to_P_globally.state',robotX,robotX'","$PATTERN:2.ENV_CONSTRAINT.2.S_responds_to_P_globally.state,$PATTERN:2.ENV_CONSTRAINT.2.S_responds_to_P_globally.state',targetCX,targetCX',targetAY,targetAY',targetCY,targetCY',isABlocked,isABlocked',isBBlocked,isBBlocked',targetBX,targetBX',isCBlocked,isCBlocked',$PATTERN:1.ENV_CONSTRAINT.1.S_responds_to_P_globally.state,$PATTERN:1.ENV_CONSTRAINT.1.S_responds_to_P_globally.state',targetBY,targetBY',MObstacleX,MObstacleX',targetAX,targetAX'",0,,,,,,1,5,,,4582422872064,180143985094819840000,0,2813128471240706621440,753649250142781440,461168601842738790400,CUDD,"Using BDD Package: CUDDFactory, Version: CUDD 3.0","import ""DwyerPatternsNewReduced.spectra""",S_responds_to_P_globally,3,1,false,false,[],[REMOVED_HOLE],,null
1670057023,NOTHING,1670057023.spectra,0,WELL_SEPARATION,NOT_STRONG,"TEMP: false, SORT_AFTERWARDS: false, GROUP_OPTION: NO_GROUPING, INCREMENTAL_ADDITION: NO_INCREMENTAL, USE_RABIN: false, GROUP_AUX: NO_GROUPING, STATIC_ORDER: NO_STATIC_ORDERING, ROY_SIFT_MARKER: false, MAKE_LAST: false, MEMORYLESS: false, REORDER_METHOD: SIFT, NEW_PATTERN: false, INCREMENTAL_JUSTICES: NO_INCREMENTAL, REDUCED_ALGORITHM: FALSE, PARALLEL: false, ORIGINAL: false, BUCHI_INTERSECTION: false, NEW_TRIGGER: false, PARTITIONED: SINGLE_FUNC, VERIFICATION: true, CREATE_GRAPH: false",1828,0,532,-1,890,3250,"[0, 1, 2, 3, 4, 5, 6, 7, 8, 9, 10, 11, 12, 13, 14, 15, 16, 17, 18, 19, 20, 21, 22, 23, 24, 25, 26, 27, 28, 29, 30, 31, 32, 33, 34, 35, 36, 37, 38, 39, 40, 41, 42, 43, 44, 45, 46, 47, 48, 49, 50, 51, 52, 53, 54, 55, 56, 57, 58, 59, 60, 61, 62, 63, 64, 65, 66, 67, 68, 69, 70, 71]","[0, 1, 2, 3, 4, 5, 6, 7, 8, 9, 10, 11, 12, 13, 14, 15, 16, 17, 18, 19, 20, 21, 22, 23, 24, 25, 26, 27, 28, 29, 30, 31, 32, 33, 34, 35, 36, 37, 38, 39, 40, 41, 42, 43, 44, 45, 46, 47, 48, 49, 50, 51, 52, 53, 54, 55, 56, 57, 58, 59, 60, 61, 62, 63, 64, 65, 66, 67, 68, 69, 70, 71]","[57, 55, 5, 36, 2, 3, 56, 0, 4, 1, 11, 8, 9, 6, 7, 15, 12, 17, 14, 16, 13, 10, 27, 54, 53, 52, 28, 24, 25, 26, 29, 65, 64, 62, 61, 20, 18, 38, 21, 19, 40, 22, 37, 39, 23, 63, 34, 59, 41, 58, 60, 33, 35, 30, 31, 32, 51, 66, 67, 68, 69, 70, 71, 44, 50, 49, 48, 43, 42, 46, 47, 45]","[57, 65, 56, 55, 5, 64, 2, 3, 0, 4, 1, 11, 8, 9, 6, 10, 7, 15, 12, 17, 14, 16, 13, 27, 24, 54, 52, 53, 28, 25, 29, 26, 23, 20, 18, 38, 21, 22, 19, 40, 35, 31, 59, 34, 58, 60, 41, 39, 33, 32, 62, 61, 63, 37, 30, 66, 67, 68, 69, 70, 71, 47, 36, 44, 50, 51, 49, 48, 43, 42, 45, 46]",583,583,15047,28537,NOT_IMPLEMENTED,NOT_IMPLEMENTED,NOT_IMPLEMENTED,NOT_IMPLEMENTED,NOT_IMPLEMENTED,NOT_IMPLEMENTED,NOT_IMPLEMENTED,1071.0,11,97.36363636363636,-3984.272727272727,,,,,1,1,594,16,,,,,,,,,,,,72,,,NOT_IMPLEMENTED,,false,32,"robotX,robotX',robotY,robotY',$TRIGGER:0.VAR',$PATTERN:0.SYS_CONSTRAINT.0.S_responds_to_P_globally.state,$PATTERN:0.SYS_CONSTRAINT.0.S_responds_to_P_globally.state',$TRIGGER:0.VAR","$PATTERN:1.ENV_CONSTRAINT.1.S_responds_to_P_globally.state,$PATTERN:1.ENV_CONSTRAINT.1.S_responds_to_P_globally.state',targetCY,targetCY',targetBX,targetBX',$PATTERN:2.ENV_CONSTRAINT.2.S_responds_to_P_globally.state,$PATTERN:2.ENV_CONSTRAINT.2.S_responds_to_P_globally.state',targetAY,targetAY',isABlocked,isABlocked',targetCX,targetCX',isCBlocked,isCBlocked',targetAX,targetAX',isBBlocked,isBBlocked',MObstacleX,MObstacleX',targetBY,targetBY'",0,,,,,,1,5,,,18329691488256,281474976710656000000,0,11252513884962826485760,3014597000571125760,1152921504606846976000,CUDD,"Using BDD Package: CUDDFactory, Version: CUDD 3.0","import ""DwyerPatternsNew.spectra""",S_responds_to_P_globally,3,1,false,false,[],[],,null
1670057023,FINAL,1670057023.spectra,0,WELL_SEPARATION,NOT_STRONG,"TEMP: false, SORT_AFTERWARDS: false, GROUP_OPTION: NO_GROUPING, INCREMENTAL_ADDITION: NO_INCREMENTAL, USE_RABIN: false, GROUP_AUX: GROUP_PAIR, STATIC_ORDER: REVERSE_CUTHILL, ROY_SIFT_MARKER: false, MAKE_LAST: false, MEMORYLESS: true, REORDER_METHOD: SIFT, NEW_PATTERN: true, INCREMENTAL_JUSTICES: INCREMENTAL_GRAPH, REDUCED_ALGORITHM: TRUE, PARALLEL: false, ORIGINAL: false, BUCHI_INTERSECTION: false, NEW_TRIGGER: true, PARTITIONED: SINGLE_FUNC, VERIFICATION: false, CREATE_GRAPH: false",1860,109,375,-1,1406,3750,"[0, 1, 2, 3, 4, 5, 6, 7, 8, 9, 10, 11, 12, 13, 14, 15, 16, 17, 18, 19, 20, 21, 22, 23, 24, 25, 26, 27, 28, 29, 30, 31, 32, 33, 34, 35, 36, 37, 38, 39, 40, 41, 42, 43, 44, 45, 46, 47, 48, 49, 50, 51, 52, 53, 54, 55, 56, 57, 58, 59, 60, 61, 62, 63, 64, 65, 66, 67, 68, 69]","[61, 62, 63, 55, 56, 57, 64, 65, 48, 49, 50, 51, 45, 46, 47, 66, 67, 68, 69, 41, 40, 39, 38, 42, 43, 44, 58, 59, 60, 52, 53, 54, 37, 36, 24, 25, 26, 32, 30, 31, 12, 13, 14, 18, 19, 20, 0, 1, 2, 6, 7, 8, 33, 34, 35, 27, 28, 29, 21, 22, 23, 16, 17, 15, 9, 10, 11, 3, 4, 5]","[64, 65, 51, 50, 49, 48, 40, 44, 43, 42, 46, 61, 62, 45, 47, 32, 35, 31, 34, 30, 33, 27, 24, 26, 29, 25, 28, 3, 0, 2, 5, 17, 14, 16, 13, 63, 57, 56, 55, 54, 53, 52, 4, 15, 12, 1, 59, 21, 6, 36, 58, 41, 37, 39, 60, 22, 7, 8, 23, 18, 38, 19, 20, 9, 10, 11, 68, 69, 67, 66]","[68, 69, 66, 67, 64, 65, 44, 50, 51, 49, 48, 61, 62, 63, 43, 36, 42, 46, 45, 47, 56, 55, 57, 32, 35, 31, 34, 30, 33, 27, 24, 26, 29, 25, 40, 28, 5, 4, 0, 59, 58, 60, 21, 54, 52, 41, 53, 37, 16, 39, 12, 3, 9, 22, 15, 1, 13, 14, 17, 2, 7, 6, 8, 23, 38, 19, 18, 20, 11, 10]",488,553,13521,29225,NOT_IMPLEMENTED,NOT_IMPLEMENTED,NOT_IMPLEMENTED,NOT_IMPLEMENTED,NOT_IMPLEMENTED,NOT_IMPLEMENTED,NOT_IMPLEMENTED,1406.0,13,108.15384615384613,-5749.6923076923085,,,,,1,1,1093,16,,,,,,,,,,,,70,,,NOT_IMPLEMENTED,,false,32,"robotY,robotY',$TRIGGER:0.VAR',$TRIGGER:0.VAR,$PATTERN:0.SYS_CONSTRAINT.0.S_responds_to_P_globally.state,$PATTERN:0.SYS_CONSTRAINT.0.S_responds_to_P_globally.state',robotX,robotX'","$PATTERN:2.ENV_CONSTRAINT.2.S_responds_to_P_globally.state,$PATTERN:2.ENV_CONSTRAINT.2.S_responds_to_P_globally.state',targetCX,targetCX',targetAY,targetAY',targetCY,targetCY',isABlocked,isABlocked',isBBlocked,isBBlocked',targetBX,targetBX',isCBlocked,isCBlocked',$PATTERN:1.ENV_CONSTRAINT.1.S_responds_to_P_globally.state,$PATTERN:1.ENV_CONSTRAINT.1.S_responds_to_P_globally.state',targetBY,targetBY',MObstacleX,MObstacleX',targetAX,targetAX'",0,,,,,,1,5,,,4582422872064,180143985094819840000,0,2813128471240706621440,753649250142781440,461168601842738790400,CUDD,"Using BDD Package: CUDDFactory, Version: CUDD 3.0","import ""DwyerPatternsNewReduced.spectra""",S_responds_to_P_globally,3,1,false,false,[],[REMOVED_HOLE],,null
1670057023,NOTHING,1670057023.spectra,0,WELL_SEPARATION,NOT_STRONG,"TEMP: false, SORT_AFTERWARDS: false, GROUP_OPTION: NO_GROUPING, INCREMENTAL_ADDITION: NO_INCREMENTAL, USE_RABIN: false, GROUP_AUX: NO_GROUPING, STATIC_ORDER: NO_STATIC_ORDERING, ROY_SIFT_MARKER: false, MAKE_LAST: false, MEMORYLESS: false, REORDER_METHOD: SIFT, NEW_PATTERN: false, INCREMENTAL_JUSTICES: NO_INCREMENTAL, REDUCED_ALGORITHM: FALSE, PARALLEL: false, ORIGINAL: false, BUCHI_INTERSECTION: false, NEW_TRIGGER: false, PARTITIONED: SINGLE_FUNC, VERIFICATION: true, CREATE_GRAPH: false",1844,15,532,-1,828,3219,"[0, 1, 2, 3, 4, 5, 6, 7, 8, 9, 10, 11, 12, 13, 14, 15, 16, 17, 18, 19, 20, 21, 22, 23, 24, 25, 26, 27, 28, 29, 30, 31, 32, 33, 34, 35, 36, 37, 38, 39, 40, 41, 42, 43, 44, 45, 46, 47, 48, 49, 50, 51, 52, 53, 54, 55, 56, 57, 58, 59, 60, 61, 62, 63, 64, 65, 66, 67, 68, 69, 70, 71]","[0, 1, 2, 3, 4, 5, 6, 7, 8, 9, 10, 11, 12, 13, 14, 15, 16, 17, 18, 19, 20, 21, 22, 23, 24, 25, 26, 27, 28, 29, 30, 31, 32, 33, 34, 35, 36, 37, 38, 39, 40, 41, 42, 43, 44, 45, 46, 47, 48, 49, 50, 51, 52, 53, 54, 55, 56, 57, 58, 59, 60, 61, 62, 63, 64, 65, 66, 67, 68, 69, 70, 71]","[57, 55, 5, 36, 2, 3, 56, 0, 4, 1, 54, 9, 6, 11, 8, 10, 7, 15, 12, 17, 14, 16, 13, 28, 53, 64, 52, 27, 24, 25, 26, 29, 65, 61, 20, 18, 38, 21, 62, 19, 40, 22, 23, 37, 39, 63, 34, 59, 41, 58, 60, 33, 35, 30, 31, 32, 51, 66, 67, 68, 69, 70, 71, 44, 50, 49, 48, 43, 42, 46, 47, 45]","[57, 65, 56, 55, 5, 64, 2, 3, 0, 4, 1, 11, 8, 9, 6, 10, 7, 15, 12, 17, 14, 16, 13, 28, 25, 54, 53, 52, 27, 24, 29, 26, 23, 20, 18, 38, 21, 22, 19, 40, 35, 31, 59, 34, 58, 60, 41, 39, 33, 32, 62, 61, 63, 37, 30, 66, 67, 68, 69, 70, 71, 47, 36, 44, 50, 51, 49, 48, 43, 42, 45, 46]",578,578,15467,28532,NOT_IMPLEMENTED,NOT_IMPLEMENTED,NOT_IMPLEMENTED,NOT_IMPLEMENTED,NOT_IMPLEMENTED,NOT_IMPLEMENTED,NOT_IMPLEMENTED,1047.0,11,95.18181818181819,-4134.636363636364,,,,,1,1,563,15,,,,,,,,,,,,72,,,NOT_IMPLEMENTED,,false,32,"robotX,robotX',robotY,robotY',$TRIGGER:0.VAR',$PATTERN:0.SYS_CONSTRAINT.0.S_responds_to_P_globally.state,$PATTERN:0.SYS_CONSTRAINT.0.S_responds_to_P_globally.state',$TRIGGER:0.VAR","$PATTERN:1.ENV_CONSTRAINT.1.S_responds_to_P_globally.state,$PATTERN:1.ENV_CONSTRAINT.1.S_responds_to_P_globally.state',targetCY,targetCY',targetBX,targetBX',$PATTERN:2.ENV_CONSTRAINT.2.S_responds_to_P_globally.state,$PATTERN:2.ENV_CONSTRAINT.2.S_responds_to_P_globally.state',targetAY,targetAY',isABlocked,isABlocked',targetCX,targetCX',isCBlocked,isCBlocked',targetAX,targetAX',isBBlocked,isBBlocked',MObstacleX,MObstacleX',targetBY,targetBY'",0,,,,,,1,5,,,18329691488256,281474976710656000000,0,11252513884962826485760,3014597000571125760,1152921504606846976000,CUDD,"Using BDD Package: CUDDFactory, Version: CUDD 3.0","import ""DwyerPatternsNew.spectra""",S_responds_to_P_globally,3,1,false,false,[],[],,null
1670057023,FINAL,1670057023.spectra,0,WELL_SEPARATION,NOT_STRONG,"TEMP: false, SORT_AFTERWARDS: false, GROUP_OPTION: NO_GROUPING, INCREMENTAL_ADDITION: NO_INCREMENTAL, USE_RABIN: false, GROUP_AUX: GROUP_PAIR, STATIC_ORDER: REVERSE_CUTHILL, ROY_SIFT_MARKER: false, MAKE_LAST: false, MEMORYLESS: true, REORDER_METHOD: SIFT, NEW_PATTERN: true, INCREMENTAL_JUSTICES: INCREMENTAL_GRAPH, REDUCED_ALGORITHM: TRUE, PARALLEL: false, ORIGINAL: false, BUCHI_INTERSECTION: false, NEW_TRIGGER: true, PARTITIONED: SINGLE_FUNC, VERIFICATION: false, CREATE_GRAPH: false",1813,109,375,-1,828,3125,"[0, 1, 2, 3, 4, 5, 6, 7, 8, 9, 10, 11, 12, 13, 14, 15, 16, 17, 18, 19, 20, 21, 22, 23, 24, 25, 26, 27, 28, 29, 30, 31, 32, 33, 34, 35, 36, 37, 38, 39, 40, 41, 42, 43, 44, 45, 46, 47, 48, 49, 50, 51, 52, 53, 54, 55, 56, 57, 58, 59, 60, 61, 62, 63, 64, 65, 66, 67, 68, 69]","[61, 62, 63, 55, 56, 57, 64, 65, 48, 49, 50, 51, 45, 46, 47, 66, 67, 68, 69, 41, 40, 39, 38, 42, 43, 44, 58, 59, 60, 52, 53, 54, 37, 36, 24, 25, 26, 32, 30, 31, 12, 13, 14, 18, 19, 20, 0, 1, 2, 6, 7, 8, 33, 34, 35, 27, 28, 29, 21, 22, 23, 16, 17, 15, 9, 10, 11, 3, 4, 5]","[64, 65, 51, 50, 49, 48, 40, 44, 43, 42, 46, 61, 62, 63, 57, 45, 47, 32, 35, 31, 34, 30, 33, 27, 24, 26, 29, 25, 28, 4, 1, 5, 2, 0, 3, 13, 16, 14, 17, 55, 56, 54, 53, 52, 15, 12, 21, 6, 36, 58, 59, 41, 37, 39, 60, 22, 7, 8, 23, 18, 38, 19, 20, 9, 11, 10, 68, 69, 67, 66]","[68, 69, 67, 66, 64, 65, 51, 50, 49, 48, 44, 61, 62, 63, 43, 42, 46, 45, 47, 56, 55, 57, 32, 35, 31, 34, 30, 33, 40, 24, 27, 26, 29, 25, 28, 1, 4, 0, 3, 13, 16, 12, 38, 15, 54, 53, 52, 39, 60, 59, 41, 58, 37, 14, 2, 36, 6, 21, 17, 5, 22, 18, 7, 23, 19, 20, 8, 9, 10, 11]",490,556,13223,29325,NOT_IMPLEMENTED,NOT_IMPLEMENTED,NOT_IMPLEMENTED,NOT_IMPLEMENTED,NOT_IMPLEMENTED,NOT_IMPLEMENTED,NOT_IMPLEMENTED,963.0,12,80.25,-3076.833333333333,,,,,1,1,531,0,,,,,,,,,,,,70,,,NOT_IMPLEMENTED,,false,32,"$PATTERN:0.SYS_CONSTRAINT.0.S_responds_to_P_globally.state,$PATTERN:0.SYS_CONSTRAINT.0.S_responds_to_P_globally.state',$TRIGGER:0.VAR,robotY,robotY',$TRIGGER:0.VAR',robotX,robotX'","isABlocked,isABlocked',isBBlocked,isBBlocked',targetAX,targetAX',targetCX,targetCX',$PATTERN:1.ENV_CONSTRAINT.1.S_responds_to_P_globally.state,$PATTERN:1.ENV_CONSTRAINT.1.S_responds_to_P_globally.state',targetBY,targetBY',targetBX,targetBX',targetCY,targetCY',MObstacleX,MObstacleX',targetAY,targetAY',$PATTERN:2.ENV_CONSTRAINT.2.S_responds_to_P_globally.state,$PATTERN:2.ENV_CONSTRAINT.2.S_responds_to_P_globally.state',isCBlocked,isCBlocked'",0,,,,,,1,5,,,4582422872064,180143985094819840000,0,2813128471240706621440,753649250142781440,461168601842738790400,CUDD,"Using BDD Package: CUDDFactory, Version: CUDD 3.0","import ""DwyerPatternsNewReduced.spectra""",S_responds_to_P_globally,3,1,false,false,[],[REMOVED_HOLE],,null
1669965418,NOTHING,1669965418.spectra,0,WELL_SEPARATION,NOT_STRONG,"TEMP: false, SORT_AFTERWARDS: false, GROUP_OPTION: NO_GROUPING, INCREMENTAL_ADDITION: NO_INCREMENTAL, USE_RABIN: false, GROUP_AUX: NO_GROUPING, STATIC_ORDER: NO_STATIC_ORDERING, ROY_SIFT_MARKER: false, MAKE_LAST: false, MEMORYLESS: false, REORDER_METHOD: SIFT, NEW_PATTERN: false, INCREMENTAL_JUSTICES: NO_INCREMENTAL, REDUCED_ALGORITHM: FALSE, PARALLEL: false, ORIGINAL: false, BUCHI_INTERSECTION: false, NEW_TRIGGER: false, PARTITIONED: SINGLE_FUNC, VERIFICATION: true, CREATE_GRAPH: false",1804,0,451,-1,1594,3849,"[0, 1, 2, 3, 4, 5, 6, 7, 8, 9, 10, 11, 12, 13, 14, 15, 16, 17, 18, 19, 20, 21, 22, 23, 24, 25, 26, 27, 28, 29, 30, 31, 32, 33, 34, 35, 36, 37, 38, 39, 40, 41, 42, 43, 44, 45, 46, 47, 48, 49, 50, 51, 52, 53, 54, 55, 56, 57, 58, 59, 60, 61, 62, 63, 64, 65, 66, 67, 68, 69]","[0, 1, 2, 3, 4, 5, 6, 7, 8, 9, 10, 11, 12, 13, 14, 15, 16, 17, 18, 19, 20, 21, 22, 23, 24, 25, 26, 27, 28, 29, 30, 31, 32, 33, 34, 35, 36, 37, 38, 39, 40, 41, 42, 43, 44, 45, 46, 47, 48, 49, 50, 51, 52, 53, 54, 55, 56, 57, 58, 59, 60, 61, 62, 63, 64, 65, 66, 67, 68, 69]","[40, 38, 5, 36, 2, 0, 3, 1, 4, 15, 12, 14, 17, 13, 16, 24, 27, 26, 29, 28, 25, 58, 59, 60, 11, 8, 9, 6, 7, 62, 61, 63, 69, 68, 67, 10, 20, 23, 18, 21, 22, 19, 37, 39, 30, 64, 31, 65, 41, 34, 32, 33, 35, 66, 57, 44, 56, 55, 54, 42, 45, 46, 43, 47, 49, 50, 48, 53, 52, 51]","[5, 40, 38, 36, 2, 3, 0, 4, 1, 15, 12, 17, 14, 16, 13, 24, 27, 29, 26, 28, 25, 59, 58, 60, 11, 8, 9, 6, 7, 10, 62, 61, 63, 69, 68, 67, 37, 18, 19, 30, 31, 66, 65, 41, 39, 64, 34, 32, 22, 33, 35, 20, 21, 23, 45, 42, 46, 43, 47, 44, 57, 56, 54, 55, 50, 49, 48, 52, 51, 53]",314,314,12758,36710,NOT_IMPLEMENTED,NOT_IMPLEMENTED,NOT_IMPLEMENTED,NOT_IMPLEMENTED,NOT_IMPLEMENTED,NOT_IMPLEMENTED,NOT_IMPLEMENTED,1221.0,11,111.0,-2916.818181818182,,,,,1,1,1214,0,,,,,,,,,,,,70,,,NOT_IMPLEMENTED,,false,30,"robotX,robotX',robotY,robotY'","targetCY,targetCY',targetAY,targetAY',isABlocked,isABlocked',targetCX,targetCX',$PATTERN:0.ENV_CONSTRAINT.0.S_responds_to_P_globally.state,$PATTERN:0.ENV_CONSTRAINT.0.S_responds_to_P_globally.state',isBBlocked,isBBlocked',isCBlocked,isCBlocked',MObstacleX,MObstacleX',targetAX,targetAX',targetBY,targetBY',MObstacleY,MObstacleY',$PATTERN:1.ENV_CONSTRAINT.1.S_responds_to_P_globally.state,$PATTERN:1.ENV_CONSTRAINT.1.S_responds_to_P_globally.state',targetBX,targetBX'",0,,,,,,1,8,,,420753899520,180143985094819840000,0,6475960091376659464192,15041319067975680,461168601842738790400,CUDD,"Using BDD Package: CUDDFactory, Version: CUDD 3.0","import ""DwyerPatternsNew.spectra""",S_responds_to_P_globally,2,0,false,false,[],[],,null
1669965418,FINAL,1669965418.spectra,0,WELL_SEPARATION,NOT_STRONG,"TEMP: false, SORT_AFTERWARDS: false, GROUP_OPTION: NO_GROUPING, INCREMENTAL_ADDITION: NO_INCREMENTAL, USE_RABIN: false, GROUP_AUX: GROUP_PAIR, STATIC_ORDER: REVERSE_CUTHILL, ROY_SIFT_MARKER: false, MAKE_LAST: false, MEMORYLESS: true, REORDER_METHOD: SIFT, NEW_PATTERN: true, INCREMENTAL_JUSTICES: INCREMENTAL_GRAPH, REDUCED_ALGORITHM: TRUE, PARALLEL: false, ORIGINAL: false, BUCHI_INTERSECTION: false, NEW_TRIGGER: true, PARTITIONED: SINGLE_FUNC, VERIFICATION: false, CREATE_GRAPH: false",1778,108,225,-1,699,2810,"[0, 1, 2, 3, 4, 5, 6, 7, 8, 9, 10, 11, 12, 13, 14, 15, 16, 17, 18, 19, 20, 21, 22, 23, 24, 25, 26, 27, 28, 29, 30, 31, 32, 33, 34, 35, 36, 37, 38, 39, 40, 41, 42, 43, 44, 45, 46, 47, 48, 49, 50, 51, 52, 53, 54, 55, 56, 57, 58, 59, 60, 61, 62, 63, 64, 65, 66, 67, 68, 69]","[67, 68, 69, 61, 62, 63, 51, 52, 53, 40, 38, 48, 49, 50, 54, 55, 56, 57, 45, 46, 47, 41, 37, 64, 65, 66, 58, 59, 60, 39, 42, 43, 44, 36, 32, 30, 31, 24, 25, 26, 6, 7, 8, 0, 1, 2, 18, 19, 20, 12, 13, 14, 33, 34, 35, 27, 28, 29, 9, 10, 11, 3, 4, 5, 21, 22, 23, 16, 17, 15]","[51, 52, 53, 57, 56, 55, 54, 36, 44, 43, 42, 46, 45, 47, 50, 67, 68, 69, 63, 49, 48, 66, 64, 65, 35, 38, 40, 32, 30, 33, 34, 31, 6, 9, 11, 8, 10, 7, 22, 19, 23, 21, 20, 18, 4, 1, 0, 3, 5, 2, 39, 41, 62, 61, 60, 59, 58, 37, 12, 27, 13, 25, 24, 26, 28, 29, 14, 16, 15, 17]","[51, 52, 53, 57, 56, 55, 54, 36, 44, 43, 42, 46, 45, 47, 67, 68, 69, 61, 62, 63, 50, 48, 49, 66, 64, 65, 35, 40, 38, 32, 33, 30, 34, 31, 20, 23, 22, 6, 9, 11, 8, 19, 21, 10, 7, 18, 37, 4, 1, 3, 0, 2, 5, 60, 39, 58, 59, 41, 12, 24, 25, 13, 14, 15, 26, 28, 27, 29, 17, 16]",314,313,9633,27013,NOT_IMPLEMENTED,NOT_IMPLEMENTED,NOT_IMPLEMENTED,NOT_IMPLEMENTED,NOT_IMPLEMENTED,NOT_IMPLEMENTED,NOT_IMPLEMENTED,605.0,12,50.416666666666664,-1427.1666666666667,,,,,1,1,540,0,,,,,,,,,,,,70,,,NOT_IMPLEMENTED,,false,30,"robotY,robotY',robotX,robotX'","targetBY,targetBY',MObstacleX,MObstacleX',targetAX,targetAX',isBBlocked,isBBlocked',targetBX,targetBX',isCBlocked,isCBlocked',isABlocked,isABlocked',$PATTERN:1.ENV_CONSTRAINT.1.S_responds_to_P_globally.state,$PATTERN:1.ENV_CONSTRAINT.1.S_responds_to_P_globally.state',targetAY,targetAY',targetCY,targetCY',$PATTERN:0.ENV_CONSTRAINT.0.S_responds_to_P_globally.state,$PATTERN:0.ENV_CONSTRAINT.0.S_responds_to_P_globally.state',MObstacleY,MObstacleY',targetCX,targetCX'",0,,,,,,1,8,,,420753899520,180143985094819840000,0,6475960091376659464192,15041319067975680,461168601842738790400,CUDD,"Using BDD Package: CUDDFactory, Version: CUDD 3.0","import ""DwyerPatternsNewReduced.spectra""",S_responds_to_P_globally,2,0,false,false,[],[],,null
1669965418,NOTHING,1669965418.spectra,0,WELL_SEPARATION,NOT_STRONG,"TEMP: false, SORT_AFTERWARDS: false, GROUP_OPTION: NO_GROUPING, INCREMENTAL_ADDITION: NO_INCREMENTAL, USE_RABIN: false, GROUP_AUX: NO_GROUPING, STATIC_ORDER: NO_STATIC_ORDERING, ROY_SIFT_MARKER: false, MAKE_LAST: false, MEMORYLESS: false, REORDER_METHOD: SIFT, NEW_PATTERN: false, INCREMENTAL_JUSTICES: NO_INCREMENTAL, REDUCED_ALGORITHM: FALSE, PARALLEL: false, ORIGINAL: false, BUCHI_INTERSECTION: false, NEW_TRIGGER: false, PARTITIONED: SINGLE_FUNC, VERIFICATION: true, CREATE_GRAPH: false",1810,15,445,-1,1372,3642,"[0, 1, 2, 3, 4, 5, 6, 7, 8, 9, 10, 11, 12, 13, 14, 15, 16, 17, 18, 19, 20, 21, 22, 23, 24, 25, 26, 27, 28, 29, 30, 31, 32, 33, 34, 35, 36, 37, 38, 39, 40, 41, 42, 43, 44, 45, 46, 47, 48, 49, 50, 51, 52, 53, 54, 55, 56, 57, 58, 59, 60, 61, 62, 63, 64, 65, 66, 67, 68, 69]","[0, 1, 2, 3, 4, 5, 6, 7, 8, 9, 10, 11, 12, 13, 14, 15, 16, 17, 18, 19, 20, 21, 22, 23, 24, 25, 26, 27, 28, 29, 30, 31, 32, 33, 34, 35, 36, 37, 38, 39, 40, 41, 42, 43, 44, 45, 46, 47, 48, 49, 50, 51, 52, 53, 54, 55, 56, 57, 58, 59, 60, 61, 62, 63, 64, 65, 66, 67, 68, 69]","[40, 38, 5, 36, 2, 0, 3, 1, 4, 15, 12, 14, 17, 13, 16, 24, 27, 26, 29, 28, 25, 58, 59, 60, 11, 8, 9, 6, 7, 62, 61, 63, 69, 68, 67, 10, 20, 23, 18, 21, 22, 19, 37, 39, 30, 64, 31, 65, 41, 34, 32, 33, 35, 66, 57, 44, 56, 55, 54, 42, 45, 46, 43, 47, 49, 50, 48, 53, 52, 51]","[40, 5, 38, 2, 0, 3, 1, 4, 15, 12, 14, 17, 16, 13, 29, 27, 24, 28, 25, 59, 58, 60, 26, 11, 8, 9, 6, 7, 10, 62, 61, 63, 69, 68, 67, 18, 21, 19, 22, 20, 23, 37, 39, 30, 34, 41, 33, 31, 35, 32, 65, 64, 66, 45, 42, 46, 43, 47, 57, 56, 54, 55, 44, 36, 50, 49, 48, 53, 52, 51]",314,314,12758,36010,NOT_IMPLEMENTED,NOT_IMPLEMENTED,NOT_IMPLEMENTED,NOT_IMPLEMENTED,NOT_IMPLEMENTED,NOT_IMPLEMENTED,NOT_IMPLEMENTED,1188.0,11,108.0,-2819.727272727273,,,,,1,1,1007,5,,,,,,,,,,,,70,,,NOT_IMPLEMENTED,,false,30,"robotX,robotX',robotY,robotY'","targetCY,targetCY',targetAY,targetAY',isABlocked,isABlocked',targetCX,targetCX',$PATTERN:0.ENV_CONSTRAINT.0.S_responds_to_P_globally.state,$PATTERN:0.ENV_CONSTRAINT.0.S_responds_to_P_globally.state',isBBlocked,isBBlocked',isCBlocked,isCBlocked',MObstacleX,MObstacleX',targetAX,targetAX',targetBY,targetBY',MObstacleY,MObstacleY',$PATTERN:1.ENV_CONSTRAINT.1.S_responds_to_P_globally.state,$PATTERN:1.ENV_CONSTRAINT.1.S_responds_to_P_globally.state',targetBX,targetBX'",0,,,,,,1,8,,,420753899520,180143985094819840000,0,6475960091376659464192,15041319067975680,461168601842738790400,CUDD,"Using BDD Package: CUDDFactory, Version: CUDD 3.0","import ""DwyerPatternsNew.spectra""",S_responds_to_P_globally,2,0,false,false,[],[],,null
1669965418,FINAL,1669965418.spectra,0,WELL_SEPARATION,NOT_STRONG,"TEMP: false, SORT_AFTERWARDS: false, GROUP_OPTION: NO_GROUPING, INCREMENTAL_ADDITION: NO_INCREMENTAL, USE_RABIN: false, GROUP_AUX: GROUP_PAIR, STATIC_ORDER: REVERSE_CUTHILL, ROY_SIFT_MARKER: false, MAKE_LAST: false, MEMORYLESS: true, REORDER_METHOD: SIFT, NEW_PATTERN: true, INCREMENTAL_JUSTICES: INCREMENTAL_GRAPH, REDUCED_ALGORITHM: TRUE, PARALLEL: false, ORIGINAL: false, BUCHI_INTERSECTION: false, NEW_TRIGGER: true, PARTITIONED: SINGLE_FUNC, VERIFICATION: false, CREATE_GRAPH: false",1784,107,221,-1,678,2790,"[0, 1, 2, 3, 4, 5, 6, 7, 8, 9, 10, 11, 12, 13, 14, 15, 16, 17, 18, 19, 20, 21, 22, 23, 24, 25, 26, 27, 28, 29, 30, 31, 32, 33, 34, 35, 36, 37, 38, 39, 40, 41, 42, 43, 44, 45, 46, 47, 48, 49, 50, 51, 52, 53, 54, 55, 56, 57, 58, 59, 60, 61, 62, 63, 64, 65, 66, 67, 68, 69]","[67, 68, 69, 61, 62, 63, 51, 52, 53, 40, 38, 48, 49, 50, 54, 55, 56, 57, 45, 46, 47, 41, 37, 64, 65, 66, 58, 59, 60, 39, 42, 43, 44, 36, 32, 30, 31, 24, 25, 26, 6, 7, 8, 0, 1, 2, 18, 19, 20, 12, 13, 14, 33, 34, 35, 27, 28, 29, 9, 10, 11, 3, 4, 5, 21, 22, 23, 16, 17, 15]","[51, 52, 53, 57, 56, 55, 54, 36, 44, 43, 42, 46, 45, 47, 50, 67, 68, 69, 63, 49, 48, 66, 64, 65, 35, 38, 40, 32, 30, 33, 34, 31, 6, 9, 11, 8, 10, 7, 22, 19, 23, 21, 20, 18, 4, 1, 0, 3, 5, 2, 39, 41, 62, 61, 60, 59, 58, 37, 12, 27, 13, 25, 24, 26, 28, 29, 14, 16, 15, 17]","[51, 52, 53, 57, 56, 55, 54, 36, 44, 43, 42, 46, 45, 47, 67, 68, 69, 61, 62, 63, 50, 48, 49, 66, 64, 65, 35, 40, 38, 32, 33, 30, 34, 31, 20, 23, 22, 6, 9, 11, 8, 19, 21, 10, 7, 18, 37, 4, 1, 3, 0, 2, 5, 60, 39, 58, 59, 41, 12, 24, 25, 13, 14, 15, 26, 28, 27, 29, 17, 16]",314,313,9633,27013,NOT_IMPLEMENTED,NOT_IMPLEMENTED,NOT_IMPLEMENTED,NOT_IMPLEMENTED,NOT_IMPLEMENTED,NOT_IMPLEMENTED,NOT_IMPLEMENTED,611.0,12,50.91666666666666,-1427.1666666666667,,,,,1,1,522,0,,,,,,,,,,,,70,,,NOT_IMPLEMENTED,,false,30,"robotY,robotY',robotX,robotX'","targetBY,targetBY',MObstacleX,MObstacleX',targetAX,targetAX',isBBlocked,isBBlocked',targetBX,targetBX',isCBlocked,isCBlocked',isABlocked,isABlocked',$PATTERN:1.ENV_CONSTRAINT.1.S_responds_to_P_globally.state,$PATTERN:1.ENV_CONSTRAINT.1.S_responds_to_P_globally.state',targetAY,targetAY',targetCY,targetCY',$PATTERN:0.ENV_CONSTRAINT.0.S_responds_to_P_globally.state,$PATTERN:0.ENV_CONSTRAINT.0.S_responds_to_P_globally.state',MObstacleY,MObstacleY',targetCX,targetCX'",0,,,,,,1,8,,,420753899520,180143985094819840000,0,6475960091376659464192,15041319067975680,461168601842738790400,CUDD,"Using BDD Package: CUDDFactory, Version: CUDD 3.0","import ""DwyerPatternsNewReduced.spectra""",S_responds_to_P_globally,2,0,false,false,[],[],,null
1669965418,NOTHING,1669965418.spectra,0,WELL_SEPARATION,NOT_STRONG,"TEMP: false, SORT_AFTERWARDS: false, GROUP_OPTION: NO_GROUPING, INCREMENTAL_ADDITION: NO_INCREMENTAL, USE_RABIN: false, GROUP_AUX: NO_GROUPING, STATIC_ORDER: NO_STATIC_ORDERING, ROY_SIFT_MARKER: false, MAKE_LAST: false, MEMORYLESS: false, REORDER_METHOD: SIFT, NEW_PATTERN: false, INCREMENTAL_JUSTICES: NO_INCREMENTAL, REDUCED_ALGORITHM: FALSE, PARALLEL: false, ORIGINAL: false, BUCHI_INTERSECTION: false, NEW_TRIGGER: false, PARTITIONED: SINGLE_FUNC, VERIFICATION: true, CREATE_GRAPH: false",1800,19,438,-1,1383,3640,"[0, 1, 2, 3, 4, 5, 6, 7, 8, 9, 10, 11, 12, 13, 14, 15, 16, 17, 18, 19, 20, 21, 22, 23, 24, 25, 26, 27, 28, 29, 30, 31, 32, 33, 34, 35, 36, 37, 38, 39, 40, 41, 42, 43, 44, 45, 46, 47, 48, 49, 50, 51, 52, 53, 54, 55, 56, 57, 58, 59, 60, 61, 62, 63, 64, 65, 66, 67, 68, 69]","[0, 1, 2, 3, 4, 5, 6, 7, 8, 9, 10, 11, 12, 13, 14, 15, 16, 17, 18, 19, 20, 21, 22, 23, 24, 25, 26, 27, 28, 29, 30, 31, 32, 33, 34, 35, 36, 37, 38, 39, 40, 41, 42, 43, 44, 45, 46, 47, 48, 49, 50, 51, 52, 53, 54, 55, 56, 57, 58, 59, 60, 61, 62, 63, 64, 65, 66, 67, 68, 69]","[40, 38, 5, 36, 2, 0, 3, 1, 4, 15, 12, 14, 17, 13, 16, 24, 27, 26, 29, 28, 25, 58, 59, 60, 11, 8, 9, 6, 7, 62, 61, 63, 69, 68, 67, 10, 20, 23, 18, 21, 22, 19, 37, 39, 30, 64, 31, 65, 41, 34, 32, 33, 35, 66, 57, 44, 56, 55, 54, 42, 45, 46, 43, 47, 49, 50, 48, 53, 52, 51]","[40, 5, 38, 2, 0, 3, 1, 4, 15, 12, 14, 17, 16, 13, 29, 27, 24, 28, 25, 59, 58, 60, 26, 11, 8, 9, 6, 7, 10, 62, 61, 63, 69, 68, 67, 18, 21, 19, 22, 20, 23, 37, 39, 30, 34, 41, 33, 31, 35, 32, 65, 64, 66, 45, 42, 46, 43, 47, 57, 56, 54, 55, 44, 36, 50, 49, 48, 53, 52, 51]",314,314,12758,36010,NOT_IMPLEMENTED,NOT_IMPLEMENTED,NOT_IMPLEMENTED,NOT_IMPLEMENTED,NOT_IMPLEMENTED,NOT_IMPLEMENTED,NOT_IMPLEMENTED,1195.0,11,108.63636363636364,-2819.727272727273,,,,,1,1,1023,15,,,,,,,,,,,,70,,,NOT_IMPLEMENTED,,false,30,"robotY,robotY',robotX,robotX'","isCBlocked,isCBlocked',targetAX,targetAX',isABlocked,isABlocked',MObstacleY,MObstacleY',targetCX,targetCX',isBBlocked,isBBlocked',$PATTERN:0.ENV_CONSTRAINT.0.S_responds_to_P_globally.state,$PATTERN:0.ENV_CONSTRAINT.0.S_responds_to_P_globally.state',targetCY,targetCY',targetAY,targetAY',targetBX,targetBX',$PATTERN:1.ENV_CONSTRAINT.1.S_responds_to_P_globally.state,$PATTERN:1.ENV_CONSTRAINT.1.S_responds_to_P_globally.state',MObstacleX,MObstacleX',targetBY,targetBY'",0,,,,,,1,8,,,420753899520,180143985094819840000,0,6475960091376659464192,15041319067975680,461168601842738790400,CUDD,"Using BDD Package: CUDDFactory, Version: CUDD 3.0","import ""DwyerPatternsNew.spectra""",S_responds_to_P_globally,2,0,false,false,[],[],,null
1669965418,FINAL,1669965418.spectra,0,WELL_SEPARATION,NOT_STRONG,"TEMP: false, SORT_AFTERWARDS: false, GROUP_OPTION: NO_GROUPING, INCREMENTAL_ADDITION: NO_INCREMENTAL, USE_RABIN: false, GROUP_AUX: GROUP_PAIR, STATIC_ORDER: REVERSE_CUTHILL, ROY_SIFT_MARKER: false, MAKE_LAST: false, MEMORYLESS: true, REORDER_METHOD: SIFT, NEW_PATTERN: true, INCREMENTAL_JUSTICES: INCREMENTAL_GRAPH, REDUCED_ALGORITHM: TRUE, PARALLEL: false, ORIGINAL: false, BUCHI_INTERSECTION: false, NEW_TRIGGER: true, PARTITIONED: SINGLE_FUNC, VERIFICATION: false, CREATE_GRAPH: false",1761,95,238,-1,667,2761,"[0, 1, 2, 3, 4, 5, 6, 7, 8, 9, 10, 11, 12, 13, 14, 15, 16, 17, 18, 19, 20, 21, 22, 23, 24, 25, 26, 27, 28, 29, 30, 31, 32, 33, 34, 35, 36, 37, 38, 39, 40, 41, 42, 43, 44, 45, 46, 47, 48, 49, 50, 51, 52, 53, 54, 55, 56, 57, 58, 59, 60, 61, 62, 63, 64, 65, 66, 67, 68, 69]","[67, 68, 69, 61, 62, 63, 51, 52, 53, 40, 38, 48, 49, 50, 54, 55, 56, 57, 45, 46, 47, 41, 37, 64, 65, 66, 58, 59, 60, 39, 42, 43, 44, 36, 32, 30, 31, 24, 25, 26, 6, 7, 8, 0, 1, 2, 18, 19, 20, 12, 13, 14, 33, 34, 35, 27, 28, 29, 9, 10, 11, 3, 4, 5, 21, 22, 23, 16, 17, 15]","[51, 52, 53, 57, 56, 55, 54, 36, 44, 43, 42, 46, 45, 47, 50, 67, 68, 69, 63, 49, 48, 66, 64, 65, 35, 38, 40, 32, 30, 33, 34, 31, 6, 9, 11, 8, 10, 7, 22, 19, 23, 21, 20, 18, 4, 1, 0, 3, 5, 2, 39, 41, 62, 61, 60, 59, 58, 37, 12, 27, 13, 25, 24, 26, 28, 29, 14, 16, 15, 17]","[51, 52, 53, 57, 56, 55, 54, 36, 44, 43, 42, 46, 45, 47, 67, 68, 69, 61, 62, 63, 50, 48, 49, 66, 64, 65, 35, 40, 38, 32, 33, 30, 34, 31, 20, 23, 22, 6, 9, 11, 8, 19, 21, 10, 7, 18, 37, 4, 1, 3, 0, 2, 5, 60, 39, 58, 59, 41, 12, 24, 25, 13, 14, 15, 26, 28, 27, 29, 17, 16]",314,313,9633,27013,NOT_IMPLEMENTED,NOT_IMPLEMENTED,NOT_IMPLEMENTED,NOT_IMPLEMENTED,NOT_IMPLEMENTED,NOT_IMPLEMENTED,NOT_IMPLEMENTED,615.0,12,51.25,-1427.1666666666667,,,,,1,1,501,7,,,,,,,,,,,,70,,,NOT_IMPLEMENTED,,false,30,"robotX,robotX',robotY,robotY'","targetAY,targetAY',targetCY,targetCY',targetBX,targetBX',isBBlocked,isBBlocked',isCBlocked,isCBlocked',$PATTERN:1.ENV_CONSTRAINT.1.S_responds_to_P_globally.state,$PATTERN:1.ENV_CONSTRAINT.1.S_responds_to_P_globally.state',targetBY,targetBY',isABlocked,isABlocked',targetAX,targetAX',MObstacleX,MObstacleX',$PATTERN:0.ENV_CONSTRAINT.0.S_responds_to_P_globally.state,$PATTERN:0.ENV_CONSTRAINT.0.S_responds_to_P_globally.state',MObstacleY,MObstacleY',targetCX,targetCX'",0,,,,,,1,8,,,420753899520,180143985094819840000,0,6475960091376659464192,15041319067975680,461168601842738790400,CUDD,"Using BDD Package: CUDDFactory, Version: CUDD 3.0","import ""DwyerPatternsNewReduced.spectra""",S_responds_to_P_globally,2,0,false,false,[],[],,null
1669902814,NOTHING,1669902814.spectra,0,WELL_SEPARATION,NOT_STRONG,"TEMP: false, SORT_AFTERWARDS: false, GROUP_OPTION: NO_GROUPING, INCREMENTAL_ADDITION: NO_INCREMENTAL, USE_RABIN: false, GROUP_AUX: NO_GROUPING, STATIC_ORDER: NO_STATIC_ORDERING, ROY_SIFT_MARKER: false, MAKE_LAST: false, MEMORYLESS: false, REORDER_METHOD: SIFT, NEW_PATTERN: false, INCREMENTAL_JUSTICES: NO_INCREMENTAL, REDUCED_ALGORITHM: FALSE, PARALLEL: false, ORIGINAL: false, BUCHI_INTERSECTION: false, NEW_TRIGGER: false, PARTITIONED: SINGLE_FUNC, VERIFICATION: true, CREATE_GRAPH: false",1781,16,343,-1,641,2781,"[0, 1, 2, 3, 4, 5, 6, 7, 8, 9, 10, 11, 12, 13, 14, 15, 16, 17, 18, 19, 20, 21, 22, 23, 24, 25, 26, 27, 28, 29, 30, 31, 32, 33, 34, 35, 36, 37, 38, 39, 40, 41, 42, 43, 44, 45, 46, 47, 48, 49, 50, 51, 52, 53, 54, 55, 56, 57, 58, 59, 60, 61, 62, 63, 64, 65, 66, 67, 68, 69]","[0, 1, 2, 3, 4, 5, 6, 7, 8, 9, 10, 11, 12, 13, 14, 15, 16, 17, 18, 19, 20, 21, 22, 23, 24, 25, 26, 27, 28, 29, 30, 31, 32, 33, 34, 35, 36, 37, 38, 39, 40, 41, 42, 43, 44, 45, 46, 47, 48, 49, 50, 51, 52, 53, 54, 55, 56, 57, 58, 59, 60, 61, 62, 63, 64, 65, 66, 67, 68, 69]","[5, 2, 0, 3, 1, 4, 8, 11, 6, 9, 62, 61, 12, 15, 14, 17, 13, 16, 29, 26, 24, 27, 63, 60, 58, 59, 25, 28, 7, 10, 20, 23, 21, 18, 22, 19, 37, 69, 67, 68, 39, 30, 64, 31, 65, 41, 34, 32, 33, 35, 66, 57, 44, 56, 55, 54, 42, 45, 46, 43, 47, 36, 40, 38, 48, 49, 50, 53, 51, 52]","[40, 38, 63, 62, 61, 36, 2, 5, 3, 0, 1, 4, 8, 11, 6, 9, 15, 12, 14, 17, 13, 16, 29, 26, 27, 24, 60, 58, 59, 25, 28, 7, 10, 20, 23, 18, 21, 22, 19, 37, 39, 31, 65, 41, 64, 30, 33, 66, 32, 34, 35, 69, 67, 68, 57, 44, 56, 55, 54, 42, 45, 46, 47, 43, 48, 49, 50, 51, 52, 53]",314,314,12474,29523,NOT_IMPLEMENTED,NOT_IMPLEMENTED,NOT_IMPLEMENTED,NOT_IMPLEMENTED,NOT_IMPLEMENTED,NOT_IMPLEMENTED,NOT_IMPLEMENTED,791.0,10,79.1,-2308.0,,,,,1,1,94,0,,,,,,,,,,,,70,,,NOT_IMPLEMENTED,,false,30,"robotX,robotX',robotY,robotY'","$PATTERN:0.ENV_CONSTRAINT.0.S_responds_to_P_globally.state,$PATTERN:0.ENV_CONSTRAINT.0.S_responds_to_P_globally.state',targetCX,targetCX',targetBX,targetBX',targetCY,targetCY',isABlocked,isABlocked',MObstacleY,MObstacleY',isBBlocked,isBBlocked',targetAY,targetAY',isCBlocked,isCBlocked',MObstacleX,MObstacleX',$PATTERN:1.ENV_CONSTRAINT.1.S_responds_to_P_globally.state,$PATTERN:1.ENV_CONSTRAINT.1.S_responds_to_P_globally.state',targetAX,targetAX',targetBY,targetBY'",0,,,,,,1,5,,,420753899520,180143985094819840000,0,2951479051793528258560,15041319067975680,461168601842738790400,CUDD,"Using BDD Package: CUDDFactory, Version: CUDD 3.0","import ""DwyerPatternsNew.spectra""",S_responds_to_P_globally,2,0,false,false,[],[],,null
1669902814,FINAL,1669902814.spectra,0,WELL_SEPARATION,NOT_STRONG,"TEMP: false, SORT_AFTERWARDS: false, GROUP_OPTION: NO_GROUPING, INCREMENTAL_ADDITION: NO_INCREMENTAL, USE_RABIN: false, GROUP_AUX: GROUP_PAIR, STATIC_ORDER: REVERSE_CUTHILL, ROY_SIFT_MARKER: false, MAKE_LAST: false, MEMORYLESS: true, REORDER_METHOD: SIFT, NEW_PATTERN: true, INCREMENTAL_JUSTICES: INCREMENTAL_GRAPH, REDUCED_ALGORITHM: TRUE, PARALLEL: false, ORIGINAL: false, BUCHI_INTERSECTION: false, NEW_TRIGGER: true, PARTITIONED: SINGLE_FUNC, VERIFICATION: false, CREATE_GRAPH: false",1750,78,437,-1,2094,4375,"[0, 1, 2, 3, 4, 5, 6, 7, 8, 9, 10, 11, 12, 13, 14, 15, 16, 17, 18, 19, 20, 21, 22, 23, 24, 25, 26, 27, 28, 29, 30, 31, 32, 33, 34, 35, 36, 37, 38, 39, 40, 41, 42, 43, 44, 45, 46, 47, 48, 49, 50, 51, 52, 53, 54, 55, 56, 57, 58, 59, 60, 61, 62, 63, 64, 65, 66, 67, 68, 69]","[67, 68, 69, 61, 62, 63, 51, 52, 53, 40, 38, 36, 33, 34, 35, 27, 28, 29, 21, 22, 23, 16, 17, 15, 9, 10, 11, 3, 4, 5, 32, 30, 31, 24, 25, 26, 41, 18, 19, 20, 12, 13, 14, 39, 6, 7, 8, 0, 1, 2, 58, 59, 60, 37, 64, 65, 66, 48, 49, 50, 56, 57, 45, 46, 47, 42, 43, 44, 55, 54]","[51, 52, 67, 68, 53, 32, 35, 30, 33, 31, 34, 26, 29, 25, 28, 24, 27, 9, 6, 11, 8, 23, 20, 19, 22, 69, 66, 10, 7, 64, 18, 21, 65, 60, 58, 59, 37, 41, 39, 63, 61, 62, 0, 15, 1, 16, 3, 2, 13, 17, 12, 14, 4, 5, 49, 48, 50, 44, 56, 57, 55, 54, 47, 46, 45, 36, 38, 40, 43, 42]","[40, 38, 51, 52, 67, 68, 69, 53, 35, 36, 32, 33, 30, 34, 31, 29, 26, 28, 25, 27, 24, 6, 9, 11, 8, 20, 23, 19, 22, 7, 10, 18, 21, 66, 64, 65, 39, 37, 60, 59, 58, 41, 63, 62, 61, 15, 0, 4, 16, 12, 17, 13, 14, 1, 3, 5, 2, 50, 49, 48, 57, 56, 55, 54, 44, 47, 46, 45, 42, 43]",314,312,14648,63987,NOT_IMPLEMENTED,NOT_IMPLEMENTED,NOT_IMPLEMENTED,NOT_IMPLEMENTED,NOT_IMPLEMENTED,NOT_IMPLEMENTED,NOT_IMPLEMENTED,2018.0,14,144.14285714285717,-1939.4285714285713,,,,,1,1,1281,16,,,,,,,,,,,,70,,,NOT_IMPLEMENTED,,false,30,"robotY,robotY',robotX,robotX'","MObstacleX,MObstacleX',targetBX,targetBX',isABlocked,isABlocked',targetAX,targetAX',$PATTERN:1.ENV_CONSTRAINT.1.S_responds_to_P_globally.state,$PATTERN:1.ENV_CONSTRAINT.1.S_responds_to_P_globally.state',targetBY,targetBY',isCBlocked,isCBlocked',isBBlocked,isBBlocked',targetAY,targetAY',targetCY,targetCY',$PATTERN:0.ENV_CONSTRAINT.0.S_responds_to_P_globally.state,$PATTERN:0.ENV_CONSTRAINT.0.S_responds_to_P_globally.state',targetCX,targetCX',MObstacleY,MObstacleY'",0,,,,,,1,5,,,420753899520,180143985094819840000,0,2951479051793528258560,15041319067975680,461168601842738790400,CUDD,"Using BDD Package: CUDDFactory, Version: CUDD 3.0","import ""DwyerPatternsNewReduced.spectra""",S_responds_to_P_globally,2,0,false,false,[],[],,null
