Spec,RunConfig,UniqueIdentifier,TIMEOUT,ActionType,Result,CONFIG_TXT,INITIAL_BDD_TIME,HEURISTICS_TIME,SECOND_STEP_TIME,PARALLEL_OVERHEAD_TIME,WORK_TIME,TOTAL_TIME,PRE_ROYBDD_ORDER,POST_HEURISTICS_ORDER,POST_SECOND_STEP_ORDER,POST_WORK_ORDER,PRE_ROYBDD_NODE_SIZE,POST_HEURISTICS_NODE_SIZE,POST_SECOND_STEP_NODE_SIZE,POST_WORK_NODE_SIZE,AVERAGE_AUX_SIZE,AVERAGE_SYS_DOM_IN_CONSTRAINT,AVERAGE_ENV_DOM_IN_CONSTRAINT,AVERAGE_SYS_DOM_SIZE,AVERAGE_ENV_DOM_SIZE,AVERAGE_CONSTRAINT_COMPLEXITY,INTERCONNECTNESS_INDEX,TOTAL_REORDER_TIME,REORDER_CALL_AMOUNT,AVERAGE_REORDER_TIME,AVERAGE_REORDER_GAIN,Z_FIXPOINTS,Y_FIXPOINTS,X_FIXPOINTS,W_FIXPOINTS,REAL_CASES,UNREAL_CASES,REAL_TIME,UNREAL_TIME,GRAPH_DATA,CLUSTER_INC_DATA,CLUSTER_VAR_DATA,DOMAIN_GRAPH_DATA,CONSTRAINT_GRAPH_DATA,JUST_STRING_COUNT,JUST_STRING_ENV_COUNT,TRANS_STRING_SYS_COUNT,TRANS_STRING_ENV_COUNT,INI_STRING_ENV_COUNT,INI_STRING_SYS_COUNT,TOTAL_VARS,SYS_VARS,ENV_VARS,AUX_VARS,UNUSED_CONS_VARS,ARRAYS_INSTANCES,TOTAL_DOMS,SYS_DOMS,ENV_DOMS,AUX_DOMS,DOMS_NOT_QUANTIFIED,INI_SYS_CONSTRAINTS,INI_ENV_CONSTRAINTS,TRANS_ENV_CONSTRAINTS,TRANS_SYS_CONSTRAINTS,JUSTICE_SYS_AMOUNT,JUSTICE_ENV_AMOUNT,Z_SAT_COUNT,Z_SAT_COUNT_START_S0,TRANS_ENV_SAT,TRANS_SYS_SAT,JUSTS_SYS_SAT,JUSTS_ENV_SAT,INI_ENV_SAT,INI_SYS_SAT,FACTORY_TYPE,BDDPACKAGE,IMPORT,UNIQUE_PATTERNS,PATTERN_INSTANCES,TRIGGER_INSTANCES,MONITORS_INSTANCES,COUNTERS_INSTANCES,REDUCED_PATTERN,REDUCED_TRIGGER,SWAPPED_TO_ORIGINAL,ADDITIONAL
1670525188,NOTHING,1670525188.spectra,0,WELL_SEPARATION,STRONG,"TEMP: false, SORT_AFTERWARDS: false, GROUP_OPTION: NO_GROUPING, INCREMENTAL_ADDITION: NO_INCREMENTAL, USE_RABIN: false, GROUP_AUX: NO_GROUPING, STATIC_ORDER: NO_STATIC_ORDERING, ROY_SIFT_MARKER: false, MAKE_LAST: false, MEMORYLESS: false, REORDER_METHOD: SIFT, NEW_PATTERN: false, INCREMENTAL_JUSTICES: NO_INCREMENTAL, REDUCED_ALGORITHM: FALSE, PARALLEL: false, ORIGINAL: false, BUCHI_INTERSECTION: false, NEW_TRIGGER: false, PARTITIONED: SINGLE_FUNC, VERIFICATION: true, CREATE_GRAPH: false",1874,0,94,-1,500,2468,"[0, 1, 2, 3, 4, 5, 6, 7, 8, 9, 10, 11, 12, 13, 14, 15, 16, 17, 18, 19, 20, 21, 22, 23, 24, 25, 26, 27, 28, 29, 30, 31, 32, 33, 34, 35, 36, 37, 38, 39, 40, 41, 42, 43, 44, 45, 46, 47, 48, 49, 50, 51, 52, 53, 54, 55, 56, 57, 58, 59, 60, 61]","[0, 1, 2, 3, 4, 5, 6, 7, 8, 9, 10, 11, 12, 13, 14, 15, 16, 17, 18, 19, 20, 21, 22, 23, 24, 25, 26, 27, 28, 29, 30, 31, 32, 33, 34, 35, 36, 37, 38, 39, 40, 41, 42, 43, 44, 45, 46, 47, 48, 49, 50, 51, 52, 53, 54, 55, 56, 57, 58, 59, 60, 61]","[61, 60, 42, 2, 5, 53, 3, 50, 0, 1, 4, 49, 52, 48, 43, 44, 6, 51, 9, 8, 11, 7, 10, 45, 12, 15, 46, 14, 17, 13, 16, 47, 59, 56, 58, 55, 22, 19, 23, 20, 21, 57, 18, 54, 24, 35, 33, 30, 32, 34, 31, 29, 27, 28, 40, 39, 41, 26, 25, 37, 36, 38]","[60, 53, 52, 51, 5, 42, 2, 3, 0, 1, 4, 50, 49, 9, 44, 6, 11, 8, 7, 10, 15, 46, 12, 17, 14, 16, 13, 59, 58, 57, 48, 22, 19, 23, 20, 21, 18, 55, 54, 43, 33, 47, 27, 45, 56, 30, 31, 34, 35, 32, 24, 26, 29, 25, 28, 40, 41, 39, 61, 37, 38, 36]",281,281,7018,26657,NOT_IMPLEMENTED,NOT_IMPLEMENTED,NOT_IMPLEMENTED,NOT_IMPLEMENTED,NOT_IMPLEMENTED,NOT_IMPLEMENTED,NOT_IMPLEMENTED,533.0,6,88.83333333333334,-1481.0,,,,,0,2,0,297,,,,,,,,,,,,62,,,NOT_IMPLEMENTED,,true,26,"robotX,robotX',$PRIMED_JUSTICE_0,$PRIMED_JUSTICE_0',robotY,robotY'","goalsX[2],goalsX[2]',redGoals[2],redGoals[2]',goalsY[1],goalsY[1]',goalsX[0],goalsX[0]',redGoals[0],redGoals[0]',movingObstacleX,movingObstacleX',redGoals[1],redGoals[1]',goalsY[0],goalsY[0]',goalsX[1],goalsX[1]',goalsY[2],goalsY[2]'",2,,,,,,1,4,,,394167091200,351843720888320000,0,9155818042444218368,75206595339878400,900719925474099200,CUDD,"Using BDD Package: CUDDFactory, Version: CUDD 3.0","import ""DwyerPatternsNew.spectra""",,0,0,false,false,[],[],,null
1670525188,FINAL,1670525188.spectra,0,WELL_SEPARATION,STRONG,"TEMP: false, SORT_AFTERWARDS: false, GROUP_OPTION: NO_GROUPING, INCREMENTAL_ADDITION: NO_INCREMENTAL, USE_RABIN: false, GROUP_AUX: GROUP_PAIR, STATIC_ORDER: REVERSE_CUTHILL, ROY_SIFT_MARKER: false, MAKE_LAST: false, MEMORYLESS: true, REORDER_METHOD: SIFT, NEW_PATTERN: true, INCREMENTAL_JUSTICES: INCREMENTAL_GRAPH, REDUCED_ALGORITHM: TRUE, PARALLEL: false, ORIGINAL: false, BUCHI_INTERSECTION: false, NEW_TRIGGER: true, PARTITIONED: SINGLE_FUNC, VERIFICATION: false, CREATE_GRAPH: false",1984,94,78,-1,422,2578,"[0, 1, 2, 3, 4, 5, 6, 7, 8, 9, 10, 11, 12, 13, 14, 15, 16, 17, 18, 19, 20, 21, 22, 23, 24, 25, 26, 27, 28, 29, 30, 31, 32, 33, 34, 35, 36, 37, 38, 39, 40, 41, 42, 43, 44, 45, 46, 47, 48, 49, 50, 51, 52, 53, 54, 55, 56, 57, 58, 59, 60, 61]","[57, 58, 59, 51, 52, 53, 60, 61, 33, 34, 35, 27, 28, 29, 21, 22, 23, 16, 17, 15, 9, 10, 11, 3, 4, 5, 39, 40, 41, 36, 37, 38, 32, 30, 31, 24, 25, 26, 18, 19, 20, 12, 13, 14, 6, 7, 8, 0, 1, 2, 54, 55, 56, 48, 49, 50, 46, 47, 44, 45, 42, 43]","[61, 60, 57, 58, 59, 51, 52, 35, 46, 32, 33, 53, 56, 30, 31, 34, 54, 44, 24, 27, 26, 29, 28, 25, 55, 21, 42, 18, 23, 20, 22, 19, 41, 39, 40, 38, 36, 37, 15, 43, 47, 45, 12, 16, 13, 17, 14, 50, 49, 48, 11, 8, 9, 6, 10, 7, 5, 2, 4, 1, 3, 0]","[57, 58, 60, 59, 51, 52, 46, 44, 42, 53, 32, 35, 30, 33, 31, 34, 56, 55, 27, 24, 26, 29, 25, 28, 54, 18, 21, 20, 23, 19, 22, 38, 36, 40, 37, 39, 61, 41, 49, 48, 50, 15, 12, 13, 47, 3, 43, 9, 45, 10, 4, 14, 16, 17, 6, 11, 5, 0, 7, 2, 8, 1]",281,259,3637,6713,NOT_IMPLEMENTED,NOT_IMPLEMENTED,NOT_IMPLEMENTED,NOT_IMPLEMENTED,NOT_IMPLEMENTED,NOT_IMPLEMENTED,NOT_IMPLEMENTED,411.0,7,58.71428571428571,-1250.142857142857,,,,,0,2,0,0,,,,,,,,,,,,62,,,NOT_IMPLEMENTED,,true,26,"$PRIMED_JUSTICE_0,$PRIMED_JUSTICE_0',robotY,robotY',robotX,robotX'","goalsY[2],goalsY[2]',goalsX[0],goalsX[0]',redGoals[1],redGoals[1]',redGoals[0],redGoals[0]',goalsX[1],goalsX[1]',goalsY[1],goalsY[1]',movingObstacleX,movingObstacleX',goalsX[2],goalsX[2]',goalsY[0],goalsY[0]',redGoals[2],redGoals[2]'",2,,,,,,1,4,,,394167091200,351843720888320000,0,9155818042444218368,75206595339878400,900719925474099200,CUDD,"Using BDD Package: CUDDFactory, Version: CUDD 3.0","import ""DwyerPatternsNewReduced.spectra""",,0,0,false,false,[],[],,null
1670525188,NOTHING,1670525188.spectra,0,WELL_SEPARATION,STRONG,"TEMP: false, SORT_AFTERWARDS: false, GROUP_OPTION: NO_GROUPING, INCREMENTAL_ADDITION: NO_INCREMENTAL, USE_RABIN: false, GROUP_AUX: NO_GROUPING, STATIC_ORDER: NO_STATIC_ORDERING, ROY_SIFT_MARKER: false, MAKE_LAST: false, MEMORYLESS: false, REORDER_METHOD: SIFT, NEW_PATTERN: false, INCREMENTAL_JUSTICES: NO_INCREMENTAL, REDUCED_ALGORITHM: FALSE, PARALLEL: false, ORIGINAL: false, BUCHI_INTERSECTION: false, NEW_TRIGGER: false, PARTITIONED: SINGLE_FUNC, VERIFICATION: true, CREATE_GRAPH: false",2015,0,78,-1,438,2531,"[0, 1, 2, 3, 4, 5, 6, 7, 8, 9, 10, 11, 12, 13, 14, 15, 16, 17, 18, 19, 20, 21, 22, 23, 24, 25, 26, 27, 28, 29, 30, 31, 32, 33, 34, 35, 36, 37, 38, 39, 40, 41, 42, 43, 44, 45, 46, 47, 48, 49, 50, 51, 52, 53, 54, 55, 56, 57, 58, 59, 60, 61]","[0, 1, 2, 3, 4, 5, 6, 7, 8, 9, 10, 11, 12, 13, 14, 15, 16, 17, 18, 19, 20, 21, 22, 23, 24, 25, 26, 27, 28, 29, 30, 31, 32, 33, 34, 35, 36, 37, 38, 39, 40, 41, 42, 43, 44, 45, 46, 47, 48, 49, 50, 51, 52, 53, 54, 55, 56, 57, 58, 59, 60, 61]","[61, 60, 42, 2, 5, 53, 3, 50, 0, 1, 4, 49, 52, 48, 43, 44, 6, 51, 9, 8, 11, 7, 10, 45, 12, 15, 46, 14, 17, 13, 16, 47, 59, 56, 58, 55, 22, 19, 23, 20, 21, 57, 18, 54, 24, 35, 33, 30, 32, 34, 31, 29, 27, 28, 40, 39, 41, 26, 25, 37, 36, 38]","[53, 52, 51, 60, 42, 2, 5, 0, 3, 1, 4, 50, 48, 9, 44, 6, 8, 11, 46, 7, 10, 15, 12, 14, 17, 16, 13, 59, 58, 57, 49, 56, 55, 54, 19, 22, 21, 43, 18, 23, 20, 33, 47, 24, 45, 34, 30, 31, 32, 35, 27, 25, 28, 29, 26, 40, 41, 39, 37, 61, 38, 36]",281,281,6982,8452,NOT_IMPLEMENTED,NOT_IMPLEMENTED,NOT_IMPLEMENTED,NOT_IMPLEMENTED,NOT_IMPLEMENTED,NOT_IMPLEMENTED,NOT_IMPLEMENTED,459.0,6,76.5,-1516.6666666666665,,,,,0,2,0,16,,,,,,,,,,,,62,,,NOT_IMPLEMENTED,,true,26,"robotX,robotX',$PRIMED_JUSTICE_0,$PRIMED_JUSTICE_0',robotY,robotY'","goalsX[2],goalsX[2]',redGoals[2],redGoals[2]',goalsY[1],goalsY[1]',goalsX[0],goalsX[0]',redGoals[0],redGoals[0]',movingObstacleX,movingObstacleX',redGoals[1],redGoals[1]',goalsY[0],goalsY[0]',goalsX[1],goalsX[1]',goalsY[2],goalsY[2]'",2,,,,,,1,4,,,394167091200,351843720888320000,0,9155818042444218368,75206595339878400,900719925474099200,CUDD,"Using BDD Package: CUDDFactory, Version: CUDD 3.0","import ""DwyerPatternsNew.spectra""",,0,0,false,false,[],[],,null
1670525188,FINAL,1670525188.spectra,0,WELL_SEPARATION,STRONG,"TEMP: false, SORT_AFTERWARDS: false, GROUP_OPTION: NO_GROUPING, INCREMENTAL_ADDITION: NO_INCREMENTAL, USE_RABIN: false, GROUP_AUX: GROUP_PAIR, STATIC_ORDER: REVERSE_CUTHILL, ROY_SIFT_MARKER: false, MAKE_LAST: false, MEMORYLESS: true, REORDER_METHOD: SIFT, NEW_PATTERN: true, INCREMENTAL_JUSTICES: INCREMENTAL_GRAPH, REDUCED_ALGORITHM: TRUE, PARALLEL: false, ORIGINAL: false, BUCHI_INTERSECTION: false, NEW_TRIGGER: true, PARTITIONED: SINGLE_FUNC, VERIFICATION: false, CREATE_GRAPH: false",1906,78,63,-1,453,2500,"[0, 1, 2, 3, 4, 5, 6, 7, 8, 9, 10, 11, 12, 13, 14, 15, 16, 17, 18, 19, 20, 21, 22, 23, 24, 25, 26, 27, 28, 29, 30, 31, 32, 33, 34, 35, 36, 37, 38, 39, 40, 41, 42, 43, 44, 45, 46, 47, 48, 49, 50, 51, 52, 53, 54, 55, 56, 57, 58, 59, 60, 61]","[57, 58, 59, 51, 52, 53, 60, 61, 33, 34, 35, 27, 28, 29, 21, 22, 23, 16, 17, 15, 9, 10, 11, 3, 4, 5, 39, 40, 41, 36, 37, 38, 32, 30, 31, 24, 25, 26, 18, 19, 20, 12, 13, 14, 6, 7, 8, 0, 1, 2, 54, 55, 56, 48, 49, 50, 46, 47, 44, 45, 42, 43]","[61, 60, 57, 58, 59, 51, 52, 35, 46, 32, 33, 53, 56, 30, 31, 34, 54, 44, 24, 27, 26, 29, 28, 25, 55, 21, 42, 18, 23, 20, 22, 19, 41, 39, 40, 38, 36, 37, 15, 43, 47, 45, 12, 16, 13, 17, 14, 50, 49, 48, 11, 8, 9, 6, 10, 7, 5, 2, 4, 1, 3, 0]","[57, 58, 60, 59, 51, 52, 46, 44, 42, 53, 32, 35, 30, 33, 31, 34, 56, 55, 27, 24, 26, 29, 25, 28, 54, 18, 21, 20, 23, 19, 22, 38, 36, 40, 37, 39, 61, 41, 49, 48, 50, 15, 12, 13, 47, 3, 43, 9, 45, 10, 4, 14, 16, 17, 6, 11, 5, 0, 7, 2, 8, 1]",281,259,3637,6713,NOT_IMPLEMENTED,NOT_IMPLEMENTED,NOT_IMPLEMENTED,NOT_IMPLEMENTED,NOT_IMPLEMENTED,NOT_IMPLEMENTED,NOT_IMPLEMENTED,431.0,7,61.57142857142858,-1250.142857142857,,,,,0,2,0,16,,,,,,,,,,,,62,,,NOT_IMPLEMENTED,,true,26,"robotY,robotY',$PRIMED_JUSTICE_0,$PRIMED_JUSTICE_0',robotX,robotX'","movingObstacleX,movingObstacleX',goalsX[0],goalsX[0]',redGoals[0],redGoals[0]',goalsY[0],goalsY[0]',goalsY[2],goalsY[2]',redGoals[1],redGoals[1]',goalsX[2],goalsX[2]',goalsX[1],goalsX[1]',redGoals[2],redGoals[2]',goalsY[1],goalsY[1]'",2,,,,,,1,4,,,394167091200,351843720888320000,0,9155818042444218368,75206595339878400,900719925474099200,CUDD,"Using BDD Package: CUDDFactory, Version: CUDD 3.0","import ""DwyerPatternsNewReduced.spectra""",,0,0,false,false,[],[],,null
1670525188,NOTHING,1670525188.spectra,0,WELL_SEPARATION,STRONG,"TEMP: false, SORT_AFTERWARDS: false, GROUP_OPTION: NO_GROUPING, INCREMENTAL_ADDITION: NO_INCREMENTAL, USE_RABIN: false, GROUP_AUX: NO_GROUPING, STATIC_ORDER: NO_STATIC_ORDERING, ROY_SIFT_MARKER: false, MAKE_LAST: false, MEMORYLESS: false, REORDER_METHOD: SIFT, NEW_PATTERN: false, INCREMENTAL_JUSTICES: NO_INCREMENTAL, REDUCED_ALGORITHM: FALSE, PARALLEL: false, ORIGINAL: false, BUCHI_INTERSECTION: false, NEW_TRIGGER: false, PARTITIONED: SINGLE_FUNC, VERIFICATION: true, CREATE_GRAPH: false",1984,16,78,-1,422,2500,"[0, 1, 2, 3, 4, 5, 6, 7, 8, 9, 10, 11, 12, 13, 14, 15, 16, 17, 18, 19, 20, 21, 22, 23, 24, 25, 26, 27, 28, 29, 30, 31, 32, 33, 34, 35, 36, 37, 38, 39, 40, 41, 42, 43, 44, 45, 46, 47, 48, 49, 50, 51, 52, 53, 54, 55, 56, 57, 58, 59, 60, 61]","[0, 1, 2, 3, 4, 5, 6, 7, 8, 9, 10, 11, 12, 13, 14, 15, 16, 17, 18, 19, 20, 21, 22, 23, 24, 25, 26, 27, 28, 29, 30, 31, 32, 33, 34, 35, 36, 37, 38, 39, 40, 41, 42, 43, 44, 45, 46, 47, 48, 49, 50, 51, 52, 53, 54, 55, 56, 57, 58, 59, 60, 61]","[61, 60, 42, 2, 5, 53, 3, 50, 0, 1, 4, 49, 52, 48, 43, 44, 6, 51, 9, 8, 11, 7, 10, 45, 12, 15, 46, 14, 17, 13, 16, 47, 59, 56, 58, 55, 22, 19, 23, 20, 21, 57, 18, 54, 24, 35, 33, 30, 32, 34, 31, 29, 27, 28, 40, 39, 41, 26, 25, 37, 36, 38]","[53, 52, 51, 60, 42, 2, 5, 0, 3, 1, 4, 50, 48, 9, 44, 6, 8, 11, 46, 7, 10, 15, 12, 14, 17, 16, 13, 59, 58, 57, 49, 56, 55, 54, 19, 22, 21, 43, 18, 23, 20, 33, 47, 24, 45, 34, 30, 31, 32, 35, 27, 25, 28, 29, 26, 40, 41, 39, 37, 61, 38, 36]",281,281,6982,8452,NOT_IMPLEMENTED,NOT_IMPLEMENTED,NOT_IMPLEMENTED,NOT_IMPLEMENTED,NOT_IMPLEMENTED,NOT_IMPLEMENTED,NOT_IMPLEMENTED,444.0,6,74.0,-1516.6666666666665,,,,,0,2,0,0,,,,,,,,,,,,62,,,NOT_IMPLEMENTED,,true,26,"robotX,robotX',$PRIMED_JUSTICE_0,$PRIMED_JUSTICE_0',robotY,robotY'","goalsX[2],goalsX[2]',redGoals[2],redGoals[2]',goalsY[1],goalsY[1]',goalsX[0],goalsX[0]',redGoals[0],redGoals[0]',movingObstacleX,movingObstacleX',redGoals[1],redGoals[1]',goalsY[0],goalsY[0]',goalsX[1],goalsX[1]',goalsY[2],goalsY[2]'",2,,,,,,1,4,,,394167091200,351843720888320000,0,9155818042444218368,75206595339878400,900719925474099200,CUDD,"Using BDD Package: CUDDFactory, Version: CUDD 3.0","import ""DwyerPatternsNew.spectra""",,0,0,false,false,[],[],,null
1670525188,FINAL,1670525188.spectra,0,WELL_SEPARATION,STRONG,"TEMP: false, SORT_AFTERWARDS: false, GROUP_OPTION: NO_GROUPING, INCREMENTAL_ADDITION: NO_INCREMENTAL, USE_RABIN: false, GROUP_AUX: GROUP_PAIR, STATIC_ORDER: REVERSE_CUTHILL, ROY_SIFT_MARKER: false, MAKE_LAST: false, MEMORYLESS: true, REORDER_METHOD: SIFT, NEW_PATTERN: true, INCREMENTAL_JUSTICES: INCREMENTAL_GRAPH, REDUCED_ALGORITHM: TRUE, PARALLEL: false, ORIGINAL: false, BUCHI_INTERSECTION: false, NEW_TRIGGER: true, PARTITIONED: SINGLE_FUNC, VERIFICATION: false, CREATE_GRAPH: false",1859,78,79,-1,437,2453,"[0, 1, 2, 3, 4, 5, 6, 7, 8, 9, 10, 11, 12, 13, 14, 15, 16, 17, 18, 19, 20, 21, 22, 23, 24, 25, 26, 27, 28, 29, 30, 31, 32, 33, 34, 35, 36, 37, 38, 39, 40, 41, 42, 43, 44, 45, 46, 47, 48, 49, 50, 51, 52, 53, 54, 55, 56, 57, 58, 59, 60, 61]","[57, 58, 59, 51, 52, 53, 60, 61, 33, 34, 35, 27, 28, 29, 21, 22, 23, 16, 17, 15, 9, 10, 11, 3, 4, 5, 39, 40, 41, 36, 37, 38, 32, 30, 31, 24, 25, 26, 18, 19, 20, 12, 13, 14, 6, 7, 8, 0, 1, 2, 54, 55, 56, 48, 49, 50, 46, 47, 44, 45, 42, 43]","[61, 60, 57, 58, 59, 51, 52, 35, 46, 32, 33, 53, 56, 30, 31, 34, 54, 44, 24, 27, 26, 29, 28, 25, 55, 21, 42, 18, 23, 20, 22, 19, 41, 39, 40, 38, 36, 37, 15, 43, 47, 45, 12, 16, 13, 17, 14, 50, 49, 48, 11, 8, 9, 6, 10, 7, 5, 2, 4, 1, 3, 0]","[57, 58, 60, 59, 51, 52, 46, 44, 42, 53, 32, 35, 30, 33, 31, 34, 56, 55, 27, 24, 26, 29, 25, 28, 54, 18, 21, 20, 23, 19, 22, 38, 36, 40, 37, 39, 61, 41, 49, 48, 50, 15, 12, 13, 47, 3, 43, 9, 45, 10, 4, 14, 16, 17, 6, 11, 5, 0, 7, 2, 8, 1]",281,259,3637,6713,NOT_IMPLEMENTED,NOT_IMPLEMENTED,NOT_IMPLEMENTED,NOT_IMPLEMENTED,NOT_IMPLEMENTED,NOT_IMPLEMENTED,NOT_IMPLEMENTED,427.0,7,61.0,-1250.142857142857,,,,,0,2,0,16,,,,,,,,,,,,62,,,NOT_IMPLEMENTED,,true,26,"$PRIMED_JUSTICE_0,$PRIMED_JUSTICE_0',robotY,robotY',robotX,robotX'","goalsY[2],goalsY[2]',goalsX[0],goalsX[0]',redGoals[1],redGoals[1]',redGoals[0],redGoals[0]',goalsX[1],goalsX[1]',goalsY[1],goalsY[1]',movingObstacleX,movingObstacleX',goalsX[2],goalsX[2]',goalsY[0],goalsY[0]',redGoals[2],redGoals[2]'",2,,,,,,1,4,,,394167091200,351843720888320000,0,9155818042444218368,75206595339878400,900719925474099200,CUDD,"Using BDD Package: CUDDFactory, Version: CUDD 3.0","import ""DwyerPatternsNewReduced.spectra""",,0,0,false,false,[],[],,null
1670682273,NOTHING,1670682273.spectra,0,WELL_SEPARATION,STRONG,"TEMP: false, SORT_AFTERWARDS: false, GROUP_OPTION: NO_GROUPING, INCREMENTAL_ADDITION: NO_INCREMENTAL, USE_RABIN: false, GROUP_AUX: NO_GROUPING, STATIC_ORDER: NO_STATIC_ORDERING, ROY_SIFT_MARKER: false, MAKE_LAST: false, MEMORYLESS: false, REORDER_METHOD: SIFT, NEW_PATTERN: false, INCREMENTAL_JUSTICES: NO_INCREMENTAL, REDUCED_ALGORITHM: FALSE, PARALLEL: false, ORIGINAL: false, BUCHI_INTERSECTION: false, NEW_TRIGGER: false, PARTITIONED: SINGLE_FUNC, VERIFICATION: true, CREATE_GRAPH: false",1843,16,156,-1,157,2172,"[0, 1, 2, 3, 4, 5, 6, 7, 8, 9, 10, 11, 12, 13, 14, 15, 16, 17, 18, 19, 20, 21, 22, 23, 24, 25, 26, 27, 28, 29, 30, 31, 32, 33, 34, 35, 36, 37, 38, 39, 40, 41, 42, 43, 44, 45, 46, 47, 48, 49, 50, 51, 52, 53, 54, 55, 56, 57, 58, 59, 60, 61]","[0, 1, 2, 3, 4, 5, 6, 7, 8, 9, 10, 11, 12, 13, 14, 15, 16, 17, 18, 19, 20, 21, 22, 23, 24, 25, 26, 27, 28, 29, 30, 31, 32, 33, 34, 35, 36, 37, 38, 39, 40, 41, 42, 43, 44, 45, 46, 47, 48, 49, 50, 51, 52, 53, 54, 55, 56, 57, 58, 59, 60, 61]","[60, 61, 58, 59, 2, 1, 5, 4, 32, 31, 0, 35, 34, 3, 30, 33, 57, 55, 56, 54, 47, 46, 43, 45, 42, 15, 12, 13, 14, 16, 17, 44, 36, 6, 9, 8, 7, 37, 10, 11, 38, 26, 50, 25, 24, 39, 48, 27, 51, 40, 28, 29, 41, 18, 21, 23, 22, 19, 20, 49, 52, 53]","[61, 59, 58, 60, 5, 2, 4, 1, 32, 31, 30, 0, 3, 35, 34, 33, 55, 57, 54, 56, 47, 46, 43, 45, 42, 15, 12, 13, 16, 17, 44, 14, 36, 6, 9, 8, 38, 7, 10, 11, 37, 26, 50, 25, 24, 39, 27, 49, 51, 28, 29, 40, 41, 20, 18, 21, 23, 22, 19, 48, 53, 52]",288,288,13739,17078,NOT_IMPLEMENTED,NOT_IMPLEMENTED,NOT_IMPLEMENTED,NOT_IMPLEMENTED,NOT_IMPLEMENTED,NOT_IMPLEMENTED,NOT_IMPLEMENTED,274.0,9,30.444444444444443,-1323.0,,,,,0,2,0,141,,,,,,,,,,,,62,,,NOT_IMPLEMENTED,,false,22,"robotX0,robotX0',robotY0,robotY0',$COUNTER:1.count0,$COUNTER:1.count0',robotX1,robotX1',$COUNTER:0.count1,$COUNTER:0.count1',robotY1,robotY1'","lambY0,lambY0',elevatorY,elevatorY',lambY1,lambY1',lambX0,lambX0',lambX1,lambX1'",4,,,,,,1,2,,,72236400640000,28855583159353344,0,1152921504606846976,527765581332480000,91197892454252544,CUDD,"Using BDD Package: CUDDFactory, Version: CUDD 3.0","import ""DwyerPatternsNew.spectra""",,0,0,false,true,[],[],,null
1670682273,FINAL,1670682273.spectra,0,WELL_SEPARATION,STRONG,"TEMP: false, SORT_AFTERWARDS: false, GROUP_OPTION: NO_GROUPING, INCREMENTAL_ADDITION: NO_INCREMENTAL, USE_RABIN: false, GROUP_AUX: GROUP_PAIR, STATIC_ORDER: REVERSE_CUTHILL, ROY_SIFT_MARKER: false, MAKE_LAST: false, MEMORYLESS: true, REORDER_METHOD: SIFT, NEW_PATTERN: true, INCREMENTAL_JUSTICES: INCREMENTAL_GRAPH, REDUCED_ALGORITHM: TRUE, PARALLEL: false, ORIGINAL: false, BUCHI_INTERSECTION: false, NEW_TRIGGER: true, PARTITIONED: SINGLE_FUNC, VERIFICATION: false, CREATE_GRAPH: false",1859,94,47,-1,16,2016,"[0, 1, 2, 3, 4, 5, 6, 7, 8, 9, 10, 11, 12, 13, 14, 15, 16, 17, 18, 19, 20, 21, 22, 23, 24, 25, 26, 27, 28, 29, 30, 31, 32, 33, 34, 35, 36, 37, 38, 39, 40, 41, 42, 43, 44, 45, 46, 47, 48, 49, 50, 51, 52, 53, 54, 55, 56, 57, 58, 59, 60, 61]","[51, 52, 53, 39, 40, 41, 45, 46, 47, 33, 34, 35, 58, 59, 60, 61, 36, 37, 38, 32, 30, 31, 6, 7, 8, 0, 1, 2, 9, 10, 11, 3, 4, 5, 24, 25, 26, 27, 28, 29, 16, 17, 15, 21, 22, 23, 48, 49, 50, 42, 43, 44, 18, 19, 20, 12, 13, 14, 56, 57, 54, 55]","[51, 52, 53, 39, 40, 41, 45, 46, 47, 33, 34, 35, 58, 59, 60, 61, 36, 37, 38, 32, 30, 31, 6, 7, 8, 0, 1, 2, 9, 10, 11, 3, 4, 5, 24, 25, 26, 27, 28, 29, 16, 17, 15, 21, 22, 23, 48, 49, 50, 42, 43, 44, 18, 19, 20, 12, 13, 14, 56, 57, 54, 55]","[51, 52, 53, 40, 41, 45, 46, 47, 39, 34, 35, 59, 61, 60, 58, 6, 9, 36, 7, 10, 37, 38, 8, 11, 30, 0, 31, 1, 32, 2, 5, 4, 3, 24, 27, 26, 25, 28, 29, 21, 18, 48, 22, 19, 23, 20, 49, 50, 17, 15, 16, 14, 13, 43, 44, 42, 12, 33, 57, 56, 54, 55]",288,283,3598,1757,NOT_IMPLEMENTED,NOT_IMPLEMENTED,NOT_IMPLEMENTED,NOT_IMPLEMENTED,NOT_IMPLEMENTED,NOT_IMPLEMENTED,NOT_IMPLEMENTED,9.0,1,9.0,-2765.0,,,,,0,2,0,0,,,,,,,,,,,,62,,,NOT_IMPLEMENTED,,false,22,"$COUNTER:1.count0,$COUNTER:1.count0',robotY1,robotY1',robotX0,robotX0',$COUNTER:0.count1,$COUNTER:0.count1',robotY0,robotY0',robotX1,robotX1'","lambY1,lambY1',lambX1,lambX1',elevatorY,elevatorY',lambY0,lambY0',lambX0,lambX0'",4,,,,,,1,2,,,72236400640000,28855583159353344,0,1152921504606846976,527765581332480000,91197892454252544,CUDD,"Using BDD Package: CUDDFactory, Version: CUDD 3.0","import ""DwyerPatternsNewReduced.spectra""",,0,0,false,true,[],[],,null
1670682273,NOTHING,1670682273.spectra,0,WELL_SEPARATION,STRONG,"TEMP: false, SORT_AFTERWARDS: false, GROUP_OPTION: NO_GROUPING, INCREMENTAL_ADDITION: NO_INCREMENTAL, USE_RABIN: false, GROUP_AUX: NO_GROUPING, STATIC_ORDER: NO_STATIC_ORDERING, ROY_SIFT_MARKER: false, MAKE_LAST: false, MEMORYLESS: false, REORDER_METHOD: SIFT, NEW_PATTERN: false, INCREMENTAL_JUSTICES: NO_INCREMENTAL, REDUCED_ALGORITHM: FALSE, PARALLEL: false, ORIGINAL: false, BUCHI_INTERSECTION: false, NEW_TRIGGER: false, PARTITIONED: SINGLE_FUNC, VERIFICATION: true, CREATE_GRAPH: false",1829,15,172,-1,31,2047,"[0, 1, 2, 3, 4, 5, 6, 7, 8, 9, 10, 11, 12, 13, 14, 15, 16, 17, 18, 19, 20, 21, 22, 23, 24, 25, 26, 27, 28, 29, 30, 31, 32, 33, 34, 35, 36, 37, 38, 39, 40, 41, 42, 43, 44, 45, 46, 47, 48, 49, 50, 51, 52, 53, 54, 55, 56, 57, 58, 59, 60, 61]","[0, 1, 2, 3, 4, 5, 6, 7, 8, 9, 10, 11, 12, 13, 14, 15, 16, 17, 18, 19, 20, 21, 22, 23, 24, 25, 26, 27, 28, 29, 30, 31, 32, 33, 34, 35, 36, 37, 38, 39, 40, 41, 42, 43, 44, 45, 46, 47, 48, 49, 50, 51, 52, 53, 54, 55, 56, 57, 58, 59, 60, 61]","[57, 55, 54, 56, 61, 60, 58, 59, 33, 3, 5, 35, 34, 4, 2, 32, 1, 31, 30, 0, 44, 43, 46, 42, 45, 12, 13, 14, 16, 47, 15, 17, 36, 6, 9, 8, 7, 37, 10, 11, 38, 48, 18, 21, 20, 23, 22, 19, 49, 24, 25, 26, 50, 28, 29, 27, 39, 41, 40, 51, 52, 53]","[57, 55, 54, 56, 61, 60, 58, 59, 33, 3, 5, 35, 34, 4, 2, 32, 1, 31, 30, 0, 44, 43, 46, 42, 45, 12, 13, 14, 16, 47, 15, 17, 36, 6, 9, 8, 7, 37, 10, 11, 38, 48, 18, 21, 20, 23, 22, 19, 49, 24, 25, 26, 50, 28, 29, 27, 39, 41, 40, 51, 52, 53]",288,288,14935,6281,NOT_IMPLEMENTED,NOT_IMPLEMENTED,NOT_IMPLEMENTED,NOT_IMPLEMENTED,NOT_IMPLEMENTED,NOT_IMPLEMENTED,NOT_IMPLEMENTED,156.0,8,19.5,-1465.875,,,,,0,2,0,15,,,,,,,,,,,,62,,,NOT_IMPLEMENTED,,false,22,"robotX0,robotX0',robotY0,robotY0',$COUNTER:1.count0,$COUNTER:1.count0',robotX1,robotX1',$COUNTER:0.count1,$COUNTER:0.count1',robotY1,robotY1'","lambY0,lambY0',elevatorY,elevatorY',lambY1,lambY1',lambX0,lambX0',lambX1,lambX1'",4,,,,,,1,2,,,72236400640000,28855583159353344,0,1152921504606846976,527765581332480000,91197892454252544,CUDD,"Using BDD Package: CUDDFactory, Version: CUDD 3.0","import ""DwyerPatternsNew.spectra""",,0,0,false,true,[],[],,null
1670682273,FINAL,1670682273.spectra,0,WELL_SEPARATION,STRONG,"TEMP: false, SORT_AFTERWARDS: false, GROUP_OPTION: NO_GROUPING, INCREMENTAL_ADDITION: NO_INCREMENTAL, USE_RABIN: false, GROUP_AUX: GROUP_PAIR, STATIC_ORDER: REVERSE_CUTHILL, ROY_SIFT_MARKER: false, MAKE_LAST: false, MEMORYLESS: true, REORDER_METHOD: SIFT, NEW_PATTERN: true, INCREMENTAL_JUSTICES: INCREMENTAL_GRAPH, REDUCED_ALGORITHM: TRUE, PARALLEL: false, ORIGINAL: false, BUCHI_INTERSECTION: false, NEW_TRIGGER: true, PARTITIONED: SINGLE_FUNC, VERIFICATION: false, CREATE_GRAPH: false",1828,94,31,-1,16,1985,"[0, 1, 2, 3, 4, 5, 6, 7, 8, 9, 10, 11, 12, 13, 14, 15, 16, 17, 18, 19, 20, 21, 22, 23, 24, 25, 26, 27, 28, 29, 30, 31, 32, 33, 34, 35, 36, 37, 38, 39, 40, 41, 42, 43, 44, 45, 46, 47, 48, 49, 50, 51, 52, 53, 54, 55, 56, 57, 58, 59, 60, 61]","[51, 52, 53, 39, 40, 41, 45, 46, 47, 33, 34, 35, 58, 59, 60, 61, 36, 37, 38, 32, 30, 31, 6, 7, 8, 0, 1, 2, 9, 10, 11, 3, 4, 5, 24, 25, 26, 27, 28, 29, 16, 17, 15, 21, 22, 23, 48, 49, 50, 42, 43, 44, 18, 19, 20, 12, 13, 14, 56, 57, 54, 55]","[51, 52, 53, 39, 40, 41, 45, 46, 47, 33, 34, 35, 58, 59, 60, 61, 36, 37, 38, 32, 30, 31, 6, 7, 8, 0, 1, 2, 9, 10, 11, 3, 4, 5, 24, 25, 26, 27, 28, 29, 16, 17, 15, 21, 22, 23, 48, 49, 50, 42, 43, 44, 18, 19, 20, 12, 13, 14, 56, 57, 54, 55]","[51, 52, 53, 40, 41, 45, 46, 47, 39, 34, 35, 59, 61, 60, 58, 6, 9, 36, 7, 10, 37, 38, 8, 11, 30, 0, 31, 1, 32, 2, 5, 4, 3, 24, 27, 26, 25, 28, 29, 21, 18, 48, 22, 19, 23, 20, 49, 50, 17, 15, 16, 14, 13, 43, 44, 42, 12, 33, 57, 56, 54, 55]",288,283,3598,1757,NOT_IMPLEMENTED,NOT_IMPLEMENTED,NOT_IMPLEMENTED,NOT_IMPLEMENTED,NOT_IMPLEMENTED,NOT_IMPLEMENTED,NOT_IMPLEMENTED,10.0,1,10.0,-2765.0,,,,,0,2,0,0,,,,,,,,,,,,62,,,NOT_IMPLEMENTED,,false,22,"robotX0,robotX0',robotY1,robotY1',$COUNTER:0.count1,$COUNTER:0.count1',robotX1,robotX1',$COUNTER:1.count0,$COUNTER:1.count0',robotY0,robotY0'","lambY1,lambY1',elevatorY,elevatorY',lambX1,lambX1',lambY0,lambY0',lambX0,lambX0'",4,,,,,,1,2,,,72236400640000,28855583159353344,0,1152921504606846976,527765581332480000,91197892454252544,CUDD,"Using BDD Package: CUDDFactory, Version: CUDD 3.0","import ""DwyerPatternsNewReduced.spectra""",,0,0,false,true,[],[],,null
1670682273,NOTHING,1670682273.spectra,0,WELL_SEPARATION,STRONG,"TEMP: false, SORT_AFTERWARDS: false, GROUP_OPTION: NO_GROUPING, INCREMENTAL_ADDITION: NO_INCREMENTAL, USE_RABIN: false, GROUP_AUX: NO_GROUPING, STATIC_ORDER: NO_STATIC_ORDERING, ROY_SIFT_MARKER: false, MAKE_LAST: false, MEMORYLESS: false, REORDER_METHOD: SIFT, NEW_PATTERN: false, INCREMENTAL_JUSTICES: NO_INCREMENTAL, REDUCED_ALGORITHM: FALSE, PARALLEL: false, ORIGINAL: false, BUCHI_INTERSECTION: false, NEW_TRIGGER: false, PARTITIONED: SINGLE_FUNC, VERIFICATION: true, CREATE_GRAPH: false",1906,16,172,-1,31,2125,"[0, 1, 2, 3, 4, 5, 6, 7, 8, 9, 10, 11, 12, 13, 14, 15, 16, 17, 18, 19, 20, 21, 22, 23, 24, 25, 26, 27, 28, 29, 30, 31, 32, 33, 34, 35, 36, 37, 38, 39, 40, 41, 42, 43, 44, 45, 46, 47, 48, 49, 50, 51, 52, 53, 54, 55, 56, 57, 58, 59, 60, 61]","[0, 1, 2, 3, 4, 5, 6, 7, 8, 9, 10, 11, 12, 13, 14, 15, 16, 17, 18, 19, 20, 21, 22, 23, 24, 25, 26, 27, 28, 29, 30, 31, 32, 33, 34, 35, 36, 37, 38, 39, 40, 41, 42, 43, 44, 45, 46, 47, 48, 49, 50, 51, 52, 53, 54, 55, 56, 57, 58, 59, 60, 61]","[57, 55, 54, 56, 61, 60, 58, 59, 33, 3, 5, 35, 34, 4, 2, 32, 1, 31, 30, 0, 44, 43, 46, 42, 45, 12, 13, 14, 16, 47, 15, 17, 36, 6, 9, 8, 7, 37, 10, 11, 38, 48, 18, 21, 20, 23, 22, 19, 49, 24, 25, 26, 50, 28, 29, 27, 39, 41, 40, 51, 52, 53]","[57, 55, 54, 56, 61, 60, 58, 59, 33, 3, 5, 35, 34, 4, 2, 32, 1, 31, 30, 0, 44, 43, 46, 42, 45, 12, 13, 14, 16, 47, 15, 17, 36, 6, 9, 8, 7, 37, 10, 11, 38, 48, 18, 21, 20, 23, 22, 19, 49, 24, 25, 26, 50, 28, 29, 27, 39, 41, 40, 51, 52, 53]",288,288,14935,6281,NOT_IMPLEMENTED,NOT_IMPLEMENTED,NOT_IMPLEMENTED,NOT_IMPLEMENTED,NOT_IMPLEMENTED,NOT_IMPLEMENTED,NOT_IMPLEMENTED,155.0,8,19.375,-1465.875,,,,,0,2,0,16,,,,,,,,,,,,62,,,NOT_IMPLEMENTED,,false,22,"robotX0,robotX0',robotY0,robotY0',$COUNTER:1.count0,$COUNTER:1.count0',robotX1,robotX1',$COUNTER:0.count1,$COUNTER:0.count1',robotY1,robotY1'","lambY0,lambY0',elevatorY,elevatorY',lambY1,lambY1',lambX0,lambX0',lambX1,lambX1'",4,,,,,,1,2,,,72236400640000,28855583159353344,0,1152921504606846976,527765581332480000,91197892454252544,CUDD,"Using BDD Package: CUDDFactory, Version: CUDD 3.0","import ""DwyerPatternsNew.spectra""",,0,0,false,true,[],[],,null
1670682273,FINAL,1670682273.spectra,0,WELL_SEPARATION,STRONG,"TEMP: false, SORT_AFTERWARDS: false, GROUP_OPTION: NO_GROUPING, INCREMENTAL_ADDITION: NO_INCREMENTAL, USE_RABIN: false, GROUP_AUX: GROUP_PAIR, STATIC_ORDER: REVERSE_CUTHILL, ROY_SIFT_MARKER: false, MAKE_LAST: false, MEMORYLESS: true, REORDER_METHOD: SIFT, NEW_PATTERN: true, INCREMENTAL_JUSTICES: INCREMENTAL_GRAPH, REDUCED_ALGORITHM: TRUE, PARALLEL: false, ORIGINAL: false, BUCHI_INTERSECTION: false, NEW_TRIGGER: true, PARTITIONED: SINGLE_FUNC, VERIFICATION: false, CREATE_GRAPH: false",1859,94,31,-1,31,2015,"[0, 1, 2, 3, 4, 5, 6, 7, 8, 9, 10, 11, 12, 13, 14, 15, 16, 17, 18, 19, 20, 21, 22, 23, 24, 25, 26, 27, 28, 29, 30, 31, 32, 33, 34, 35, 36, 37, 38, 39, 40, 41, 42, 43, 44, 45, 46, 47, 48, 49, 50, 51, 52, 53, 54, 55, 56, 57, 58, 59, 60, 61]","[51, 52, 53, 39, 40, 41, 45, 46, 47, 33, 34, 35, 58, 59, 60, 61, 36, 37, 38, 32, 30, 31, 6, 7, 8, 0, 1, 2, 9, 10, 11, 3, 4, 5, 24, 25, 26, 27, 28, 29, 16, 17, 15, 21, 22, 23, 48, 49, 50, 42, 43, 44, 18, 19, 20, 12, 13, 14, 56, 57, 54, 55]","[51, 52, 53, 39, 40, 41, 45, 46, 47, 33, 34, 35, 58, 59, 60, 61, 36, 37, 38, 32, 30, 31, 6, 7, 8, 0, 1, 2, 9, 10, 11, 3, 4, 5, 24, 25, 26, 27, 28, 29, 16, 17, 15, 21, 22, 23, 48, 49, 50, 42, 43, 44, 18, 19, 20, 12, 13, 14, 56, 57, 54, 55]","[51, 52, 53, 40, 41, 45, 46, 47, 39, 34, 35, 59, 61, 60, 58, 6, 9, 36, 7, 10, 37, 38, 8, 11, 30, 0, 31, 1, 32, 2, 5, 4, 3, 24, 27, 26, 25, 28, 29, 21, 18, 48, 22, 19, 23, 20, 49, 50, 17, 15, 16, 14, 13, 43, 44, 42, 12, 33, 57, 56, 54, 55]",288,283,3598,1757,NOT_IMPLEMENTED,NOT_IMPLEMENTED,NOT_IMPLEMENTED,NOT_IMPLEMENTED,NOT_IMPLEMENTED,NOT_IMPLEMENTED,NOT_IMPLEMENTED,10.0,1,10.0,-2765.0,,,,,0,2,0,0,,,,,,,,,,,,62,,,NOT_IMPLEMENTED,,false,22,"robotX0,robotX0',robotY1,robotY1',$COUNTER:0.count1,$COUNTER:0.count1',robotX1,robotX1',$COUNTER:1.count0,$COUNTER:1.count0',robotY0,robotY0'","lambY1,lambY1',elevatorY,elevatorY',lambX1,lambX1',lambY0,lambY0',lambX0,lambX0'",4,,,,,,1,2,,,72236400640000,28855583159353344,0,1152921504606846976,527765581332480000,91197892454252544,CUDD,"Using BDD Package: CUDDFactory, Version: CUDD 3.0","import ""DwyerPatternsNewReduced.spectra""",,0,0,false,true,[],[],,null
1670547281,NOTHING,1670547281.spectra,0,WELL_SEPARATION,STRONG,"TEMP: false, SORT_AFTERWARDS: false, GROUP_OPTION: NO_GROUPING, INCREMENTAL_ADDITION: NO_INCREMENTAL, USE_RABIN: false, GROUP_AUX: NO_GROUPING, STATIC_ORDER: NO_STATIC_ORDERING, ROY_SIFT_MARKER: false, MAKE_LAST: false, MEMORYLESS: false, REORDER_METHOD: SIFT, NEW_PATTERN: false, INCREMENTAL_JUSTICES: NO_INCREMENTAL, REDUCED_ALGORITHM: FALSE, PARALLEL: false, ORIGINAL: false, BUCHI_INTERSECTION: false, NEW_TRIGGER: false, PARTITIONED: SINGLE_FUNC, VERIFICATION: true, CREATE_GRAPH: false",1859,16,234,-1,172,2281,"[0, 1, 2, 3, 4, 5, 6, 7, 8, 9, 10, 11, 12, 13, 14, 15, 16, 17, 18, 19, 20, 21, 22, 23, 24, 25, 26, 27, 28, 29, 30, 31, 32, 33, 34, 35, 36, 37, 38, 39, 40, 41, 42, 43, 44, 45, 46, 47, 48, 49, 50, 51, 52, 53, 54, 55, 56, 57, 58, 59, 60, 61, 62, 63, 64, 65, 66, 67, 68, 69]","[0, 1, 2, 3, 4, 5, 6, 7, 8, 9, 10, 11, 12, 13, 14, 15, 16, 17, 18, 19, 20, 21, 22, 23, 24, 25, 26, 27, 28, 29, 30, 31, 32, 33, 34, 35, 36, 37, 38, 39, 40, 41, 42, 43, 44, 45, 46, 47, 48, 49, 50, 51, 52, 53, 54, 55, 56, 57, 58, 59, 60, 61, 62, 63, 64, 65, 66, 67, 68, 69]","[64, 65, 62, 61, 60, 63, 50, 42, 2, 43, 5, 3, 0, 48, 1, 49, 4, 44, 8, 7, 6, 12, 53, 52, 51, 10, 9, 45, 11, 46, 14, 13, 15, 16, 17, 47, 56, 20, 58, 22, 23, 21, 57, 55, 19, 18, 54, 34, 35, 33, 30, 31, 32, 40, 39, 41, 25, 37, 36, 38, 27, 28, 29, 26, 24, 59, 67, 66, 69, 68]","[64, 65, 62, 60, 42, 63, 61, 2, 5, 3, 0, 1, 4, 50, 49, 48, 11, 44, 8, 10, 7, 53, 52, 51, 9, 6, 15, 12, 46, 13, 16, 14, 17, 43, 20, 23, 22, 19, 21, 18, 54, 55, 47, 45, 56, 33, 25, 30, 31, 34, 32, 35, 40, 39, 41, 24, 26, 57, 27, 28, 29, 38, 36, 37, 58, 59, 66, 67, 68, 69]",301,301,20972,8412,NOT_IMPLEMENTED,NOT_IMPLEMENTED,NOT_IMPLEMENTED,NOT_IMPLEMENTED,NOT_IMPLEMENTED,NOT_IMPLEMENTED,NOT_IMPLEMENTED,346.0,6,57.66666666666667,-3631.5,,,,,0,2,0,0,,,,,,,,,,,,70,,,NOT_IMPLEMENTED,,true,32,"$PATTERN:0.SYS_CONSTRAINT.0.P_becomes_true_between_Q_and_R.state,$PATTERN:0.SYS_CONSTRAINT.0.P_becomes_true_between_Q_and_R.state',visitedFirstGoal,visitedFirstGoal',robotY,robotY',visitedThirdGoal,visitedThirdGoal',visitedSecondGoal,visitedSecondGoal',robotX,robotX'","goalsX[2],goalsX[2]',goalsY[1],goalsY[1]',redGoals[1],redGoals[1]',redGoals[0],redGoals[0]',goalsX[0],goalsX[0]',goalsY[2],goalsY[2]',redGoals[2],redGoals[2]',goalsY[0],goalsY[0]',movingObstacleX,movingObstacleX',goalsX[1],goalsX[1]'",0,,,,,,1,3,,,100906775347200,101330991615836160000,0,1753593608507014250496,19252888407008870400,345876451382054092800,CUDD,"Using BDD Package: CUDDFactory, Version: CUDD 3.0","import ""DwyerPatternsNew.spectra""",P_becomes_true_between_Q_and_R,1,0,false,false,[],[],,null
1670547281,FINAL,1670547281.spectra,0,WELL_SEPARATION,STRONG,"TEMP: false, SORT_AFTERWARDS: false, GROUP_OPTION: NO_GROUPING, INCREMENTAL_ADDITION: NO_INCREMENTAL, USE_RABIN: false, GROUP_AUX: GROUP_PAIR, STATIC_ORDER: REVERSE_CUTHILL, ROY_SIFT_MARKER: false, MAKE_LAST: false, MEMORYLESS: true, REORDER_METHOD: SIFT, NEW_PATTERN: true, INCREMENTAL_JUSTICES: INCREMENTAL_GRAPH, REDUCED_ALGORITHM: TRUE, PARALLEL: false, ORIGINAL: false, BUCHI_INTERSECTION: false, NEW_TRIGGER: true, PARTITIONED: SINGLE_FUNC, VERIFICATION: false, CREATE_GRAPH: false",1859,94,47,-1,188,2188,"[0, 1, 2, 3, 4, 5, 6, 7, 8, 9, 10, 11, 12, 13, 14, 15, 16, 17, 18, 19, 20, 21, 22, 23, 24, 25, 26, 27, 28, 29, 30, 31, 32, 33, 34, 35, 36, 37, 38, 39, 40, 41, 42, 43, 44, 45, 46, 47, 48, 49, 50, 51, 52, 53, 54, 55, 56, 57, 58, 59, 60, 61, 62, 63, 64, 65, 66, 67]","[64, 65, 62, 63, 60, 61, 57, 58, 59, 51, 52, 53, 66, 67, 39, 40, 41, 46, 44, 54, 55, 56, 48, 49, 50, 47, 45, 43, 36, 37, 38, 42, 32, 30, 31, 24, 25, 26, 18, 19, 20, 33, 34, 35, 27, 28, 29, 21, 22, 23, 12, 13, 14, 6, 7, 8, 0, 1, 2, 16, 17, 15, 9, 10, 11, 3, 4, 5]","[66, 67, 65, 64, 63, 62, 61, 60, 57, 58, 59, 51, 52, 39, 40, 41, 29, 53, 56, 54, 44, 26, 24, 27, 25, 28, 55, 46, 30, 42, 37, 36, 38, 33, 35, 32, 34, 23, 20, 18, 19, 22, 21, 31, 15, 47, 12, 48, 13, 16, 49, 14, 17, 3, 50, 43, 0, 4, 1, 5, 2, 9, 45, 6, 10, 7, 11, 8]","[66, 67, 65, 63, 61, 57, 58, 59, 51, 52, 64, 53, 62, 60, 56, 54, 41, 46, 39, 40, 29, 44, 42, 26, 24, 27, 25, 28, 55, 38, 36, 37, 30, 33, 35, 32, 34, 31, 23, 20, 22, 19, 21, 18, 50, 49, 48, 12, 47, 15, 16, 13, 43, 45, 14, 7, 3, 17, 1, 6, 4, 5, 2, 0, 8, 11, 9, 10]",287,285,3798,5800,NOT_IMPLEMENTED,NOT_IMPLEMENTED,NOT_IMPLEMENTED,NOT_IMPLEMENTED,NOT_IMPLEMENTED,NOT_IMPLEMENTED,NOT_IMPLEMENTED,169.0,4,42.25,-977.25,,,,,0,2,0,16,,,,,,,,,,,,68,,,NOT_IMPLEMENTED,,true,32,"robotY,robotY',$PATTERN:0.SYS_CONSTRAINT.0.P_becomes_true_between_Q_and_R.state,$PATTERN:0.SYS_CONSTRAINT.0.P_becomes_true_between_Q_and_R.state',visitedThirdGoal,visitedThirdGoal',visitedFirstGoal,visitedFirstGoal',robotX,robotX',visitedSecondGoal,visitedSecondGoal'","goalsX[0],goalsX[0]',goalsY[0],goalsY[0]',redGoals[1],redGoals[1]',goalsY[1],goalsY[1]',redGoals[2],redGoals[2]',goalsX[2],goalsX[2]',movingObstacleX,movingObstacleX',goalsY[2],goalsY[2]',redGoals[0],redGoals[0]',goalsX[1],goalsX[1]'",0,,,,,,1,3,,,25226693836800,45035996273704960000,0,438398402126753562624,4813222101752217600,115292150460684697600,CUDD,"Using BDD Package: CUDDFactory, Version: CUDD 3.0","import ""DwyerPatternsNewReduced.spectra""",P_becomes_true_between_Q_and_R,1,0,false,false,"[REMOVED_HOLE, REMOVED_JUSTICE, REMOVED_VAR]",[],,null
1670547281,NOTHING,1670547281.spectra,0,WELL_SEPARATION,STRONG,"TEMP: false, SORT_AFTERWARDS: false, GROUP_OPTION: NO_GROUPING, INCREMENTAL_ADDITION: NO_INCREMENTAL, USE_RABIN: false, GROUP_AUX: NO_GROUPING, STATIC_ORDER: NO_STATIC_ORDERING, ROY_SIFT_MARKER: false, MAKE_LAST: false, MEMORYLESS: false, REORDER_METHOD: SIFT, NEW_PATTERN: false, INCREMENTAL_JUSTICES: NO_INCREMENTAL, REDUCED_ALGORITHM: FALSE, PARALLEL: false, ORIGINAL: false, BUCHI_INTERSECTION: false, NEW_TRIGGER: false, PARTITIONED: SINGLE_FUNC, VERIFICATION: true, CREATE_GRAPH: false",1984,16,250,-1,172,2422,"[0, 1, 2, 3, 4, 5, 6, 7, 8, 9, 10, 11, 12, 13, 14, 15, 16, 17, 18, 19, 20, 21, 22, 23, 24, 25, 26, 27, 28, 29, 30, 31, 32, 33, 34, 35, 36, 37, 38, 39, 40, 41, 42, 43, 44, 45, 46, 47, 48, 49, 50, 51, 52, 53, 54, 55, 56, 57, 58, 59, 60, 61, 62, 63, 64, 65, 66, 67, 68, 69]","[0, 1, 2, 3, 4, 5, 6, 7, 8, 9, 10, 11, 12, 13, 14, 15, 16, 17, 18, 19, 20, 21, 22, 23, 24, 25, 26, 27, 28, 29, 30, 31, 32, 33, 34, 35, 36, 37, 38, 39, 40, 41, 42, 43, 44, 45, 46, 47, 48, 49, 50, 51, 52, 53, 54, 55, 56, 57, 58, 59, 60, 61, 62, 63, 64, 65, 66, 67, 68, 69]","[64, 65, 62, 61, 60, 63, 50, 42, 2, 43, 5, 3, 0, 48, 1, 49, 4, 44, 8, 7, 6, 12, 53, 52, 51, 10, 9, 45, 11, 46, 14, 13, 15, 16, 17, 47, 56, 20, 58, 22, 23, 21, 57, 55, 19, 18, 54, 34, 35, 33, 30, 31, 32, 40, 39, 41, 25, 37, 36, 38, 27, 28, 29, 26, 24, 59, 67, 66, 69, 68]","[64, 65, 62, 60, 42, 63, 61, 2, 5, 3, 0, 1, 4, 50, 49, 48, 11, 44, 8, 10, 7, 53, 52, 51, 9, 6, 15, 12, 46, 13, 16, 14, 17, 43, 20, 23, 22, 19, 21, 18, 54, 55, 47, 45, 56, 33, 25, 30, 31, 34, 32, 35, 40, 39, 41, 24, 26, 57, 27, 28, 29, 38, 36, 37, 58, 59, 66, 67, 68, 69]",301,301,20972,8412,NOT_IMPLEMENTED,NOT_IMPLEMENTED,NOT_IMPLEMENTED,NOT_IMPLEMENTED,NOT_IMPLEMENTED,NOT_IMPLEMENTED,NOT_IMPLEMENTED,356.0,6,59.33333333333333,-3631.5,,,,,0,2,0,16,,,,,,,,,,,,70,,,NOT_IMPLEMENTED,,true,32,"$PATTERN:0.SYS_CONSTRAINT.0.P_becomes_true_between_Q_and_R.state,$PATTERN:0.SYS_CONSTRAINT.0.P_becomes_true_between_Q_and_R.state',visitedFirstGoal,visitedFirstGoal',robotY,robotY',visitedThirdGoal,visitedThirdGoal',visitedSecondGoal,visitedSecondGoal',robotX,robotX'","goalsX[2],goalsX[2]',goalsY[1],goalsY[1]',redGoals[1],redGoals[1]',redGoals[0],redGoals[0]',goalsX[0],goalsX[0]',goalsY[2],goalsY[2]',redGoals[2],redGoals[2]',goalsY[0],goalsY[0]',movingObstacleX,movingObstacleX',goalsX[1],goalsX[1]'",0,,,,,,1,3,,,100906775347200,101330991615836160000,0,1753593608507014250496,19252888407008870400,345876451382054092800,CUDD,"Using BDD Package: CUDDFactory, Version: CUDD 3.0","import ""DwyerPatternsNew.spectra""",P_becomes_true_between_Q_and_R,1,0,false,false,[],[],,null
1670547281,FINAL,1670547281.spectra,0,WELL_SEPARATION,STRONG,"TEMP: false, SORT_AFTERWARDS: false, GROUP_OPTION: NO_GROUPING, INCREMENTAL_ADDITION: NO_INCREMENTAL, USE_RABIN: false, GROUP_AUX: GROUP_PAIR, STATIC_ORDER: REVERSE_CUTHILL, ROY_SIFT_MARKER: false, MAKE_LAST: false, MEMORYLESS: true, REORDER_METHOD: SIFT, NEW_PATTERN: true, INCREMENTAL_JUSTICES: INCREMENTAL_GRAPH, REDUCED_ALGORITHM: TRUE, PARALLEL: false, ORIGINAL: false, BUCHI_INTERSECTION: false, NEW_TRIGGER: true, PARTITIONED: SINGLE_FUNC, VERIFICATION: false, CREATE_GRAPH: false",1844,78,47,-1,171,2140,"[0, 1, 2, 3, 4, 5, 6, 7, 8, 9, 10, 11, 12, 13, 14, 15, 16, 17, 18, 19, 20, 21, 22, 23, 24, 25, 26, 27, 28, 29, 30, 31, 32, 33, 34, 35, 36, 37, 38, 39, 40, 41, 42, 43, 44, 45, 46, 47, 48, 49, 50, 51, 52, 53, 54, 55, 56, 57, 58, 59, 60, 61, 62, 63, 64, 65, 66, 67]","[64, 65, 62, 63, 60, 61, 57, 58, 59, 51, 52, 53, 66, 67, 39, 40, 41, 46, 44, 54, 55, 56, 48, 49, 50, 47, 45, 43, 36, 37, 38, 42, 32, 30, 31, 24, 25, 26, 18, 19, 20, 33, 34, 35, 27, 28, 29, 21, 22, 23, 12, 13, 14, 6, 7, 8, 0, 1, 2, 16, 17, 15, 9, 10, 11, 3, 4, 5]","[66, 67, 65, 64, 63, 62, 61, 60, 57, 58, 59, 51, 52, 39, 40, 41, 29, 53, 56, 54, 44, 26, 24, 27, 25, 28, 55, 46, 30, 42, 37, 36, 38, 33, 35, 32, 34, 23, 20, 18, 19, 22, 21, 31, 15, 47, 12, 48, 13, 16, 49, 14, 17, 3, 50, 43, 0, 4, 1, 5, 2, 9, 45, 6, 10, 7, 11, 8]","[66, 67, 65, 63, 61, 57, 58, 59, 51, 52, 64, 53, 62, 60, 56, 54, 41, 46, 39, 40, 29, 44, 42, 26, 24, 27, 25, 28, 55, 38, 36, 37, 30, 33, 35, 32, 34, 31, 23, 20, 22, 19, 21, 18, 50, 49, 48, 12, 47, 15, 16, 13, 43, 45, 14, 7, 3, 17, 1, 6, 4, 5, 2, 0, 8, 11, 9, 10]",287,285,3798,5800,NOT_IMPLEMENTED,NOT_IMPLEMENTED,NOT_IMPLEMENTED,NOT_IMPLEMENTED,NOT_IMPLEMENTED,NOT_IMPLEMENTED,NOT_IMPLEMENTED,161.0,4,40.25,-977.25,,,,,0,2,0,0,,,,,,,,,,,,68,,,NOT_IMPLEMENTED,,true,32,"$PATTERN:0.SYS_CONSTRAINT.0.P_becomes_true_between_Q_and_R.state,$PATTERN:0.SYS_CONSTRAINT.0.P_becomes_true_between_Q_and_R.state',visitedSecondGoal,visitedSecondGoal',robotX,robotX',visitedThirdGoal,visitedThirdGoal',robotY,robotY',visitedFirstGoal,visitedFirstGoal'","redGoals[0],redGoals[0]',goalsX[1],goalsX[1]',goalsY[2],goalsY[2]',redGoals[1],redGoals[1]',goalsY[0],goalsY[0]',goalsX[2],goalsX[2]',goalsX[0],goalsX[0]',redGoals[2],redGoals[2]',goalsY[1],goalsY[1]',movingObstacleX,movingObstacleX'",0,,,,,,1,3,,,25226693836800,45035996273704960000,0,438398402126753562624,4813222101752217600,115292150460684697600,CUDD,"Using BDD Package: CUDDFactory, Version: CUDD 3.0","import ""DwyerPatternsNewReduced.spectra""",P_becomes_true_between_Q_and_R,1,0,false,false,"[REMOVED_HOLE, REMOVED_JUSTICE, REMOVED_VAR]",[],,null
